93 93.357705 1.716808
0.97308499 0.18515882 -0.13719149 -0.42225602
-0.18982272 0.98158085 -0.02161232 0.68893111
0.13066286 0.04707281 0.99030918 -0.48815942
0.00000000 0.00000000 0.00000000 1.00000000
106 87.229094 2.601388
-0.93868542 0.09940653 0.33013156 -0.26536432
0.33789611 0.45553860 0.82359630 -1.41847908
-0.06851673 0.88464832 -0.46119595 3.07673097
0.00000000 0.00000000 0.00000000 1.00000000
197 88.230901 3.663777
0.38082221 0.62736195 -0.67925894 1.22766018
-0.55085087 0.74395293 0.37828282 -0.72317326
0.74265659 0.23011212 0.62889588 1.49241281
0.00000000 0.00000000 0.00000000 1.00000000
375 159.473301 2.909832
-0.64077717 -0.40574116 -0.65175033 1.86445308
-0.22279540 -0.71412557 0.66361636 -1.42438424
-0.73468816 0.57043743 0.36719787 1.45879555
0.00000000 0.00000000 0.00000000 1.00000000
512 4.666148 0.446165
0.10946643 0.20006517 -0.97364819 3.43206310
-0.40564322 0.90324712 0.13999301 -0.73084003
0.90745258 0.37962914 0.18003058 2.12150812
0.00000000 0.00000000 0.00000000 1.00000000
579 178.164583 5.068493
-0.99660021 -0.08119555 0.01395958 -0.79585385
0.06798407 -0.90619594 -0.41735685 2.52851486
0.04653766 -0.41498893 0.90863532 0.69672084
0.00000000 0.00000000 0.00000000 1.00000000
611 109.885645 1.059529
0.25356343 -0.40870935 0.87673420 -1.13139319
0.27128375 0.90002751 0.34110951 -0.30984938
-0.92849952 0.15135111 0.33909038 0.94749689
0.00000000 0.00000000 0.00000000 1.00000000
612 65.943758 0.452425
0.90255439 -0.13238746 0.40971869 0.21939385
0.02475931 0.96594334 0.25757194 -0.22162747
-0.42986387 -0.22232769 0.87509310 0.17636871
0.00000000 0.00000000 0.00000000 1.00000000
632 30.904085 1.406659
0.27008691 -0.12398413 0.95481938 -1.28001595
0.20713298 0.97593778 0.06813489 -0.17032519
-0.94029248 0.17937247 0.28926954 1.07373357
0.00000000 0.00000000 0.00000000 1.00000000
665 86.013842 2.022753
0.99716985 0.05265873 0.05366708 -0.18685788
-0.06707408 0.94555318 0.31848246 0.04623663
-0.03397399 -0.32118049 0.94640911 0.64881492
0.00000000 0.00000000 0.00000000 1.00000000
670 177.859540 3.159621
-0.33182752 0.07443240 0.94039851 -2.09943700
0.01305944 -0.99642420 0.08347524 0.26742387
0.94324857 0.03998059 0.32966924 1.95727348
0.00000000 0.00000000 0.00000000 1.00000000
671 178.703663 1.248746
-0.15843260 -0.12403195 -0.97954893 2.79798126
0.21649757 -0.97230053 0.08809759 -0.08183601
-0.96334350 -0.19811200 0.18089630 2.46277404
0.00000000 0.00000000 0.00000000 1.00000000
717 162.299456 1.521490
-0.99415004 0.10788898 0.00495932 -0.14750603
0.07836419 0.75216883 -0.65429366 0.51099557
-0.07432139 -0.65007794 -0.75622314 1.28100300
0.00000000 0.00000000 0.00000000 1.00000000
719 19.287560 0.061463
0.95597816 0.22911370 0.18333529 0.35731292
-0.25603288 0.95652157 0.13968685 -0.36109820
-0.14336090 -0.18047854 0.97307479 1.80642974
0.00000000 0.00000000 0.00000000 1.00000000
722 16.399199 0.205965
0.99347490 -0.11030945 -0.02897553 0.28169313
0.11355923 0.98030627 0.16156620 0.30580184
0.01058275 -0.16380203 0.98643637 2.55008769
0.00000000 0.00000000 0.00000000 1.00000000
724 164.589120 1.246560
-0.11075343 0.57441926 -0.81103373 0.66650379
0.77377421 -0.46228915 -0.43308482 -0.70665812
-0.62370485 -0.67552286 -0.39327011 2.66501737
0.00000000 0.00000000 0.00000000 1.00000000
726 150.782989 0.693654
-0.98829484 -0.15224731 0.00969627 0.24759479
0.05486594 -0.29541081 0.95379412 -0.22256243
-0.14234811 0.94316167 0.30030662 2.46647930
0.00000000 0.00000000 0.00000000 1.00000000
727 179.778385 0.912845
-0.82208753 0.21615933 0.52673310 0.15106148
0.09810850 -0.85751140 0.50502390 -0.02455419
0.56084526 0.46685082 0.68374193 2.72306943
0.00000000 0.00000000 0.00000000 1.00000000
728 126.169225 0.268775
-0.63033402 -0.76833987 -0.11105552 0.14550889
0.70616043 -0.62689757 0.32914495 0.18970944
-0.32251534 0.12904811 0.93772626 2.59921861
0.00000000 0.00000000 0.00000000 1.00000000
739 92.840623 1.745501
-0.13719565 0.66019940 -0.73845375 -0.20990926
0.06201798 0.74976635 0.65879101 -1.38391542
0.98860037 0.04458621 -0.14380893 2.86339092
0.00000000 0.00000000 0.00000000 1.00000000
740 162.878308 0.715064
-0.39733657 0.91721976 -0.02882451 0.03649043
-0.09494503 -0.07233176 -0.99285060 0.69847667
-0.91274798 -0.39175922 0.11582524 2.94346333
0.00000000 0.00000000 0.00000000 1.00000000
752 148.755200 5.134686
-0.63186485 0.06845269 0.77205020 -1.00154328
0.57646102 0.70735544 0.40907317 -1.89990020
-0.51811224 0.70353544 -0.48641312 3.50735188
0.00000000 0.00000000 0.00000000 1.00000000
753 102.459149 4.694298
-0.85389256 -0.25848019 -0.45172334 3.50939608
-0.27468294 0.96104473 -0.03068446 -0.50032419
0.44205803 0.09787980 -0.89162982 5.09241867
0.00000000 0.00000000 0.00000000 1.00000000
754 56.394807 2.641086
0.98731524 -0.15821771 0.01327103 -0.55601221
0.14295979 0.92223608 0.35922492 -1.00819063
-0.06907465 -0.35277092 0.93315637 0.54907441
0.00000000 0.00000000 0.00000000 1.00000000
755 137.102418 5.478912
-0.44570562 0.04675057 0.89395767 -1.46770656
0.27567413 0.95727104 0.08738344 0.09217024
-0.85167480 0.28538868 -0.43954921 4.52212238
0.00000000 0.00000000 0.00000000 1.00000000
756 148.215649 6.036526
-0.61077929 0.18377313 0.77017879 -1.06315339
0.61281347 0.72566938 0.31283051 -2.09290767
-0.50140572 0.66304654 -0.55584246 4.62708855
0.00000000 0.00000000 0.00000000 1.00000000
757 115.699347 5.353615
-0.78111428 0.35134774 -0.51615417 2.88263178
-0.20694420 0.63425291 0.74491394 -3.66750121
0.58909613 0.68867803 -0.42271465 3.37672353
0.00000000 0.00000000 0.00000000 1.00000000
758 159.875984 5.933001
-0.60559881 0.26502365 0.75034177 -1.25218832
0.77292788 0.42019621 0.47541401 -3.08389568
-0.18929425 0.86786991 -0.45931458 3.20304751
0.00000000 0.00000000 0.00000000 1.00000000
759 140.310499 4.211574
0.10563627 -0.01336615 0.99431497 -2.32203579
0.62147057 0.78146815 -0.05552034 -0.26460266
-0.77628320 0.62380260 0.09085789 1.22028100
0.00000000 0.00000000 0.00000000 1.00000000
774 1.236381 0.521843
0.99707860 0.06027216 -0.04692608 0.86360276
-0.07218859 0.94434696 -0.32093206 0.24934593
0.02497125 0.32338196 0.94593912 -0.89172447
0.00000000 0.00000000 0.00000000 1.00000000
777 6.659145 1.075549
0.79269779 0.10237934 -0.60095632 1.23471522
-0.20967898 0.97144008 -0.11108458 0.12140456
0.57241964 0.21406455 0.79152536 -0.67207456
0.00000000 0.00000000 0.00000000 1.00000000
778 9.544890 0.349823
0.79888660 0.23913069 -0.55190295 0.15363190
-0.23459738 0.96878093 0.08017498 0.08438857
0.55384547 0.06542436 0.83004528 -0.21984363
0.00000000 0.00000000 0.00000000 1.00000000
779 1.521614 0.399394
0.92594904 0.22703129 -0.30178705 0.51946265
-0.19778110 0.97229338 0.12461056 0.16553581
0.32171607 -0.05569531 0.94519669 -0.39776671
0.00000000 0.00000000 0.00000000 1.00000000
780 178.378216 4.564489
-0.79796624 -0.40543401 0.44595268 -0.88070571
0.18221197 0.54301274 0.81971675 -1.83317471
-0.57449931 0.73536384 -0.35943118 2.76398706
0.00000000 0.00000000 0.00000000 1.00000000
781 178.255101 3.634284
-0.96558869 -0.19367979 0.17357224 -0.26734844
0.02581546 0.59271914 0.80499601 -1.61787796
-0.25879049 0.78177559 -0.56732321 2.54651308
0.00000000 0.00000000 0.00000000 1.00000000
816 9.814940 0.555746
0.75221276 0.23201267 -0.61672080 0.60581702
-0.19345762 0.97247237 0.12988800 -0.11604366
0.62987959 0.02160569 0.77639067 -0.18676400
0.00000000 0.00000000 0.00000000 1.00000000
858 2.367611 0.616721
0.99529445 0.09598392 0.01324776 1.20532763
-0.09344649 0.98701465 -0.13064902 0.18580914
-0.02561606 0.12879622 0.99133945 0.14082193
0.00000000 0.00000000 0.00000000 1.00000000
859 180.000000 4.348693
-0.90601945 -0.14836472 0.39638066 -0.76571918
0.14108405 0.77710843 0.61335063 -1.06371403
-0.39903030 0.61163038 -0.68314356 3.46951962
0.00000000 0.00000000 0.00000000 1.00000000
862 179.492359 4.661833
-0.85899651 0.12751290 -0.49584982 0.56856298
-0.20660561 0.79979742 0.56359470 -1.21407187
0.46844435 0.58657098 -0.66067857 3.62905359
0.00000000 0.00000000 0.00000000 1.00000000
864 179.699334 2.393144
-0.53200823 0.33215743 -0.77887034 1.78660071
-0.01601404 -0.92362905 -0.38295305 0.21219948
-0.84658813 -0.19126119 0.49669740 0.25978208
0.00000000 0.00000000 0.00000000 1.00000000
865 179.241915 4.094007
-0.62760222 -0.36839050 0.68585998 -2.42548013
-0.10622802 0.91324455 0.39331901 0.07832342
-0.77125287 0.17399031 -0.61228782 3.75817347
0.00000000 0.00000000 0.00000000 1.00000000
866 4.282400 0.397993
0.93535328 0.18713978 -0.30015463 1.55825877
-0.13456114 0.97303504 0.18734151 0.15486473
0.32711974 -0.13484144 0.93531328 0.95010269
0.00000000 0.00000000 0.00000000 1.00000000
869 180.000000 3.113228
-0.38720429 -0.18733650 0.90276170 -1.46587908
0.57627296 0.71514511 0.39557257 -0.78519934
-0.71971071 0.67340386 -0.16895109 1.76580453
0.00000000 0.00000000 0.00000000 1.00000000
984 86.554258 0.548477
0.84413183 -0.24734581 0.47566885 -0.60736394
0.34644341 0.92875779 -0.13185552 0.14745052
-0.40916744 0.27609569 0.86968553 -0.18674326
0.00000000 0.00000000 0.00000000 1.00000000
994 34.174944 1.960727
0.36096650 -0.70007849 0.61611140 -0.75074428
0.24378479 0.70851660 0.66224921 -0.23194999
-0.90015137 -0.08885127 0.42641920 1.21524608
0.00000000 0.00000000 0.00000000 1.00000000
999 33.734047 1.761330
0.72735262 -0.53108227 0.43464237 -0.92120123
0.26348191 0.80091161 0.53769815 -0.01275516
-0.63367021 -0.27657503 0.72247404 0.43458760
0.00000000 0.00000000 0.00000000 1.00000000
1109 15.495811 0.962775
-0.39658073 0.42504525 -0.81367111 0.81316054
-0.10654472 0.85905081 0.50068021 -1.54214263
0.91179705 0.28525230 -0.29539713 4.00276518
0.00000000 0.00000000 0.00000000 1.00000000
1115 178.925801 4.937552
-0.93799120 -0.18674776 0.29205897 -0.27851817
-0.18553340 -0.44123742 -0.87800217 2.94413662
0.29283193 -0.87774509 0.37922791 1.07747078
0.00000000 0.00000000 0.00000000 1.00000000
1116 179.181473 4.275193
-0.82132512 -0.26400360 0.50569522 -0.65648133
-0.26364508 -0.61044765 -0.74689013 1.84109950
0.50588214 -0.74676353 0.43177271 0.50977015
0.00000000 0.00000000 0.00000000 1.00000000
1117 179.854630 4.539619
0.95579541 0.17746562 -0.23444714 1.67594790
-0.22534420 0.95429337 -0.19632897 -0.11045745
0.18888909 0.24048162 0.95209777 -0.41852546
0.00000000 0.00000000 0.00000000 1.00000000
1172 179.514222 3.263784
-0.45675650 0.67908698 -0.57464260 0.81445682
-0.17633596 0.56403017 0.80670649 -1.41356039
0.87193954 0.46979865 -0.13787675 2.64349008
0.00000000 0.00000000 0.00000000 1.00000000
1185 78.908191 0.793509
-0.02828544 0.99668515 -0.07627688 -0.65139472
-0.97557718 -0.01089751 0.21938799 0.20125136
0.21782985 0.08061884 0.97265130 -0.16178000
0.00000000 0.00000000 0.00000000 1.00000000
1190 179.651415 3.141079
-0.75805825 0.26453298 -0.59612936 1.29095542
-0.09339316 0.86059618 0.50065255 -1.13976014
0.64546490 0.43519852 -0.62767643 2.30115557
0.00000000 0.00000000 0.00000000 1.00000000
1191 97.226125 0.489683
0.20690253 -0.97655714 0.05940136 -0.01158662
0.62499416 0.08521771 -0.77596468 0.53802240
0.75271142 0.19767439 0.62797368 0.12069654
0.00000000 0.00000000 0.00000000 1.00000000
1195 16.520499 0.529550
0.57864058 0.47425964 -0.66351593 0.41805759
0.00030565 0.81342173 0.58167470 -0.03863341
0.81558317 -0.33678335 0.47053346 0.71996677
0.00000000 0.00000000 0.00000000 1.00000000
1235 178.994585 3.016396
-0.03397956 0.85175878 -0.52283263 1.13017094
-0.55208451 0.42007625 0.72023702 -1.70886075
0.83309734 0.31312120 0.45596692 1.77778172
0.00000000 0.00000000 0.00000000 1.00000000
1237 179.942325 2.690209
-0.64968610 0.48957783 -0.58156794 0.74776399
-0.39678860 0.43415388 0.80874515 -1.80517507
0.64843404 0.75619006 -0.08780456 1.69365907
0.00000000 0.00000000 0.00000000 1.00000000
1238 179.229117 2.691502
-0.51219875 0.43333519 -0.74153495 1.21044147
-0.04851027 0.84741288 0.52871501 -0.28093940
0.85749662 0.30677944 -0.41302279 2.41013288
0.00000000 0.00000000 0.00000000 1.00000000
1239 114.048334 1.665831
0.16956875 -0.51151431 -0.84237748 -0.86496437
0.98533887 0.10433245 0.13499293 0.58593059
0.01883645 -0.85291719 0.52170646 1.55182159
0.00000000 0.00000000 0.00000000 1.00000000
1241 178.411192 1.436862
0.69826311 0.15262125 -0.69938135 0.43659937
0.08951742 -0.98795497 -0.12622131 0.96627408
-0.71022141 0.02552925 -0.70351464 0.88604581
0.00000000 0.00000000 0.00000000 1.00000000
1260 7.488442 0.321229
0.98506141 -0.05370061 -0.16361645 -0.70466232
0.03306395 0.99143672 -0.12633464 0.14193577
0.16899954 0.11903748 0.97840166 -0.46910882
0.00000000 0.00000000 0.00000000 1.00000000
1261 85.843484 2.150595
0.50418133 -0.11687726 0.85565311 -1.39985669
0.04849564 0.99306834 0.10707277 0.24138385
-0.86223519 -0.01248807 0.50635493 1.68089664
0.00000000 0.00000000 0.00000000 1.00000000
1300 83.169334 3.001412
-0.75679469 0.15229928 -0.63566202 0.78063101
-0.05822347 0.95290470 0.29762673 -0.37010646
0.65105385 0.26225290 -0.71228647 3.40448213
0.00000000 0.00000000 0.00000000 1.00000000
1301 178.846482 1.915772
-0.80305326 0.13578126 -0.58023208 1.30221725
0.07196327 -0.94447118 -0.32061589 1.37146366
-0.59154618 -0.29922664 0.74869007 1.31258011
0.00000000 0.00000000 0.00000000 1.00000000
1313 178.049263 4.094907
-0.81984740 0.22564514 -0.52624732 -0.28804660
-0.57099044 -0.39069808 0.72202867 -2.65010810
-0.04268128 0.89243448 0.44915381 0.29619777
0.00000000 0.00000000 0.00000000 1.00000000
1315 7.836716 0.428034
0.85663176 -0.01905838 0.51557392 0.08247608
0.12951550 0.97525907 -0.17914267 -0.44321954
-0.49940556 0.22023505 0.83790821 -0.15454626
0.00000000 0.00000000 0.00000000 1.00000000
1316 177.918176 2.020886
-0.91650581 -0.02672753 0.39912593 -2.03723240
-0.17340252 -0.87260139 -0.45661575 1.76377523
0.36048195 -0.48770037 0.79511052 0.92751741
0.00000000 0.00000000 0.00000000 1.00000000
1348 2.632696 2.093747
0.99555135 -0.08261608 0.04530495 -0.81754875
0.07984126 0.99500203 0.05997521 0.13440433
-0.05003330 -0.05609140 0.99717176 -0.01547551
0.00000000 0.00000000 0.00000000 1.00000000
1352 14.293282 1.528340
0.97327572 -0.08318034 0.21404499 -0.71205527
0.12970807 0.96829414 -0.21350193 0.73304218
-0.18949929 0.23555975 0.95320618 0.02625275
0.00000000 0.00000000 0.00000000 1.00000000
1380 2.070370 0.772070
0.87090564 0.16817340 -0.46178210 -0.73915696
-0.15462884 0.98567539 0.06734148 0.44592232
0.46649301 0.01275706 0.88443393 -1.16005373
0.00000000 0.00000000 0.00000000 1.00000000
1393 2.413948 1.053452
0.50691891 -0.31931922 0.80066717 -2.79743910
0.21197067 0.94651085 0.24328035 -0.29196769
-0.83552504 0.04639459 0.54749042 1.33420408
0.00000000 0.00000000 0.00000000 1.00000000
1397 5.470240 0.967700
-0.38671646 -0.31575909 0.86645603 -3.04672527
0.46191844 0.74687243 0.47834304 -0.66724038
-0.79817367 0.58521545 -0.14297286 2.27338433
0.00000000 0.00000000 0.00000000 1.00000000
1398 6.690231 0.357012
-0.31722382 -0.34859568 0.88195777 -3.47338796
0.34078974 0.82596827 0.44904134 -0.58768249
-0.88500309 0.44300878 -0.14321950 2.34377789
0.00000000 0.00000000 0.00000000 1.00000000
1430 179.797291 2.843967
-0.69405395 -0.32792452 0.64090192 -0.57279420
-0.34404054 -0.63092536 -0.69539249 2.44833446
0.63239700 -0.70313609 0.32507628 1.47141349
0.00000000 0.00000000 0.00000000 1.00000000
1431 3.171879 0.763871
0.66594845 0.38618168 -0.63826084 0.43879360
-0.22763135 0.91996956 0.31912485 -0.24054524
0.71042067 -0.06723222 0.70055962 0.54535067
0.00000000 0.00000000 0.00000000 1.00000000
1436 172.098964 3.321453
-0.99314553 0.02616143 0.11391809 -1.14657593
0.11596525 0.34248999 0.93233728 -2.72220349
-0.01462388 0.93915749 -0.34317592 2.92843413
0.00000000 0.00000000 0.00000000 1.00000000
1438 134.370635 7.199826
-0.03783422 0.83614612 0.54720074 -2.60660696
0.92844874 -0.17308305 0.32867283 -2.31940079
0.36952972 0.52048296 -0.76977068 5.07885361
0.00000000 0.00000000 0.00000000 1.00000000
1443 105.977090 2.426279
0.48336774 0.66723222 -0.56670672 0.93100607
-0.24498704 0.72459233 0.64416385 -1.04516101
0.84043860 -0.17253259 0.51370764 0.07635915
0.00000000 0.00000000 0.00000000 1.00000000
1444 104.867172 2.804203
0.48189747 0.29721570 -0.82427979 1.49870491
-0.59242737 0.80363441 -0.05657843 0.39491856
0.64560366 0.51559114 0.56334800 1.10994887
0.00000000 0.00000000 0.00000000 1.00000000
1445 178.629835 3.213282
-0.84283072 -0.20084091 0.49929890 -0.89918721
-0.25442213 -0.66884363 -0.69851118 2.31292534
0.47424260 -0.71575946 0.51262331 1.75728834
0.00000000 0.00000000 0.00000000 1.00000000
1446 112.832201 3.005559
0.09891997 0.27476537 -0.95641029 2.56504440
-0.61578047 0.77190101 0.15807024 -1.13754702
0.78168410 0.57330185 0.24555179 1.00042379
0.00000000 0.00000000 0.00000000 1.00000000
1451 179.567267 3.053491
-0.82891256 -0.29935747 0.47253439 -0.76089281
-0.13079840 -0.71760458 -0.68405753 2.49624324
0.54387087 -0.62883091 0.55567634 1.87837219
0.00000000 0.00000000 0.00000000 1.00000000
1452 1.836110 0.674648
0.72956753 -0.13903207 0.66962862 -0.41478527
-0.04339994 0.96773309 0.24821208 0.14429638
-0.68253112 -0.21014921 0.69999224 0.90590000
0.00000000 0.00000000 0.00000000 1.00000000
1453 1.533401 0.714031
0.75260311 -0.24919708 0.60949826 -0.14779532
0.17628938 0.96808732 0.17812644 -0.19948615
-0.63443619 -0.02661051 0.77251655 0.86685300
0.00000000 0.00000000 0.00000000 1.00000000
1454 88.200731 0.299089
0.51170635 0.42201191 -0.74837267 0.52552491
-0.45459872 0.87212080 0.18095839 -0.32179442
0.72903788 0.24761105 0.63811582 0.32371426
0.00000000 0.00000000 0.00000000 1.00000000
1477 6.829150 0.398348
0.92753756 0.16566193 -0.33500612 -0.06100900
-0.19045103 0.98078430 -0.04230276 -0.02788836
0.32156119 0.10304025 0.94126511 -1.09459543
0.00000000 0.00000000 0.00000000 1.00000000
1496 175.037912 5.206337
0.00821009 0.55727839 -0.83028471 2.87250423
-0.47985190 0.73066312 0.48566824 -1.72120118
0.87731147 0.39442611 0.27341011 2.78519440
0.00000000 0.00000000 0.00000000 1.00000000
1505 7.526082 0.355782
0.98225254 0.07184590 -0.17325866 -0.56205243
-0.07312842 0.99732274 -0.00102258 0.27076519
0.17272125 0.01367518 0.98487639 -0.64911628
0.00000000 0.00000000 0.00000000 1.00000000
1523 24.986271 1.039787
0.96652550 0.12382066 0.22471480 -0.60540694
-0.09023076 0.98393190 -0.15406632 0.12106656
-0.24018067 0.12863290 0.96216774 -0.59288859
0.00000000 0.00000000 0.00000000 1.00000000
1524 6.108044 0.706582
0.95502114 0.17667189 0.23816270 -0.63751996
-0.14997879 0.98062319 -0.12602949 0.46791947
-0.25581405 0.08464116 0.96301293 -1.33732903
0.00000000 0.00000000 0.00000000 1.00000000
1525 27.268824 1.071077
0.80687028 0.46176529 -0.36841741 -0.19172102
-0.43022889 0.88672900 0.16915986 -0.29531294
0.40479937 0.02201372 0.91414028 -0.19753242
0.00000000 0.00000000 0.00000000 1.00000000
1546 178.307594 4.969152
-0.96175164 -0.04853405 -0.26958942 0.93286359
0.03850863 -0.99836040 0.04235595 1.98456156
-0.27120313 0.03035438 0.96204329 0.16401553
0.00000000 0.00000000 0.00000000 1.00000000
1547 174.523333 5.604189
0.67231005 0.20311110 -0.71186030 3.61711502
-0.14321160 0.97914279 0.14411826 -1.05831194
0.72628492 0.00505443 0.68737543 2.03071785
0.00000000 0.00000000 0.00000000 1.00000000
1549 8.288066 0.432530
0.96058953 -0.05785105 0.27188656 -1.09868920
0.11610907 0.97219563 -0.20336065 -0.02715710
-0.25256243 0.22691485 0.94059676 -0.08715320
0.00000000 0.00000000 0.00000000 1.00000000
1550 6.908931 0.394643
0.97629517 -0.03375590 0.21379617 -1.29540682
0.07381940 0.98047036 -0.18229447 0.07819429
-0.20346679 0.19375563 0.95971888 -0.61611748
0.00000000 0.00000000 0.00000000 1.00000000
1551 163.457867 6.913728
-0.73993260 0.05458931 -0.67046303 -0.18305480
-0.06101469 0.98714644 0.14771047 -0.89346427
0.66990924 0.15020363 -0.72709084 5.40137863
0.00000000 0.00000000 0.00000000 1.00000000
1552 16.118061 0.551525
0.32928336 0.02292617 0.94395310 -3.58172393
-0.00585976 0.99973631 -0.02223673 0.16442335
-0.94421321 0.00179014 0.32933068 1.21339250
0.00000000 0.00000000 0.00000000 1.00000000
1553 9.968965 0.517278
-0.43363199 -0.00739488 0.90106034 -2.27378130
0.06445192 0.99715084 0.03920113 -0.17795104
-0.89878261 0.07507356 -0.43192017 3.50866890
0.00000000 0.00000000 0.00000000 1.00000000
1561 17.547311 0.687410
0.99081624 0.04184457 -0.12857628 0.15870599
-0.04730821 0.99808884 -0.03973623 -0.04880798
0.12666774 0.04545422 0.99090320 -0.33113146
0.00000000 0.00000000 0.00000000 1.00000000
1571 180.000000 5.575420
-0.71384001 0.21069711 -0.66786200 1.65558052
0.01322922 0.95755458 0.28794944 -0.91146684
0.70018435 0.19671454 -0.68632817 5.55935192
0.00000000 0.00000000 0.00000000 1.00000000
1578 11.390549 0.398586
0.98057544 0.00255257 0.19613004 -0.03621945
0.02403793 0.99081540 -0.13307458 0.04472619
-0.19466819 0.13520359 0.97150618 -0.35637808
0.00000000 0.00000000 0.00000000 1.00000000
1579 23.519237 0.928995
0.99141538 0.05377863 -0.11918259 0.44713083
-0.05371820 0.99854916 0.00372404 0.00031286
0.11920981 0.00271049 0.99286526 -0.17329979
0.00000000 0.00000000 0.00000000 1.00000000
1580 32.115828 1.213144
0.99651682 0.03084404 -0.07748093 0.17297351
-0.03186829 0.99941969 -0.01200935 0.06805097
0.07706590 0.01443693 0.99692166 -0.14327621
0.00000000 0.00000000 0.00000000 1.00000000
1582 27.645762 0.762312
0.99540329 0.01919353 -0.09383000 0.22097246
-0.02084135 0.99964452 -0.01661399 0.04363108
0.09347776 0.01849331 0.99544966 -0.04690731
0.00000000 0.00000000 0.00000000 1.00000000
1584 179.286047 5.113036
0.65265238 -0.27219620 0.70707440 -1.66787434
-0.22648790 -0.96065652 -0.16075943 1.45859611
0.72301334 -0.05522401 -0.68862349 4.15767813
0.00000000 0.00000000 0.00000000 1.00000000
1586 171.232752 7.243488
-0.90410256 0.08372211 0.41903499 -1.54286838
0.11462142 0.99219614 0.04906633 -0.74513590
-0.41165721 0.09239125 -0.90664315 6.68695545
0.00000000 0.00000000 0.00000000 1.00000000
1622 14.628097 0.562030
0.99627304 0.02708669 0.08188321 -0.19547403
-0.02124755 0.99722475 -0.07135631 -0.02233374
-0.08358842 0.06935051 0.99408418 -0.22439384
0.00000000 0.00000000 0.00000000 1.00000000
