Total: 1623
Successful: 1516
Recall(%%): 93.407
Avg_RRE_of_correct: 2.016616
Avg_RTE_of_correct: 0.064399
Total_time_seconds: 335.352
