0 5.796638 0.328443
0.92556453 -0.11210608 0.36161041 0.64667076
0.14960384 0.98571754 -0.07733083 0.10811436
-0.34777620 0.12567320 0.92911720 -0.48477101
0.00000000 0.00000000 0.00000000 1.00000000
1 2.726634 0.135210
0.93580997 0.06661305 -0.34615430 -0.36835259
-0.11799063 0.98453158 -0.12952223 -0.31117618
0.33217216 0.16205090 0.92919385 0.02233553
0.00000000 0.00000000 0.00000000 1.00000000
2 3.800760 0.197990
0.94678938 -0.10930756 -0.30272192 -0.60593414
0.08024368 0.99102926 -0.10687315 -0.31588918
0.31168845 0.07689475 0.94706762 0.13794565
0.00000000 0.00000000 0.00000000 1.00000000
3 4.830429 0.167931
0.95985210 0.05403773 -0.27524987 -0.63251787
-0.03696977 0.99707896 0.06682709 -0.36312690
0.27805701 -0.05396888 0.95904696 0.48806500
0.00000000 0.00000000 0.00000000 1.00000000
4 3.704965 0.113827
0.89940083 -0.21018165 -0.38327807 -1.05512094
0.21859661 0.97556663 -0.02202241 -0.21092048
0.37854224 -0.06397647 0.92337042 0.34995067
0.00000000 0.00000000 0.00000000 1.00000000
5 2.546067 0.054591
0.91578996 0.14327082 -0.37523586 -0.38812837
-0.08169428 0.98113239 0.17523006 -0.08270078
0.39326161 -0.12981921 0.91021574 0.30132604
0.00000000 0.00000000 0.00000000 1.00000000
6 4.019903 0.135471
0.90519738 0.09442227 -0.41436991 -0.57935870
-0.06836082 0.99465984 0.07731724 -0.18894666
0.41945779 -0.04166067 0.90681845 0.30093169
0.00000000 0.00000000 0.00000000 1.00000000
7 10.884555 0.340649
0.87596309 -0.07989486 -0.47571635 -0.75969350
0.08434951 0.99636364 -0.01201749 -0.32123673
0.47494635 -0.02960023 0.87951660 0.45710301
0.00000000 0.00000000 0.00000000 1.00000000
8 5.107375 0.069909
0.96227771 0.09076095 -0.25648957 -0.60049701
-0.03744441 0.97792733 0.20556557 -0.11347226
0.26948631 -0.18820617 0.94443470 0.52679622
0.00000000 0.00000000 0.00000000 1.00000000
9 8.261061 0.090113
0.96235472 0.08096045 -0.25945860 -0.85720217
-0.04110630 0.98697883 0.15550694 -0.31104094
0.26867008 -0.13898793 0.95315182 0.50936818
0.00000000 0.00000000 0.00000000 1.00000000
10 6.630813 0.109912
0.98455656 0.01552214 -0.17437747 -1.31084204
0.00391069 0.99386191 0.11054853 -0.40253657
0.17502341 -0.10952449 0.97845310 0.69582999
0.00000000 0.00000000 0.00000000 1.00000000
11 95.803167 1.171431
0.61094975 0.33868480 -0.71556604 1.58103824
-0.35191932 0.92584080 0.13774100 -0.52911490
0.70914996 0.16766757 0.68483198 1.03115463
0.00000000 0.00000000 0.00000000 1.00000000
12 3.736750 0.045204
0.69272530 -0.53238082 0.48652041 0.38812339
0.43324104 0.84649754 0.30942562 -0.03497705
-0.57657051 -0.00356617 0.81703943 0.33117008
0.00000000 0.00000000 0.00000000 1.00000000
13 6.357798 0.194317
0.97112411 -0.22078376 -0.09040502 -1.38744450
0.22905736 0.96881330 0.09451535 -0.66018689
0.06671828 -0.11249414 0.99140984 0.51123333
0.00000000 0.00000000 0.00000000 1.00000000
14 3.500621 0.073961
0.92473537 -0.37609407 -0.05846566 -1.44219232
0.37908196 0.89633530 0.22995755 -0.50599909
-0.03408095 -0.23481229 0.97144294 0.63528764
0.00000000 0.00000000 0.00000000 1.00000000
15 90.375965 1.748392
0.76165169 0.13356233 -0.63407290 0.37379813
-0.09683134 0.99099928 0.09243172 0.32074031
0.64071131 -0.00900281 0.76772892 -0.42903280
0.00000000 0.00000000 0.00000000 1.00000000
16 3.458419 0.059145
0.74608546 -0.33490407 0.57549584 -0.61649990
0.27665478 0.94208431 0.18957588 -0.22395369
-0.60565549 0.01777369 0.79552817 0.57943571
0.00000000 0.00000000 0.00000000 1.00000000
17 4.277641 0.052476
0.66228998 -0.38673741 0.64172208 -0.23208046
0.35282987 0.91655928 0.18823299 -0.19430131
-0.66097188 0.10175383 0.74347979 0.34210026
0.00000000 0.00000000 0.00000000 1.00000000
18 3.532137 2.153425
0.65382999 -0.31273893 0.68898565 -1.90106463
0.30705523 0.94190258 0.13615327 0.03091116
-0.69153768 0.12253533 0.71187216 0.38887954
0.00000000 0.00000000 0.00000000 1.00000000
19 3.945956 0.057942
0.76064825 -0.49510658 0.41986197 -0.04550707
0.39338309 0.86604428 0.30857274 -0.09387369
-0.51639551 -0.06954885 0.85352135 0.46483123
0.00000000 0.00000000 0.00000000 1.00000000
20 96.515517 1.586490
0.89045423 0.01682521 -0.45476121 0.78313333
-0.04339971 0.99790108 -0.04805860 0.14050466
0.45299831 0.06253016 0.88931531 -0.28577876
0.00000000 0.00000000 0.00000000 1.00000000
21 2.939582 0.075098
0.47525409 -0.27762356 0.83490026 -0.62692058
0.31454757 0.93981278 0.13345841 -0.24288307
-0.82170099 0.19918889 0.53397596 0.48200500
0.00000000 0.00000000 0.00000000 1.00000000
22 6.231462 1.911195
0.42264503 -0.32079265 0.84762192 -1.67568159
0.40798068 0.90248150 0.13812658 -0.08675779
-0.80927324 0.28743458 0.51230657 0.02127349
0.00000000 0.00000000 0.00000000 1.00000000
23 1.988988 0.094753
0.51427972 -0.43122074 0.74132681 -0.07299459
0.34612250 0.89523458 0.28063169 -0.10896003
-0.78467578 0.11226681 0.60965621 0.38837290
0.00000000 0.00000000 0.00000000 1.00000000
24 2.033362 0.035748
0.58524132 -0.43480676 0.68442309 -0.03887653
0.44933897 0.87652415 0.17262301 -0.49139211
-0.67497128 0.20651096 0.70835423 0.65121961
0.00000000 0.00000000 0.00000000 1.00000000
25 2.039513 0.029191
0.60345477 -0.24312341 0.75942975 -0.24237773
0.32183173 0.94562948 0.04700036 -0.09879552
-0.72956622 0.21604633 0.64888942 0.01937795
0.00000000 0.00000000 0.00000000 1.00000000
26 91.019473 1.407983
0.85750324 0.24948385 -0.44994020 0.76358348
-0.24750641 0.96674746 0.06434289 0.32006139
0.45103109 0.05618891 0.89073813 -1.21019900
0.00000000 0.00000000 0.00000000 1.00000000
27 3.260387 0.141546
0.59171695 -0.18624297 0.78433675 0.09801561
0.34345776 0.93846786 -0.03626886 0.02888457
-0.72932005 0.29084811 0.61927384 -0.24980235
0.00000000 0.00000000 0.00000000 1.00000000
28 2.064691 0.016863
0.54311150 -0.45867583 0.70331055 0.14236784
0.47804964 0.85751820 0.19008470 -0.44229820
-0.69028848 0.23298034 0.68499792 0.52133644
0.00000000 0.00000000 0.00000000 1.00000000
29 100.160841 1.953231
0.48787931 0.47235018 -0.73407072 1.63537169
-0.68021762 0.73275280 0.01941386 -0.62869233
0.54706210 0.48985657 0.67879581 0.55942011
0.00000000 0.00000000 0.00000000 1.00000000
30 2.635519 0.049011
0.77730590 -0.43154979 0.45777771 0.29949269
0.47700506 0.87870717 0.01840925 -0.10870045
-0.41019720 0.20405182 0.88887596 0.15728080
0.00000000 0.00000000 0.00000000 1.00000000
31 4.026134 0.642758
0.58836043 -0.43611479 0.68090785 -0.22849190
0.46245015 0.87225771 0.15907735 0.06536832
-0.66330367 0.22129092 0.71488351 -0.06953371
0.00000000 0.00000000 0.00000000 1.00000000
32 2.091064 0.050075
0.83085096 -0.33576012 0.44379282 0.20422798
0.30010509 0.94191450 0.15077862 -0.20033917
-0.46864051 0.00791034 0.88335359 -0.44259167
0.00000000 0.00000000 0.00000000 1.00000000
33 2.531109 0.085407
0.88866204 -0.06928046 0.45329961 -0.27423018
0.04841843 0.99717164 0.05748314 0.09078303
-0.45599976 -0.02913481 0.88950306 -0.81913662
0.00000000 0.00000000 0.00000000 1.00000000
34 2.030472 0.017291
0.83298862 -0.14613926 0.53364414 -0.01535082
0.12393704 0.98926347 0.07744977 0.11212218
-0.53923410 0.00162485 0.84215516 -1.09319520
0.00000000 0.00000000 0.00000000 1.00000000
35 61.523786 1.972937
0.90919441 0.28241408 -0.30595466 1.46039486
-0.15031296 0.90788305 0.39134997 -1.11423159
0.38829362 -0.30982396 0.86789262 -0.52090883
0.00000000 0.00000000 0.00000000 1.00000000
36 7.102632 0.157355
0.80112106 -0.45207480 0.39221576 0.49181205
0.42160583 0.89140093 0.16629283 -0.08956951
-0.42479819 0.03213952 0.90471733 -0.57716227
0.00000000 0.00000000 0.00000000 1.00000000
37 2.418485 0.127023
0.91985410 -0.20187415 0.33632439 0.38284284
0.15157652 0.97373271 0.16990590 0.19613639
-0.36178958 -0.10531071 0.92629194 -0.89436555
0.00000000 0.00000000 0.00000000 1.00000000
38 9.561023 0.564733
0.52071655 -0.43138695 0.73672199 -0.87764239
0.24679074 0.90216362 0.35382882 -0.26058537
-0.81728089 -0.00242813 0.57623404 -0.23609829
0.00000000 0.00000000 0.00000000 1.00000000
39 3.322957 0.245990
0.70012963 -0.21728304 0.68015230 -0.36190593
0.14750881 0.97603905 0.15996642 -0.02874643
-0.69861317 -0.01166879 0.71540517 -0.64674830
0.00000000 0.00000000 0.00000000 1.00000000
40 6.982975 0.163046
0.89343309 -0.13643178 0.42797863 0.79923898
0.16282009 0.98632783 -0.02547178 0.25206906
-0.41865057 0.09244099 0.90343076 -1.13113177
0.00000000 0.00000000 0.00000000 1.00000000
41 6.355577 0.407499
0.71644020 -0.38176841 0.58392298 0.16533959
0.25254405 0.92214411 0.29303926 0.13077781
-0.65033394 -0.06247916 0.75707465 -0.67130613
0.00000000 0.00000000 0.00000000 1.00000000
42 3.808686 0.151012
0.82475430 -0.25061265 0.50692499 0.18241012
0.13440749 0.95762068 0.25474733 -0.13079232
-0.54928511 -0.14196943 0.82348686 -0.55995655
0.00000000 0.00000000 0.00000000 1.00000000
43 3.037058 0.138451
0.99236679 -0.00322916 0.12328166 1.20742261
-0.01411685 0.99011219 0.13956639 -0.25649735
-0.12251326 -0.14024141 0.98250890 -0.07810974
0.00000000 0.00000000 0.00000000 1.00000000
44 3.418332 0.861759
0.88694865 -0.06604120 0.45712048 0.02268177
-0.00186610 0.98920316 0.14653300 -0.23062131
-0.46186167 -0.13081977 0.87725049 -0.31410575
0.00000000 0.00000000 0.00000000 1.00000000
45 4.142930 0.092764
0.89935511 -0.16287701 0.40574953 0.39102423
0.15087932 0.98663026 0.06162620 -0.10679454
-0.41036218 0.00579667 0.91190499 0.41069674
0.00000000 0.00000000 0.00000000 1.00000000
46 21.485054 1.903298
0.51733959 -0.26584369 0.81344128 -1.25459313
0.06171831 0.95964086 0.27437150 -0.49933159
-0.85355151 -0.09173891 0.51286805 0.12677860
0.00000000 0.00000000 0.00000000 1.00000000
47 1.616163 0.037879
0.69778335 -0.36175877 0.61824590 0.07329381
0.25105256 0.93186438 0.26191688 -0.30891803
-0.67087269 -0.02754883 0.74106073 -0.38426685
0.00000000 0.00000000 0.00000000 1.00000000
48 4.767236 0.221109
0.65352714 -0.56202567 0.50698286 -0.46023583
0.40457928 0.82547760 0.39357764 -0.12846047
-0.63970500 -0.05209838 0.76685441 -0.39475584
0.00000000 0.00000000 0.00000000 1.00000000
49 20.321991 1.873015
0.79996264 -0.25716418 0.54215312 -0.48608083
0.20800367 0.96633196 0.15145372 -0.23198238
-0.56284815 -0.00838703 0.82651836 -0.05952549
0.00000000 0.00000000 0.00000000 1.00000000
50 2.206023 0.042188
0.95010406 -0.18653683 0.25001287 1.01675701
0.18507470 0.98228049 0.02956259 -0.16170925
-0.25109708 0.01818401 0.96779180 0.57315350
0.00000000 0.00000000 0.00000000 1.00000000
51 85.502005 1.375293
0.69267821 0.31012774 -0.65116549 0.67963779
-0.27745995 0.94793421 0.15631917 -0.76884091
0.66574174 0.07239333 0.74266201 0.86006570
0.00000000 0.00000000 0.00000000 1.00000000
52 3.188500 0.039310
0.75479400 -0.52454835 0.39387205 0.22197658
0.43366501 0.84954441 0.30034965 0.09192023
-0.49216002 -0.05589384 0.86870927 -0.41829586
0.00000000 0.00000000 0.00000000 1.00000000
53 2.351186 0.065927
0.93967366 -0.19715095 0.27954555 1.16423082
0.17252851 0.97880238 0.11036308 0.13381416
-0.29537806 -0.05547592 0.95376873 -0.42420769
0.00000000 0.00000000 0.00000000 1.00000000
54 3.429996 2.279978
0.96582353 0.04023528 0.25605762 -0.78235215
-0.05247849 0.99777317 0.04115912 -0.03762147
-0.25383136 -0.05319050 0.96578479 -0.43074346
0.00000000 0.00000000 0.00000000 1.00000000
55 3.043111 2.433545
0.97179705 0.22406526 -0.07352474 0.04079854
-0.23308483 0.95999503 -0.15518051 0.45565432
0.03581306 0.16794151 0.98514670 -0.94456017
0.00000000 0.00000000 0.00000000 1.00000000
56 2.440078 0.014156
0.97181064 0.10859428 -0.20926714 1.34887064
-0.11066003 0.99385715 0.00184903 -0.40481511
0.20818235 0.02136186 0.97785735 1.01811266
0.00000000 0.00000000 0.00000000 1.00000000
57 8.323716 1.950793
0.98359919 -0.17540415 0.04202348 0.22327542
0.17425998 0.98425686 0.02953174 0.39278084
-0.04654184 -0.02172431 0.99867994 -0.54885936
0.00000000 0.00000000 0.00000000 1.00000000
58 6.768512 0.190831
0.99760997 -0.06643873 0.01893391 1.92704606
0.06347024 0.98967528 0.12850524 -0.08971737
-0.02727585 -0.12699652 0.99152803 -0.07810974
0.00000000 0.00000000 0.00000000 1.00000000
59 94.582730 4.085271
-0.33732998 0.38393974 -0.85953355 1.48846686
-0.41518369 0.75877762 0.50187558 -1.98163640
0.84488463 0.52616215 -0.09655318 3.75646353
0.00000000 0.00000000 0.00000000 1.00000000
60 17.034255 2.889102
0.99011678 -0.07806273 -0.11650684 -0.63297176
0.06853252 0.99413294 -0.08368053 0.09602310
0.12235567 0.07486947 0.98965746 -0.02174425
0.00000000 0.00000000 0.00000000 1.00000000
61 94.306073 4.136021
-0.21998188 0.54067576 -0.81195998 1.95009637
-0.26991242 0.76611781 0.58327633 -1.56837559
0.93741965 0.34746784 -0.02259651 2.92620087
0.00000000 0.00000000 0.00000000 1.00000000
62 94.824154 3.221212
-0.27155405 0.42294049 -0.86451113 1.38079870
-0.45058739 0.73786622 0.50251770 -1.61791825
0.85042912 0.52599853 -0.00979894 2.50061131
0.00000000 0.00000000 0.00000000 1.00000000
63 2.274000 0.038108
0.43492097 0.38097671 -0.81590480 0.97871798
-0.33489949 0.90952814 0.24617299 -0.83942592
0.83587456 0.16618091 0.52316171 1.72796249
0.00000000 0.00000000 0.00000000 1.00000000
64 1.988988 0.018901
0.28830767 0.40901813 -0.86578423 0.38210273
-0.36053085 0.88400787 0.29757017 -0.70435590
0.88707131 0.22634976 0.40233034 1.45237672
0.00000000 0.00000000 0.00000000 1.00000000
65 5.611365 0.100887
0.39613843 0.34627992 -0.85039306 0.15332830
-0.29307216 0.92539978 0.24030107 -0.44696987
0.87016392 0.15403414 0.46806949 1.16156411
0.00000000 0.00000000 0.00000000 1.00000000
66 96.048286 4.235289
-0.01400191 0.35330448 -0.93540382 2.92995381
-0.24280670 0.90629399 0.34594414 -0.67912829
0.96997464 0.23196566 0.07309538 2.68914509
0.00000000 0.00000000 0.00000000 1.00000000
67 5.944485 0.153414
-0.24928290 0.46764714 -0.84803510 1.09860229
-0.32934001 0.78254974 0.52834564 -0.96411258
0.91071028 0.41099927 -0.04106128 1.87613857
0.00000000 0.00000000 0.00000000 1.00000000
68 95.793092 2.306291
0.99282557 -0.00409451 0.11950505 0.81088752
0.02763750 0.98020917 -0.19602701 0.47103333
-0.11633697 0.19792333 0.97328961 0.33083105
0.00000000 0.00000000 0.00000000 1.00000000
69 86.801917 4.768720
0.40327120 -0.55338347 0.72879303 -1.88100600
0.61723030 0.75246835 0.22982183 -0.61178541
-0.67557335 0.35715252 0.64501393 0.18795884
0.00000000 0.00000000 0.00000000 1.00000000
70 1.878886 0.037370
0.52117276 0.22570518 -0.82306510 0.98996806
-0.28020692 0.95618898 0.08478115 -0.76225424
0.80614102 0.18644267 0.56158352 1.02737677
0.00000000 0.00000000 0.00000000 1.00000000
71 2.779674 0.069997
-0.54596484 0.49648064 -0.67485458 1.01906252
-0.34946764 0.59712583 0.72201949 -1.25043988
0.76144242 0.63003665 -0.15250602 1.41487288
0.00000000 0.00000000 0.00000000 1.00000000
72 4.894089 0.169839
-0.55237949 0.42276549 -0.71843368 0.75145197
-0.24573714 0.74096799 0.62496471 -0.91349405
0.79654914 0.52176338 -0.30540642 1.85076332
0.00000000 0.00000000 0.00000000 1.00000000
73 2.641751 0.089109
-0.26471841 0.55635065 -0.78765374 0.93548024
-0.23715951 0.75414580 0.61238831 -1.04881823
0.93470836 0.34891018 -0.06769246 1.80167115
0.00000000 0.00000000 0.00000000 1.00000000
74 89.825157 2.889703
0.94763005 0.18880093 -0.25758967 -0.23211914
-0.19733959 0.98030758 -0.00746021 0.15879147
0.25110829 0.05790296 0.96622598 -0.09007096
0.00000000 0.00000000 0.00000000 1.00000000
75 3.514688 0.052645
0.55785972 0.39455563 -0.73014998 0.05059582
-0.36012655 0.90770692 0.21535406 -0.64577115
0.74773115 0.14280853 0.64846295 1.09061265
0.00000000 0.00000000 0.00000000 1.00000000
76 7.361167 0.251687
0.10044284 0.48678452 -0.86772829 1.55049181
-0.22382888 0.86083841 0.45701015 -0.70838350
0.96943915 0.14831945 0.19542119 1.33259177
0.00000000 0.00000000 0.00000000 1.00000000
77 4.094621 0.138165
0.05168280 0.40153009 -0.91438615 1.22338915
-0.25235543 0.89114594 0.37706098 -0.81181121
0.96625340 0.21126251 0.14738506 1.39801776
0.00000000 0.00000000 0.00000000 1.00000000
78 3.640671 0.067405
0.11044922 0.39623711 -0.91148049 0.93417054
-0.24700119 0.89926219 0.36099464 -0.91301531
0.96270025 0.18526512 0.19719367 1.49317706
0.00000000 0.00000000 0.00000000 1.00000000
79 98.717399 1.992866
0.91494334 -0.40342453 -0.01130086 0.25427571
0.39972514 0.90197986 0.16325493 -0.00632268
-0.05566780 -0.15388626 0.98651969 -0.31100512
0.00000000 0.00000000 0.00000000 1.00000000
80 6.406891 0.261115
0.24034134 0.39146402 -0.88825005 0.77321351
-0.27312037 0.90537685 0.32511151 -0.73601270
0.93147188 0.16446093 0.32451808 1.39920664
0.00000000 0.00000000 0.00000000 1.00000000
81 94.148510 2.367013
0.97202206 0.04526278 -0.23048846 0.04572201
-0.06335662 0.99541080 -0.07171495 0.20224322
0.22618499 0.08431143 0.97042900 -0.68148685
0.00000000 0.00000000 0.00000000 1.00000000
82 93.829024 2.219029
0.62110102 -0.41084605 0.66741204 -2.04256058
0.52185035 0.85214859 0.03892612 -0.22251838
-0.58472699 0.32411209 0.74367028 0.89971304
0.00000000 0.00000000 0.00000000 1.00000000
83 4.797303 0.201449
0.01425177 0.39243826 -0.91966796 1.31485403
-0.24561688 0.89295483 0.37723297 -0.51911581
0.96926188 0.22051008 0.10911581 1.40874577
0.00000000 0.00000000 0.00000000 1.00000000
84 85.279344 1.965722
0.95805192 -0.04168937 -0.28354552 0.62461585
0.10000104 0.97580802 0.19441596 -0.22151536
0.26858056 -0.21461609 0.93904430 0.00069308
0.00000000 0.00000000 0.00000000 1.00000000
85 88.147651 2.289209
-0.95742851 0.16474092 -0.23704615 -0.22121173
-0.10027131 0.58024162 0.80824828 -1.94926643
0.27069548 0.79760897 -0.53902107 3.66077590
0.00000000 0.00000000 0.00000000 1.00000000
86 5.253968 0.159808
0.19245096 0.47817093 -0.85692126 0.31272101
-0.30571663 0.85900229 0.41067278 -0.87741721
0.93246967 0.18294081 0.31150106 1.42872667
0.00000000 0.00000000 0.00000000 1.00000000
87 94.109374 1.542898
0.98668480 0.02372067 -0.16090518 0.42235810
-0.04495113 0.99054462 -0.12961888 -0.08530692
0.15630904 0.13512556 0.97842181 -0.26691937
0.00000000 0.00000000 0.00000000 1.00000000
88 93.025279 1.523186
0.57009399 -0.39127675 0.72242379 -1.57384658
0.47119671 0.87603611 0.10263529 -0.53057909
-0.67302763 0.28189158 0.68379170 1.12260413
0.00000000 0.00000000 0.00000000 1.00000000
89 95.763518 1.680775
0.95249468 -0.30455041 0.00196466 0.00202908
0.30364150 0.95011061 0.07135667 -0.12940425
-0.02359763 -0.06737011 0.99744940 0.25377250
0.00000000 0.00000000 0.00000000 1.00000000
90 2.360160 0.112481
0.03165594 0.34922257 -0.93650490 0.53772873
-0.34640992 0.88273346 0.31746176 -1.29963577
0.93754882 0.31436482 0.14891797 2.09854317
0.00000000 0.00000000 0.00000000 1.00000000
91 94.657072 1.016287
0.99016052 -0.11978980 0.07233283 0.38049412
0.11977480 0.99279016 0.00455716 -0.50552028
-0.07235739 0.00415142 0.99736959 0.42165291
0.00000000 0.00000000 0.00000000 1.00000000
92 94.289949 0.931713
0.97496587 -0.10785679 0.19444594 0.66831911
0.09563611 0.99286652 0.07120568 -0.63558811
-0.20073867 -0.05082731 0.97832590 0.32556117
0.00000000 0.00000000 0.00000000 1.00000000
93 94.161522 0.966002
0.99708879 -0.07070461 0.02855688 0.82132423
0.07170781 0.99678397 -0.03578299 -0.48502889
-0.02593455 0.03772651 0.99895203 0.11463404
0.00000000 0.00000000 0.00000000 1.00000000
94 91.522468 0.981231
0.95129257 -0.30823785 -0.00555360 0.84688973
0.30799562 0.95102179 -0.02637100 -0.75072998
0.01340988 0.02337655 0.99963617 0.96021450
0.00000000 0.00000000 0.00000000 1.00000000
95 92.701213 1.165323
0.72412241 -0.30765814 0.61724460 -1.04437709
0.37881052 0.92532134 0.01681177 -0.57461542
-0.57632333 0.22164524 0.78658974 1.21822631
0.00000000 0.00000000 0.00000000 1.00000000
96 2.908249 0.119382
0.97488070 0.10950512 -0.19394940 0.19721302
-0.10575955 0.99395150 0.02959511 -0.91335702
0.19601721 -0.00833963 0.98056555 1.56799281
0.00000000 0.00000000 0.00000000 1.00000000
97 7.349803 0.110752
-0.17648594 0.50666034 -0.84388924 0.11541367
-0.48154920 0.70329624 0.52295834 -1.22877026
0.85846591 0.49866885 0.11985993 1.89536238
0.00000000 0.00000000 0.00000000 1.00000000
98 94.026527 0.615158
0.96986949 0.18013303 -0.16402815 0.21689653
-0.15010338 0.97213686 0.18005091 -0.67923021
0.19189131 -0.15000457 0.96988469 0.92622983
0.00000000 0.00000000 0.00000000 1.00000000
99 93.250516 0.587979
0.98895633 0.11441616 -0.09420335 0.67613041
-0.08915114 0.96701926 0.23859152 -0.74489373
0.11839515 -0.22755824 0.96653986 0.86713576
0.00000000 0.00000000 0.00000000 1.00000000
100 93.759510 0.587459
0.95097858 0.25980631 -0.16774979 0.61409867
-0.22998920 0.95677543 0.17800486 -0.69576979
0.20674527 -0.13069835 0.96962535 0.61242056
0.00000000 0.00000000 0.00000000 1.00000000
101 3.948436 0.128692
0.83286548 0.45553806 -0.31435850 0.01272650
-0.37639326 0.88258368 0.28173506 -1.07771921
0.40578786 -0.11632547 0.90653467 1.98103428
0.00000000 0.00000000 0.00000000 1.00000000
102 2.062225 0.004766
0.05123097 0.55168223 -0.83247906 0.86074466
-0.41106838 0.77133554 0.48586389 -0.57897705
0.91016394 0.31731465 0.26629528 1.22424626
0.00000000 0.00000000 0.00000000 1.00000000
103 4.426513 0.065053
-0.65050173 0.56268656 -0.51013017 0.06525564
-0.38225180 0.33784276 0.86008477 -1.32281780
0.65630192 0.75448483 -0.00467974 1.89706135
0.00000000 0.00000000 0.00000000 1.00000000
104 97.896132 0.614204
0.80056900 0.49040663 -0.34436935 0.20903400
-0.25341862 0.79782903 0.54703540 -0.78904885
0.54301745 -0.35067010 0.76299572 0.89561534
0.00000000 0.00000000 0.00000000 1.00000000
105 5.761909 0.080866
-0.54460156 0.72909701 -0.41452056 0.28110516
-0.29185373 0.29860607 0.90865594 -0.90630817
0.78627670 0.61583436 0.05016860 1.19474554
0.00000000 0.00000000 0.00000000 1.00000000
106 91.948913 0.724174
0.69790471 0.65186870 -0.29664496 0.73431510
-0.39401275 0.69535011 0.60103494 -0.82044977
0.59806740 -0.30258304 0.74213177 0.55215645
0.00000000 0.00000000 0.00000000 1.00000000
107 92.349020 1.666979
0.85339534 -0.37125656 0.36590141 -0.16966082
0.19866586 0.88062179 0.43015933 -0.33847657
-0.48192000 -0.29440379 0.82527512 0.55086315
0.00000000 0.00000000 0.00000000 1.00000000
108 3.056718 0.074675
0.60459870 0.71166837 -0.35775489 0.02279991
-0.41925144 0.66621655 0.61675292 -0.78955132
0.67726576 -0.22289875 0.70116150 1.35165811
0.00000000 0.00000000 0.00000000 1.00000000
109 6.494677 0.127132
0.60508293 0.69771487 -0.38349539 -0.17800426
-0.40250343 0.68366718 0.60876113 -0.43903580
0.68692458 -0.21399292 0.69450819 0.88283360
0.00000000 0.00000000 0.00000000 1.00000000
110 2.893268 0.036231
-0.46530241 0.68483424 -0.56079900 0.90496039
-0.46550649 0.34954539 0.81309456 -1.14824128
0.75285947 0.63939035 0.15615112 1.34035504
0.00000000 0.00000000 0.00000000 1.00000000
111 8.502697 0.227806
-0.28352797 0.76399755 -0.57958668 1.01210797
-0.40075862 0.45468161 0.79539800 -0.71407253
0.87120926 0.45779175 0.17726254 1.26897621
0.00000000 0.00000000 0.00000000 1.00000000
112 9.694810 0.108227
-0.93333930 0.27327758 -0.23280707 0.04392308
-0.20359826 0.13118738 0.97022796 -1.26272488
0.29568243 0.95294827 -0.06680250 1.74907875
0.00000000 0.00000000 0.00000000 1.00000000
113 8.478689 0.131997
-0.96908766 0.13235915 -0.20821008 0.21188229
-0.21183756 -0.01378253 0.97720844 -1.34040201
0.12647264 0.99110627 0.04139569 1.57597876
0.00000000 0.00000000 0.00000000 1.00000000
114 22.111788 0.335806
0.51679176 0.75763655 -0.39863834 -0.48045629
-0.39200264 0.62337148 0.67656589 -0.14075720
0.76109123 -0.19337708 0.61914909 0.28577852
0.00000000 0.00000000 0.00000000 1.00000000
115 113.161865 1.343695
0.56436348 -0.73596478 0.37396449 -0.19708124
0.57772839 0.67569262 0.45789671 -0.64239383
-0.58968079 -0.04237048 0.80652416 0.53153527
0.00000000 0.00000000 0.00000000 1.00000000
116 178.591662 1.908916
0.94255018 -0.02523240 -0.33311158 0.28783637
0.14554596 0.92854702 0.34149283 -0.10460228
0.30069289 -0.37035647 0.87887406 0.06424332
0.00000000 0.00000000 0.00000000 1.00000000
117 2.773470 0.028499
-0.42565188 -0.58857697 0.68731159 -0.62418616
0.63346440 0.34857798 0.69080794 -0.54693264
-0.64617544 0.72943139 0.22446957 0.46902567
0.00000000 0.00000000 0.00000000 1.00000000
118 159.329153 1.814314
0.88178718 0.26673990 -0.38897410 0.38888684
-0.05908078 0.88068730 0.46999997 -0.30728728
0.46793228 -0.39145887 0.79233801 0.12250197
0.00000000 0.00000000 0.00000000 1.00000000
119 2.763146 0.075145
-0.65630591 -0.54735714 0.51929140 -1.33822894
0.44047493 0.28083786 0.85270929 -0.89713544
-0.61257285 0.78837240 0.05678204 1.63035572
0.00000000 0.00000000 0.00000000 1.00000000
120 2.536671 0.084490
-0.43048823 -0.68243158 0.59073448 -1.81851971
0.53259027 0.33634710 0.77667278 -0.72333843
-0.72871655 0.64896750 0.21866353 1.06575131
0.00000000 0.00000000 0.00000000 1.00000000
121 6.521133 0.061353
-0.98867989 0.11419617 0.09732073 -1.65864861
0.12229592 0.23756480 0.96364224 -1.12833869
0.08692368 0.96463603 -0.24884097 2.05431223
0.00000000 0.00000000 0.00000000 1.00000000
122 174.000403 1.847221
0.93754148 -0.31573012 0.14605188 -1.29194498
0.24441904 0.89660519 0.36926788 -0.27969941
-0.24753991 -0.31050584 0.91777468 0.48941493
0.00000000 0.00000000 0.00000000 1.00000000
123 8.926011 0.167498
0.39060271 0.65645629 -0.64536387 -0.18259466
-0.63022888 0.70169616 0.33231527 -0.11534612
0.67100012 0.27692431 0.68780208 0.09596980
0.00000000 0.00000000 0.00000000 1.00000000
124 175.643263 1.844992
0.88197184 0.26262021 -0.39135253 0.75081140
-0.01521623 0.84579736 0.53328717 -0.31849602
0.47105715 -0.46438923 0.74996513 0.12958550
0.00000000 0.00000000 0.00000000 1.00000000
125 2.457343 0.061904
-0.86899817 -0.34532940 0.35438627 -0.72416025
0.23973784 0.33269110 0.91205490 -1.02585661
-0.43285981 0.87753385 -0.20631871 1.33130336
0.00000000 0.00000000 0.00000000 1.00000000
126 2.052140 0.023568
-0.90496534 -0.26465407 0.33316079 -1.07970655
0.24274695 0.32193694 0.91511214 -1.13706684
-0.34944481 0.90901840 -0.22709802 1.51771235
0.00000000 0.00000000 0.00000000 1.00000000
127 3.126373 0.034654
-0.86209673 -0.41727012 0.28753155 -1.53492558
0.22190474 0.19925392 0.95449191 -1.42436397
-0.45557344 0.88666940 -0.07918254 1.20520008
0.00000000 0.00000000 0.00000000 1.00000000
128 2.623162 0.062666
-0.87878585 -0.43424326 0.19791062 -1.39739513
0.09734266 0.24288657 0.96515846 -1.06535661
-0.46718338 0.86743242 -0.17117493 1.32806957
0.00000000 0.00000000 0.00000000 1.00000000
129 1.956648 0.095180
-0.49018660 -0.51807654 0.70093834 -0.55529493
0.56600779 0.42235142 0.70799351 -0.96099359
-0.66283625 0.74378502 0.08620449 1.63251114
0.00000000 0.00000000 0.00000000 1.00000000
130 3.473446 0.075927
-0.33482149 -0.51899922 0.78646916 -0.53592587
0.66123670 0.46521533 0.58850735 -0.91911805
-0.67131215 0.71708685 0.18741718 1.33934927
0.00000000 0.00000000 0.00000000 1.00000000
131 3.236037 0.044996
0.00493726 -0.58316612 0.81233859 -0.19301927
0.79077578 0.49951160 0.35378480 -0.74183005
-0.61208731 0.64063168 0.46361899 0.57475567
0.00000000 0.00000000 0.00000000 1.00000000
132 5.205260 0.071775
-0.82486916 -0.04694200 0.56337130 -0.99808580
0.52714980 0.29611963 0.79650849 -1.11101508
-0.20421520 0.95399648 -0.21951491 2.02933836
0.00000000 0.00000000 0.00000000 1.00000000
133 3.545968 0.071981
0.65182835 0.44493127 -0.61413026 -0.05283934
-0.37907952 0.89253771 0.24428530 -0.06340452
0.65682495 0.07357222 0.75044584 0.01637423
0.00000000 0.00000000 0.00000000 1.00000000
134 2.703419 0.083431
-0.33530813 -0.64116383 0.69027311 -0.00853038
0.58094519 0.43608654 0.68726289 -0.71511173
-0.74166733 0.63145584 0.22625762 1.30616593
0.00000000 0.00000000 0.00000000 1.00000000
135 2.827155 0.067219
-0.17330299 -0.62934309 0.75755745 -0.45873910
0.57112378 0.56243646 0.59789914 -0.82137990
-0.80236137 0.53627729 0.26196069 1.45178962
0.00000000 0.00000000 0.00000000 1.00000000
136 87.700242 1.863810
0.96764016 -0.12482648 -0.21929583 -0.74256921
0.15769544 0.97760445 0.13936093 -0.58755797
0.19698890 -0.16943294 0.96565384 0.04951715
0.00000000 0.00000000 0.00000000 1.00000000
137 94.728003 0.423797
0.96925259 0.08410129 -0.23125112 -0.31731719
-0.06673845 0.99440175 0.08191969 -0.64163780
0.23684567 -0.06396742 0.96943939 0.62785625
0.00000000 0.00000000 0.00000000 1.00000000
138 94.665203 0.386482
0.98968500 0.02920476 -0.14024693 0.07780483
-0.01863751 0.99692780 0.07607993 -0.64366376
0.14203849 -0.07268168 0.98718882 0.59083390
0.00000000 0.00000000 0.00000000 1.00000000
139 7.478006 0.091696
0.20449248 -0.55782068 0.80437660 0.26240981
0.59820837 0.72165263 0.34837344 -0.82996565
-0.77480984 0.40994516 0.48126453 0.58339518
0.00000000 0.00000000 0.00000000 1.00000000
140 96.227013 1.806617
0.93348002 -0.14704758 -0.32709739 -0.32524127
0.18103117 0.98055035 0.07582230 -0.51438296
0.30958647 -0.12999341 0.94194400 -0.11045587
0.00000000 0.00000000 0.00000000 1.00000000
141 92.606486 2.415622
-0.57120132 -0.48329154 0.66344458 -0.03337860
0.49091905 0.44662783 0.74801224 -1.63053918
-0.65782022 0.75296307 -0.01785741 2.55003071
0.00000000 0.00000000 0.00000000 1.00000000
142 95.317824 0.237475
0.51499438 -0.41754413 0.74862397 -0.39405730
0.45018044 0.87495196 0.17831486 -1.11239100
-0.72946477 0.24518472 0.63856554 1.87805820
0.00000000 0.00000000 0.00000000 1.00000000
143 159.839706 2.224931
-0.92897087 0.36836922 0.03627935 1.03036642
-0.14622530 -0.27517229 -0.95020890 1.24775922
-0.34004548 -0.88802147 0.30949324 1.44388866
0.00000000 0.00000000 0.00000000 1.00000000
144 94.378888 0.350943
0.97037435 -0.24052773 0.02281734 0.55302435
0.23772296 0.96737170 0.08763502 -0.44153628
-0.04315212 -0.07961456 0.99589175 0.61751235
0.00000000 0.00000000 0.00000000 1.00000000
145 2.292857 0.081472
0.33562511 -0.64861232 0.68312323 -0.06129080
0.50740278 0.73547167 0.44902483 -0.67632145
-0.79366136 0.19591454 0.57595044 1.11083686
0.00000000 0.00000000 0.00000000 1.00000000
146 94.229093 0.620922
0.89781600 0.13646264 -0.41869384 0.33163005
-0.06375654 0.98103762 0.18302915 -0.91329819
0.43573081 -0.13763162 0.88949180 1.01478589
0.00000000 0.00000000 0.00000000 1.00000000
147 91.712392 0.631960
0.95952237 0.20029417 -0.19798347 0.42525771
-0.15434873 0.96201134 0.22518955 -0.57630527
0.23556563 -0.18551624 0.95398712 0.25253081
0.00000000 0.00000000 0.00000000 1.00000000
148 95.231641 0.635921
0.91317940 0.07906595 -0.39981851 0.54377055
-0.02903876 0.99113131 0.12968172 -0.85588390
0.40652502 -0.10681207 0.90737474 0.82647896
0.00000000 0.00000000 0.00000000 1.00000000
149 3.885142 0.082034
0.95014656 -0.26341718 0.16683286 -1.64114201
0.23720883 0.95793128 0.16155404 -0.46988106
-0.20237058 -0.11392561 0.97265995 0.49844909
0.00000000 0.00000000 0.00000000 1.00000000
150 8.954930 2.060577
0.96025193 -0.17478772 0.21763882 -0.95244390
0.12732989 0.96812046 0.21571088 -1.05472732
-0.24840501 -0.17942502 0.95189470 1.39259851
0.00000000 0.00000000 0.00000000 1.00000000
151 4.712600 2.174841
0.95861948 -0.20281798 0.19978225 -0.97375917
0.15367056 0.95937860 0.23659573 -0.86394113
-0.23965250 -0.19610469 0.95084602 1.21177387
0.00000000 0.00000000 0.00000000 1.00000000
152 95.029717 0.649162
0.66865820 -0.40826857 0.62145954 -0.61045301
0.32782730 0.91203028 0.24643424 -0.89550513
-0.66740137 0.03895111 0.74367809 1.42292905
0.00000000 0.00000000 0.00000000 1.00000000
153 95.290708 0.677935
0.57242286 -0.40978563 0.71021688 -0.72711515
0.34428507 0.90622872 0.24539356 -0.56874597
-0.74417675 0.10404781 0.65982926 0.92637002
0.00000000 0.00000000 0.00000000 1.00000000
154 13.286665 0.021079
-0.69848078 0.51615471 -0.49569073 0.05998108
-0.56501752 0.02732853 0.82462633 -0.54530859
0.43918121 0.85605979 0.27254802 0.22103262
0.00000000 0.00000000 0.00000000 1.00000000
155 3.838900 0.052982
-0.13931410 0.72371155 -0.67589444 0.50654840
-0.72198927 0.39290833 0.56952047 -0.34991741
0.67773318 0.56733096 0.46777445 0.11106026
0.00000000 0.00000000 0.00000000 1.00000000
156 95.823575 0.701520
0.98620063 -0.06290618 -0.15314022 0.87310064
0.09551455 0.97172427 0.21593931 -0.28163603
0.13522547 -0.22758678 0.96432340 0.23058653
0.00000000 0.00000000 0.00000000 1.00000000
157 3.549941 0.058480
0.66454101 -0.60384411 0.44017896 -0.38009018
0.42254767 0.78950310 0.44512844 -0.85534501
-0.61631066 -0.10980877 0.77981025 0.68456817
0.00000000 0.00000000 0.00000000 1.00000000
158 5.199385 0.082200
0.68445051 -0.48834723 0.54133427 -0.63335979
0.32544753 0.86908352 0.37252563 -0.41038901
-0.65238798 -0.07880002 0.75377727 0.06007600
0.00000000 0.00000000 0.00000000 1.00000000
159 6.665033 0.143574
0.59770083 -0.55956489 0.57414091 -0.25175345
0.39048320 0.82864046 0.40109646 -0.41847014
-0.70019591 -0.01554398 0.71378130 0.02506351
0.00000000 0.00000000 0.00000000 1.00000000
160 3.682914 0.063789
0.60036659 -0.67802936 0.42406964 -0.16678274
0.49272919 0.73127878 0.47164446 -0.86541069
-0.62990254 -0.07420868 0.77312076 0.57664633
0.00000000 0.00000000 0.00000000 1.00000000
161 2.498732 0.031774
0.95460707 -0.25109029 0.16024545 -1.31122708
0.19786295 0.93666649 0.28897229 -0.40971333
-0.22265466 -0.24414879 0.94383055 0.58626974
0.00000000 0.00000000 0.00000000 1.00000000
162 3.372665 0.065038
0.99319088 -0.11459025 -0.02100214 -1.47215903
0.11615388 0.96016264 0.25415903 -0.29380408
-0.00895838 -0.25486743 0.96693444 0.14402175
0.00000000 0.00000000 0.00000000 1.00000000
163 172.903060 2.994410
-0.71099406 0.60816050 -0.35302788 -0.04798794
0.19784924 -0.30874512 -0.93034029 1.45385265
-0.67479187 -0.73131263 0.09919128 1.56309140
0.00000000 0.00000000 0.00000000 1.00000000
164 7.612622 2.542993
0.99465901 0.09253237 0.04576493 -0.33448792
-0.10140792 0.95876795 0.26548308 -0.71130502
-0.01931261 -0.26870587 0.96302855 0.94224644
0.00000000 0.00000000 0.00000000 1.00000000
165 3.870599 2.137782
0.83642721 -0.38274950 0.39228958 -0.53675175
0.26840919 0.91010952 0.31568176 -0.39545065
-0.47785458 -0.15875094 0.86397499 0.55106497
0.00000000 0.00000000 0.00000000 1.00000000
166 3.990567 0.059396
-0.51146221 -0.52353024 0.68141270 -1.27063203
0.45496523 0.50773406 0.73158419 -1.10029721
-0.72898144 0.68419605 -0.02149816 2.01961541
0.00000000 0.00000000 0.00000000 1.00000000
167 8.340872 0.157443
-0.54594433 -0.47433206 0.69061768 -1.31833041
0.47041243 0.50856310 0.72116059 -0.76759410
-0.69329363 0.71858996 -0.05451561 1.52361250
0.00000000 0.00000000 0.00000000 1.00000000
168 91.623787 1.233563
-0.06542446 -0.64424920 0.76201189 -1.53775144
0.80913895 0.41264793 0.41834709 -0.32713151
-0.58396298 0.64394403 0.49429050 0.23377991
0.00000000 0.00000000 0.00000000 1.00000000
169 153.153614 2.035707
0.97467965 -0.11931551 0.18911214 -1.48548222
0.15426612 0.97104073 -0.18243328 0.04974516
-0.16186871 0.20698795 0.96486008 -0.08087885
0.00000000 0.00000000 0.00000000 1.00000000
170 2.519016 0.040204
-0.43931857 0.72484040 -0.53066534 0.80668545
-0.63109457 0.17137212 0.75653934 -0.73831314
0.63931137 0.66726190 0.38215569 0.38078004
0.00000000 0.00000000 0.00000000 1.00000000
171 12.210816 1.831354
0.37577760 0.85865426 -0.34857601 0.30233061
-0.80751276 0.48793858 0.33142275 -1.25739586
0.45466179 0.15693803 0.87672973 0.91095960
0.00000000 0.00000000 0.00000000 1.00000000
172 3.412600 0.059388
0.32727361 -0.69038665 0.64518046 -0.08083236
0.40873045 0.71903110 0.56208128 -0.34227791
-0.85195756 0.07975024 0.51750219 0.19235432
0.00000000 0.00000000 0.00000000 1.00000000
173 2.612244 0.077613
0.82955289 -0.50205100 0.24451342 -1.75269032
0.40007371 0.83979261 0.36700019 -0.96684432
-0.38959345 -0.20662266 0.89750987 0.09532821
0.00000000 0.00000000 0.00000000 1.00000000
174 6.563694 0.129347
0.71277678 -0.39371017 0.58046603 -0.50851321
0.25994748 0.91694081 0.30273002 -0.21823214
-0.65144116 -0.06488872 0.75591862 -0.30465353
0.00000000 0.00000000 0.00000000 1.00000000
175 3.368948 0.071469
0.58777648 -0.36081430 0.72410893 -0.40201867
0.18579046 0.93131828 0.31325409 -0.26541382
-0.78740257 -0.04959042 0.61444187 -0.24078882
0.00000000 0.00000000 0.00000000 1.00000000
176 4.616601 0.105515
0.67026246 -0.54974002 0.49853045 -0.08633095
0.39301991 0.83277053 0.38990563 -0.62734151
-0.62950957 -0.06540748 0.77423435 0.22277331
0.00000000 0.00000000 0.00000000 1.00000000
177 14.910306 0.523120
0.95857567 0.28216082 0.03895703 -1.67017734
-0.28347152 0.95839244 0.03358133 0.57431573
-0.02786091 -0.04323364 0.99867648 -0.43811870
0.00000000 0.00000000 0.00000000 1.00000000
178 13.817307 0.497268
0.96022344 0.19042683 0.20422938 -1.65714288
-0.21754017 0.96869934 0.11957504 0.27434584
-0.17506656 -0.15924679 0.97159266 -0.22907186
0.00000000 0.00000000 0.00000000 1.00000000
179 2.661681 0.075401
0.88672638 -0.26129067 0.38137096 -2.42370152
0.17424533 0.95301187 0.24780434 -0.13696238
-0.42819998 -0.15328270 0.89058948 -0.13021731
0.00000000 0.00000000 0.00000000 1.00000000
180 88.221991 1.672836
0.82631546 -0.24043196 0.50930673 -0.66978955
0.13967581 0.96353149 0.22824556 -0.45701006
-0.54561156 -0.11746566 0.82976496 0.64081836
0.00000000 0.00000000 0.00000000 1.00000000
181 5.154573 0.046869
-0.99813426 -0.06089975 -0.00461467 -0.93412691
-0.00158904 -0.04964152 0.99876624 -1.14125848
-0.06105307 0.99690890 0.04945213 0.76666403
0.00000000 0.00000000 0.00000000 1.00000000
182 162.668863 2.333217
0.93246865 -0.08974075 0.34992659 -1.47683167
0.19056371 0.94511044 -0.26542762 0.26217371
-0.30689967 0.31418654 0.89838719 -0.18257535
0.00000000 0.00000000 0.00000000 1.00000000
183 178.624134 2.604425
-0.97084612 -0.19463030 -0.13991897 0.22629434
0.15286076 -0.05307209 -0.98682189 1.38762188
0.18463966 -0.97944033 0.08127585 1.33102918
0.00000000 0.00000000 0.00000000 1.00000000
184 2.623758 0.015097
0.29099369 0.81815094 -0.49593499 1.45936167
-0.76810282 0.50882810 0.38873023 -0.48594171
0.57038581 0.26781064 0.77649009 -0.22470534
0.00000000 0.00000000 0.00000000 1.00000000
185 8.373017 0.218207
0.45702773 -0.63347220 0.62436908 0.05202353
0.36940530 0.77375209 0.51463342 -0.18749440
-0.80911297 -0.00455649 0.58763504 -0.29897320
0.00000000 0.00000000 0.00000000 1.00000000
186 3.825410 0.214117
0.96791726 -0.07030002 -0.24123636 -1.00017977
-0.02395133 0.92987961 -0.36708397 0.35382470
0.25012726 0.36108509 0.89836264 -0.39049149
0.00000000 0.00000000 0.00000000 1.00000000
187 3.189237 0.108150
0.93925709 0.13288328 -0.31644684 -0.83214790
-0.22961995 0.92856574 -0.29161710 0.41952902
0.25509074 0.34656599 0.90267426 -0.65392590
0.00000000 0.00000000 0.00000000 1.00000000
188 86.052758 4.336247
-0.59636015 0.24474600 -0.76449585 1.63077188
-0.47530586 0.65981376 0.58200479 -1.95665920
0.64686787 0.71045429 -0.27715674 1.88384938
0.00000000 0.00000000 0.00000000 1.00000000
189 5.984253 0.310181
0.91303468 0.13145244 0.38612148 -2.72087812
0.04836814 0.90507281 -0.42249846 0.18742800
-0.40500465 0.40443197 0.82000440 0.95447230
0.00000000 0.00000000 0.00000000 1.00000000
190 84.911355 3.378165
0.98710471 -0.04317334 0.15414560 -1.27007103
0.12509842 0.80885267 -0.57454979 1.51002216
-0.09987563 0.58642393 0.80382311 -1.42845547
0.00000000 0.00000000 0.00000000 1.00000000
191 95.411363 3.184571
0.86258638 0.19399911 0.46723235 -2.04820013
0.17512301 0.75195903 -0.63552284 1.17055035
-0.47463155 0.63001758 0.61465651 -0.28960800
0.00000000 0.00000000 0.00000000 1.00000000
192 4.128345 0.182729
0.91520971 -0.02809878 -0.40199888 -0.14515647
-0.10768768 0.94423407 -0.31116828 0.58743709
0.38832450 0.32807481 0.86114621 -0.80190849
0.00000000 0.00000000 0.00000000 1.00000000
193 11.141202 0.685980
0.76112890 -0.02701764 -0.64803588 0.31506872
-0.17546730 0.95329815 -0.24583340 0.47251710
0.62441409 0.30081999 0.72084165 -0.45550561
0.00000000 0.00000000 0.00000000 1.00000000
194 3.033962 0.125898
0.96231103 -0.10116065 -0.25243586 -0.48153988
-0.00690398 0.91885459 -0.39453664 -0.22806549
0.27186298 0.38141078 0.88352543 0.01984596
0.00000000 0.00000000 0.00000000 1.00000000
195 2.264167 0.032453
0.95854414 -0.11913977 -0.25883952 -1.11992049
0.01730574 0.93105656 -0.36446476 0.05685556
0.28441647 0.34487617 0.89452058 -0.13684869
0.00000000 0.00000000 0.00000000 1.00000000
196 2.059946 0.074016
0.91334766 0.09777957 -0.39526612 -0.83577073
-0.22642370 0.92877531 -0.29344374 0.19302937
0.33842060 0.35751355 0.87043434 -0.39144063
0.00000000 0.00000000 0.00000000 1.00000000
197 80.694983 0.646882
0.01459494 0.99925101 -0.03582957 0.48044550
-0.99970841 0.01389406 -0.01972715 1.00003290
