0 5.657696 0.320745
0.92650652 -0.11120795 0.35947019 0.65419030
0.14871028 0.98577422 -0.07832305 0.11011100
-0.34564626 0.12602372 0.92986387 -0.48425055
0.00000000 0.00000000 0.00000000 1.00000000
1 2.738811 0.135555
0.93571615 0.06659234 -0.34641069 -0.36800164
-0.11800872 0.98453200 -0.12950176 -0.31133360
0.33242863 0.16205642 0.92910099 0.02246714
0.00000000 0.00000000 0.00000000 1.00000000
2 3.764524 0.195796
0.94690871 -0.10972321 -0.30220371 -0.60807604
0.08067681 0.99098015 -0.10701293 -0.31630015
0.31121832 0.07695073 0.94721925 0.13770604
0.00000000 0.00000000 0.00000000 1.00000000
3 4.935227 0.168022
0.96014088 0.05725300 -0.27359134 -0.63241047
-0.04020323 0.99690729 0.06752887 -0.36261246
0.27661145 -0.05383760 0.95947295 0.48779011
0.00000000 0.00000000 0.00000000 1.00000000
4 3.756401 0.116028
0.89892387 -0.20984533 -0.38457820 -1.05283248
0.21840927 0.97561318 -0.02182764 -0.21076280
0.37977985 -0.06437397 0.92283434 0.35097051
0.00000000 0.00000000 0.00000000 1.00000000
5 2.736809 0.061162
0.91769534 0.14433298 -0.37014180 -0.39434761
-0.08347172 0.98092598 0.17554680 -0.08152425
0.38841990 -0.13020116 0.91223806 0.29907250
0.00000000 0.00000000 0.00000000 1.00000000
6 3.987523 0.134695
0.91401267 0.07924619 -0.39787042 -0.62399369
-0.06062183 0.99640399 0.05919558 -0.16085845
0.40113080 -0.02998549 0.91552985 0.30212975
0.00000000 0.00000000 0.00000000 1.00000000
7 15.014115 0.632658
0.82454395 0.00489184 -0.56577647 -0.46166953
0.02183557 0.99894166 0.04046080 -0.35991704
0.56537533 -0.04571694 0.82356513 0.47710323
0.00000000 0.00000000 0.00000000 1.00000000
8 5.218193 0.071031
0.96221811 0.09282489 -0.25597319 -0.60186934
-0.03957871 0.97779435 0.20579913 -0.11288414
0.26939344 -0.18789127 0.94452387 0.52725971
0.00000000 0.00000000 0.00000000 1.00000000
9 8.479476 0.093019
0.96234411 0.08480095 -0.25826907 -0.85644531
-0.04496825 0.98666894 0.15640646 -0.30825123
0.26808959 -0.13890228 0.95332807 0.50989223
0.00000000 0.00000000 0.00000000 1.00000000
10 8.799130 0.139112
0.98735714 0.04771255 -0.15115850 -1.33691728
-0.03070905 0.99313295 0.11288863 -0.37898314
0.15550654 -0.10681963 0.98204243 0.70507622
0.00000000 0.00000000 0.00000000 1.00000000
11 96.064906 1.165422
0.60808802 0.34153560 -0.71664560 1.57734418
-0.35789865 0.92372298 0.13653931 -0.52506924
0.70861620 0.17345978 0.68393987 1.02530646
0.00000000 0.00000000 0.00000000 1.00000000
12 3.738007 0.046228
0.69263077 -0.53202784 0.48703957 0.38871902
0.43301749 0.84672046 0.30912620 -0.03413588
-0.57685119 -0.00321399 0.81684297 0.33084536
0.00000000 0.00000000 0.00000000 1.00000000
13 6.174253 0.186279
0.97105742 -0.22261406 -0.08655034 -1.39640784
0.23041007 0.96855080 0.09391725 -0.66078347
0.06292104 -0.11114112 0.99181080 0.51358712
0.00000000 0.00000000 0.00000000 1.00000000
14 3.568864 0.074752
0.92536330 -0.37463319 -0.05789542 -1.44188714
0.37754929 0.89709449 0.22951454 -0.50496185
-0.03404577 -0.23424366 0.97158134 0.63524020
0.00000000 0.00000000 0.00000000 1.00000000
15 90.596638 1.750047
0.75482666 0.12461826 -0.64397633 0.39672178
-0.07771175 0.99186206 0.10085030 0.28774253
0.65130341 -0.02607990 0.75836909 -0.44566417
0.00000000 0.00000000 0.00000000 1.00000000
16 3.151694 0.060780
0.74164981 -0.33633888 0.58037186 -0.62712324
0.27639118 0.94157505 0.19246683 -0.22853756
-0.61119795 0.01766649 0.79128063 0.58583832
0.00000000 0.00000000 0.00000000 1.00000000
17 4.266822 0.052469
0.66215527 -0.38652393 0.64198840 -0.23227310
0.35258564 0.91665280 0.18822941 -0.19432706
-0.66123635 0.10171907 0.74324954 0.34231758
0.00000000 0.00000000 0.00000000 1.00000000
18 3.549610 2.153820
0.65378296 -0.31258926 0.68909770 -1.90139556
0.30676740 0.94198120 0.13625666 0.03093849
-0.69170928 0.12231022 0.71174353 0.38930011
0.00000000 0.00000000 0.00000000 1.00000000
19 3.716363 0.056945
0.76143765 -0.49109331 0.42313114 -0.04702914
0.38838273 0.86822724 0.30877310 -0.09234016
-0.51901019 -0.07077494 0.85183293 0.46705890
0.00000000 0.00000000 0.00000000 1.00000000
20 97.532445 1.613577
0.88019508 0.00297160 -0.47460198 0.84285444
-0.03868166 0.99710250 -0.06549603 0.19637626
0.47303224 0.07600740 0.87775964 -0.24530721
0.00000000 0.00000000 0.00000000 1.00000000
21 3.137000 0.066743
0.47882575 -0.27563673 0.83351678 -0.61623049
0.31476852 0.94021070 0.13009578 -0.23807247
-0.81954002 0.20007125 0.53695923 0.47925508
0.00000000 0.00000000 0.00000000 1.00000000
22 3.135877 2.091145
0.38338342 -0.23809257 0.89237249 -1.83425391
0.37695318 0.92240107 0.08415666 0.05790372
-0.84316254 0.30411831 0.44338322 0.20526659
0.00000000 0.00000000 0.00000000 1.00000000
23 1.861725 0.110565
0.50823992 -0.42920846 0.74664021 -0.08977008
0.34207046 0.89624709 0.28236222 -0.11457614
-0.79036653 0.11189556 0.60232824 0.39663744
0.00000000 0.00000000 0.00000000 1.00000000
24 2.022553 0.038035
0.58437288 -0.43505508 0.68500775 -0.04126686
0.44955897 0.87632787 0.17305043 -0.49202102
-0.67557782 0.20682546 0.70768487 0.65178180
0.00000000 0.00000000 0.00000000 1.00000000
25 2.230024 0.019461
0.60824919 -0.24559353 0.75479573 -0.23335120
0.32228902 0.94542873 0.04790562 -0.10061435
-0.72537076 0.21412385 0.65420812 0.01602769
0.00000000 0.00000000 0.00000000 1.00000000
26 99.911313 1.483237
0.77649802 0.11904569 -0.61877120 1.32091475
0.02045950 0.97670984 0.21358475 -0.38092259
0.62978595 -0.17850879 0.75597823 0.68970686
0.00000000 0.00000000 0.00000000 1.00000000
27 8.005919 0.322977
0.53706217 -0.10938439 0.83642101 -0.06368387
0.32013482 0.94380581 -0.08212942 0.07624413
-0.78043467 0.31187657 0.54189992 -0.16278577
0.00000000 0.00000000 0.00000000 1.00000000
28 1.869697 0.021592
0.53545088 -0.46978205 0.70185244 0.13875085
0.48785338 0.85040087 0.19702324 -0.44532037
-0.68941367 0.23690519 0.68453288 0.52231395
0.00000000 0.00000000 0.00000000 1.00000000
29 93.085728 1.993976
0.59733343 0.41130978 -0.68848801 1.67194605
-0.48142210 0.87049133 0.10235742 -0.60935342
0.64142370 0.27031249 0.71798754 0.60023379
0.00000000 0.00000000 0.00000000 1.00000000
30 2.583159 0.047118
0.77666658 -0.43193978 0.45849520 0.29788738
0.47718057 0.87859201 0.01938689 -0.10983270
-0.41120392 0.20372841 0.88848555 0.15723121
0.00000000 0.00000000 0.00000000 1.00000000
31 4.824504 0.101545
0.61451042 -0.38659862 0.68769032 0.30747473
0.42614233 0.89624792 0.12304848 0.35219023
-0.66391194 0.21743882 0.71550024 -0.45119971
0.00000000 0.00000000 0.00000000 1.00000000
32 2.223872 0.044960
0.83190167 -0.33742625 0.44054580 0.21235406
0.30184415 0.94132197 0.15100056 -0.19934571
-0.46564674 0.00735652 0.88493919 -0.44345808
0.00000000 0.00000000 0.00000000 1.00000000
33 2.455909 0.079342
0.88924247 -0.07079898 0.45192367 -0.26854378
0.04972038 0.99705553 0.05836669 0.08853313
-0.45472518 -0.02943280 0.89014459 -0.81980705
0.00000000 0.00000000 0.00000000 1.00000000
34 1.964035 0.028725
0.83018649 -0.14569131 0.53811312 -0.03036880
0.12278089 0.98932993 0.07843132 0.10897841
-0.54379869 0.00095800 0.83921558 -1.09112692
0.00000000 0.00000000 0.00000000 1.00000000
35 94.995112 2.905669
0.39422807 0.60660946 -0.69036996 2.23956656
-0.70495158 0.68154806 0.19630402 -1.10303617
0.58959925 0.40928832 0.69631630 0.39725649
0.00000000 0.00000000 0.00000000 1.00000000
36 6.513069 0.058906
0.77241331 -0.47140735 0.42562160 0.35612667
0.43229973 0.88117552 0.19143397 -0.14576545
-0.46529073 0.03612998 0.88442039 -0.57380509
0.00000000 0.00000000 0.00000000 1.00000000
37 2.463707 0.126879
0.91988516 -0.20088701 0.33683044 0.38278741
0.15046290 0.97390175 0.16992560 0.19518419
-0.36217541 -0.10563296 0.92610443 -0.89438963
0.00000000 0.00000000 0.00000000 1.00000000
38 6.732836 0.404774
0.55563968 -0.44042152 0.70519096 -0.75624812
0.27586782 0.89778388 0.34333920 -0.20237093
-0.78432262 0.00376619 0.62034208 -0.32457542
0.00000000 0.00000000 0.00000000 1.00000000
39 3.322485 0.245957
0.70013714 -0.21728532 0.68014359 -0.36187601
0.14751261 0.97603846 0.15996599 -0.02874097
-0.69860452 -0.01166840 0.71541321 -0.64675999
0.00000000 0.00000000 0.00000000 1.00000000
40 6.664503 0.178511
0.89986026 -0.12162012 0.41888213 0.83858728
0.14242445 0.98963088 -0.01862538 0.21012414
-0.41227227 0.07641955 0.90785015 -1.14324808
0.00000000 0.00000000 0.00000000 1.00000000
41 6.176158 0.394711
0.71881860 -0.38235477 0.58060712 0.17721015
0.25469846 0.92194170 0.29180932 0.13661033
-0.64686030 -0.06187827 0.76009393 -0.67497635
0.00000000 0.00000000 0.00000000 1.00000000
