0 5.571407 0.316192
0.92708075 -0.11125161 0.35797060 0.65881550
0.14851969 0.98580706 -0.07826798 0.10961568
-0.34418240 0.12572634 0.93044615 -0.48399711
0.00000000 0.00000000 0.00000000 1.00000000
1 2.738811 0.135555
0.93571615 0.06659234 -0.34641069 -0.36800164
-0.11800872 0.98453200 -0.12950176 -0.31133360
0.33242863 0.16205642 0.92910099 0.02246714
0.00000000 0.00000000 0.00000000 1.00000000
2 3.722470 0.192665
0.94701493 -0.11048903 -0.30158812 -0.61087567
0.08156552 0.99091762 -0.10690609 -0.31791943
0.31066090 0.07664236 0.94742596 0.13707542
0.00000000 0.00000000 0.00000000 1.00000000
3 5.119483 0.160702
0.96089286 0.06299662 -0.26966166 -0.63969880
-0.04573803 0.99651062 0.06981942 -0.36439279
0.27311924 -0.05475506 0.96042055 0.48648477
0.00000000 0.00000000 0.00000000 1.00000000
4 5.030534 0.129534
0.88883042 -0.23210552 -0.39510646 -1.04064775
0.23924436 0.97043616 -0.03187925 -0.20497280
0.39082450 -0.06619148 0.91808254 0.35459256
0.00000000 0.00000000 0.00000000 1.00000000
5 2.736809 0.061162
0.91769534 0.14433298 -0.37014180 -0.39434761
-0.08347172 0.98092598 0.17554680 -0.08152425
0.38841990 -0.13020116 0.91223806 0.29907250
0.00000000 0.00000000 0.00000000 1.00000000
6 5.279936 0.153053
0.90285218 0.11971368 -0.41294801 -0.55778909
-0.09290592 0.99208415 0.08447924 -0.18600386
0.41979259 -0.03790718 0.90682793 0.30144906
0.00000000 0.00000000 0.00000000 1.00000000
7 15.767270 0.646714
0.81724221 -0.00251991 -0.57628697 -0.44738492
0.03272021 0.99857938 0.04203559 -0.36955792
0.57536238 -0.05321085 0.81616533 0.48244405
0.00000000 0.00000000 0.00000000 1.00000000
8 5.206163 0.070893
0.96219897 0.09262201 -0.25611287 -0.60176152
-0.03934476 0.97780204 0.20580225 -0.11298820
0.26948923 -0.18794651 0.94448495 0.52724099
0.00000000 0.00000000 0.00000000 1.00000000
9 8.585083 0.092605
0.96260589 0.08616108 -0.25683820 -0.85849828
-0.04667225 0.98664379 0.15606388 -0.30784145
0.26685441 -0.13824064 0.95377064 0.50975466
0.00000000 0.00000000 0.00000000 1.00000000
10 7.022471 0.114922
0.98492295 0.02202538 -0.17159064 -1.31573510
-0.00293691 0.99384820 0.11071476 -0.39828050
0.17297380 -0.10854137 0.97892749 0.69755113
0.00000000 0.00000000 0.00000000 1.00000000
11 94.116939 1.195629
0.63063121 0.32431790 -0.70506930 1.59582424
-0.32125568 0.93609589 0.14324656 -0.55001509
0.70646977 0.13617156 0.69452018 1.05329883
0.00000000 0.00000000 0.00000000 1.00000000
12 3.738007 0.046228
0.69263077 -0.53202784 0.48703957 0.38871902
0.43301749 0.84672046 0.30912620 -0.03413588
-0.57685119 -0.00321399 0.81684297 0.33084536
0.00000000 0.00000000 0.00000000 1.00000000
13 6.174253 0.186279
0.97105742 -0.22261406 -0.08655034 -1.39640784
0.23041007 0.96855080 0.09391725 -0.66078347
0.06292104 -0.11114112 0.99181080 0.51358712
0.00000000 0.00000000 0.00000000 1.00000000
14 3.568864 0.074752
0.92536330 -0.37463319 -0.05789542 -1.44188714
0.37754929 0.89709449 0.22951454 -0.50496185
-0.03404577 -0.23424366 0.97158134 0.63524020
0.00000000 0.00000000 0.00000000 1.00000000
15 90.512922 1.752682
0.75664765 0.12535843 -0.64169526 0.38953406
-0.08171011 0.99188346 0.09742229 0.29781586
0.64869964 -0.02128109 0.76074743 -0.44457340
0.00000000 0.00000000 0.00000000 1.00000000
16 3.193776 0.060648
0.74248624 -0.33667278 0.57910860 -0.62568212
0.27690205 0.94145834 0.19230816 -0.22831768
-0.60995156 0.01757041 0.79224467 0.58431411
0.00000000 0.00000000 0.00000000 1.00000000
17 4.306298 0.052371
0.66260421 -0.38738489 0.64100564 -0.23140150
0.35352856 0.91627532 0.18829995 -0.19432011
-0.66028261 0.10184534 0.74407977 0.34147894
0.00000000 0.00000000 0.00000000 1.00000000
18 3.308905 2.076149
0.69062781 -0.31260240 0.65216023 -1.83322191
0.34275097 0.93553048 0.08546323 0.13520928
-0.63683188 0.16450529 0.75324821 0.24116838
0.00000000 0.00000000 0.00000000 1.00000000
19 3.566888 0.056457
0.76121199 -0.48962227 0.42523625 -0.04857486
0.38602626 0.86899936 0.30955425 -0.09218302
-0.52109468 -0.07148433 0.85049987 0.46859992
0.00000000 0.00000000 0.00000000 1.00000000
20 97.382032 1.609991
0.88178456 0.00507146 -0.47162467 0.83401859
-0.03964582 0.99720001 -0.06340224 0.18951061
0.46998271 0.07460490 0.87951654 -0.25134873
0.00000000 0.00000000 0.00000000 1.00000000
21 3.137000 0.066743
0.47882575 -0.27563673 0.83351678 -0.61623049
0.31476852 0.94021070 0.13009578 -0.23807247
-0.81954002 0.20007125 0.53695923 0.47925508
0.00000000 0.00000000 0.00000000 1.00000000
22 4.640723 2.015399
0.39499927 -0.31493592 0.86301243 -1.77450824
0.43055153 0.89330947 0.12892947 -0.05492908
-0.81154174 0.32064414 0.48845315 0.09965813
0.00000000 0.00000000 0.00000000 1.00000000
23 1.861725 0.110565
0.50823992 -0.42920846 0.74664021 -0.08977008
0.34207046 0.89624709 0.28236222 -0.11457614
-0.79036653 0.11189556 0.60232824 0.39663744
0.00000000 0.00000000 0.00000000 1.00000000
24 2.022553 0.038035
0.58437288 -0.43505508 0.68500775 -0.04126686
0.44955897 0.87632787 0.17305043 -0.49202102
-0.67557782 0.20682546 0.70768487 0.65178180
0.00000000 0.00000000 0.00000000 1.00000000
25 2.147216 0.023916
0.60611403 -0.23674154 0.75932688 -0.23660386
0.31613463 0.94773227 0.04313505 -0.09682611
-0.72985154 0.21390375 0.64927733 0.01794457
0.00000000 0.00000000 0.00000000 1.00000000
26 91.596241 1.426251
0.85133487 0.25404131 -0.45901197 0.79858994
-0.26057753 0.96414149 0.05031054 0.36772940
0.45533329 0.07677701 0.88700473 -1.19366312
0.00000000 0.00000000 0.00000000 1.00000000
27 8.030500 0.323243
0.53707308 -0.10858558 0.83651710 -0.06381470
0.31985071 0.94383913 -0.08283791 0.07694493
-0.78054309 0.31204951 0.54164237 -0.16255260
0.00000000 0.00000000 0.00000000 1.00000000
28 1.870116 0.025988
0.53256732 -0.47360060 0.70148063 0.13445717
0.49138358 0.84782481 0.19934256 -0.44701001
-0.68914086 0.23853442 0.68424284 0.52300656
0.00000000 0.00000000 0.00000000 1.00000000
29 91.750819 2.026546
0.61978763 0.38232261 -0.68533969 1.69902933
-0.42051080 0.89914143 0.12130435 -0.59221202
0.66259545 0.21301037 0.71804792 0.63597524
0.00000000 0.00000000 0.00000000 1.00000000
30 2.604290 0.048139
0.77683896 -0.43203852 0.45810992 0.29889694
0.47724336 0.87856019 0.01927590 -0.10962456
-0.41080493 0.20365632 0.88868666 0.15721607
0.00000000 0.00000000 0.00000000 1.00000000
31 4.212869 0.639708
0.58724213 -0.44099805 0.67872548 -0.22571146
0.46682361 0.86955571 0.16108739 0.06238273
-0.66122812 0.22224779 0.71650791 -0.07311988
0.00000000 0.00000000 0.00000000 1.00000000
32 2.223872 0.044960
0.83190167 -0.33742625 0.44054580 0.21235406
0.30184415 0.94132197 0.15100056 -0.19934571
-0.46564674 0.00735652 0.88493919 -0.44345808
0.00000000 0.00000000 0.00000000 1.00000000
33 2.455909 0.079342
0.88924247 -0.07079898 0.45192367 -0.26854378
0.04972038 0.99705553 0.05836669 0.08853313
-0.45472518 -0.02943280 0.89014459 -0.81980705
0.00000000 0.00000000 0.00000000 1.00000000
34 2.101520 0.064928
0.82284123 -0.13963409 0.55084962 -0.07002926
0.11700505 0.99020171 0.07622598 0.10867733
-0.55609614 0.00173059 0.83111620 -1.08263278
0.00000000 0.00000000 0.00000000 1.00000000
35 91.791933 2.810001
0.46548903 0.50908595 -0.72398311 2.35921526
-0.68914384 0.72175431 0.06442937 -0.69915801
0.55533797 0.46893743 0.68680215 0.40602577
0.00000000 0.00000000 0.00000000 1.00000000
36 4.752420 0.076702
0.79542279 -0.43006963 0.42701498 0.40975600
0.39825353 0.90201551 0.16662087 -0.10919234
-0.45683241 0.03752612 0.88876086 -0.56911612
0.00000000 0.00000000 0.00000000 1.00000000
37 2.409079 0.127154
0.91983289 -0.20205702 0.33627498 0.38269812
0.15175989 0.97369850 0.16994646 0.19608673
-0.36176926 -0.10528830 0.92630357 -0.89437318
0.00000000 0.00000000 0.00000000 1.00000000
38 8.680866 0.516745
0.52946097 -0.44065917 0.72490776 -0.84174168
0.26352495 0.89766550 0.35320151 -0.24390936
-0.80636609 0.00402465 0.59140325 -0.26405931
0.00000000 0.00000000 0.00000000 1.00000000
39 3.459438 0.252368
0.69888002 -0.21552767 0.68199331 -0.36714071
0.14479557 0.97640836 0.16018990 -0.03272203
-0.70042932 -0.01320395 0.71359986 -0.64469218
0.00000000 0.00000000 0.00000000 1.00000000
40 7.715054 0.150931
0.89510429 -0.14987680 0.41991016 0.82272321
0.17422886 0.98450160 -0.02000269 0.24923587
-0.41040486 0.09106515 0.90734488 -1.13393736
0.00000000 0.00000000 0.00000000 1.00000000
41 6.853862 0.438021
0.71014637 -0.38166675 0.59162462 0.13712257
0.24984007 0.92223674 0.29505676 0.12150183
-0.65823162 -0.06172228 0.75028092 -0.66096735
0.00000000 0.00000000 0.00000000 1.00000000
42 3.073834 0.028174
0.84766352 -0.23372906 0.47627658 0.31224662
0.12869287 0.96150142 0.24280740 -0.10311136
-0.51469058 -0.14452571 0.84510744 -0.58664489
0.00000000 0.00000000 0.00000000 1.00000000
43 3.147218 0.154856
0.99141788 0.00015077 0.13072702 1.18818998
-0.01797654 0.99065626 0.13519211 -0.24688026
-0.12948516 -0.13638160 0.98215759 -0.07863116
0.00000000 0.00000000 0.00000000 1.00000000
44 3.203324 0.887422
0.89044416 -0.07789887 0.44837493 -0.00360817
0.00580582 0.98710537 0.15996471 -0.26821786
-0.45505416 -0.13983601 0.87941509 -0.32915950
0.00000000 0.00000000 0.00000000 1.00000000
45 4.143213 0.094919
0.89919841 -0.16298549 0.40605104 0.38869411
0.15055542 0.98661655 0.06261623 -0.10909817
-0.41082188 0.00482884 0.91170299 0.41222334
0.00000000 0.00000000 0.00000000 1.00000000
46 178.996825 6.101842
-0.74656492 0.29746929 -0.59510726 2.10925436
-0.32741717 0.61439383 0.71785682 -2.50750566
0.57917047 0.73077524 -0.36128822 4.94782782
0.00000000 0.00000000 0.00000000 1.00000000
47 1.628467 0.037544
0.69658178 -0.36316982 0.61877608 0.07054335
0.25181985 0.93131828 0.26312286 -0.31214687
-0.67183518 -0.02746662 0.74019128 -0.38058364
0.00000000 0.00000000 0.00000000 1.00000000
48 4.803262 0.225844
0.65287530 -0.56179792 0.50807047 -0.46441507
0.40388286 0.82563841 0.39395368 -0.13024378
-0.64080393 -0.05200169 0.76594055 -0.39322662
0.00000000 0.00000000 0.00000000 1.00000000
49 20.041059 1.723286
0.81501287 -0.30687758 0.49150878 -0.33777088
0.25257194 0.95156461 0.17530628 -0.26017481
-0.52150005 -0.01873530 0.85304570 -0.09914637
0.00000000 0.00000000 0.00000000 1.00000000
50 2.060896 0.031952
0.95008278 -0.17990412 0.25490335 1.00724518
0.17781645 0.98356169 0.03140891 -0.17067373
-0.25636372 0.01548442 0.96645594 0.57029057
0.00000000 0.00000000 0.00000000 1.00000000
51 178.888468 5.943003
-0.77993619 0.29744843 -0.55065739 1.53252959
-0.27225399 0.63098615 0.72645289 -2.63187075
0.56353998 0.71650553 -0.41114730 4.95009708
0.00000000 0.00000000 0.00000000 1.00000000
52 3.180631 0.039662
0.75480735 -0.52440667 0.39403361 0.22149354
0.43353760 0.84963602 0.30027291 0.09193748
-0.49225038 -0.05581969 0.86866182 -0.41826558
0.00000000 0.00000000 0.00000000 1.00000000
53 2.385401 0.062169
0.94141626 -0.19692704 0.27378076 1.17598999
0.17345652 0.97893566 0.10769373 0.14025047
-0.28922182 -0.05389592 0.95574403 -0.42182302
0.00000000 0.00000000 0.00000000 1.00000000
54 3.208820 2.233551
0.97035748 0.04316190 0.23778661 -0.73455894
-0.05264980 0.99804372 0.03368855 -0.01709121
-0.23586792 -0.04521039 0.97073263 -0.42865062
0.00000000 0.00000000 0.00000000 1.00000000
55 3.858539 2.103103
0.97134256 0.22330895 -0.08140306 0.39435041
-0.23444417 0.95651156 -0.17355460 0.46275282
0.03910658 0.18766549 0.98145384 -0.94855058
0.00000000 0.00000000 0.00000000 1.00000000
56 2.458299 0.013427
0.97197992 0.10749120 -0.20904659 1.34700811
-0.10958631 0.99397522 0.00156942 -0.40415978
0.20795593 0.02138200 0.97790396 1.01785803
0.00000000 0.00000000 0.00000000 1.00000000
57 2.714979 2.189687
0.99080569 -0.08520257 0.10509159 -0.01292843
0.06827845 0.98550987 0.15526521 -0.03901511
-0.11679807 -0.14666280 0.98226649 -0.52213812
0.00000000 0.00000000 0.00000000 1.00000000
58 6.848251 0.192456
0.99752617 -0.06790724 0.01809513 1.92871881
0.06503269 0.98957133 0.12852357 -0.08834852
-0.02663375 -0.12702882 0.99154145 -0.07751822
0.00000000 0.00000000 0.00000000 1.00000000
59 94.231536 4.048949
-0.33058286 0.38771856 -0.86045766 1.49605012
-0.42057014 0.75566858 0.50208199 -1.98312688
0.84488714 0.52786297 -0.08674929 3.71536303
0.00000000 0.00000000 0.00000000 1.00000000
60 2.097045 1.274069
0.96627146 0.09970519 -0.23744443 1.01286578
-0.07314390 0.99029553 0.11817659 -0.28161481
0.24692318 -0.09682278 0.96418607 -0.11318719
0.00000000 0.00000000 0.00000000 1.00000000
61 94.835291 4.105083
-0.22974274 0.55592650 -0.79885095 1.89350653
-0.29696879 0.74162012 0.60150492 -1.64533901
0.92683673 0.37542588 -0.00528923 2.85368323
0.00000000 0.00000000 0.00000000 1.00000000
62 92.954336 3.158633
-0.24071881 0.42511612 -0.87254274 1.43025613
-0.44872826 0.74838924 0.48842281 -1.58459413
0.86063778 0.50910729 0.01061007 2.46492600
0.00000000 0.00000000 0.00000000 1.00000000
63 2.163922 0.032917
0.43102032 0.38141042 -0.81776977 0.98627877
-0.33586669 0.90896803 0.24692127 -0.84111762
0.83750474 0.16823283 0.51988709 1.73539829
0.00000000 0.00000000 0.00000000 1.00000000
64 7.975357 0.159497
0.23444051 0.33166790 -0.91380256 0.46067941
-0.28770685 0.92156124 0.26067096 -0.65496159
0.92858136 0.20179594 0.31147391 1.57791221
0.00000000 0.00000000 0.00000000 1.00000000
65 5.550473 0.099336
0.40087706 0.34640449 -0.84811634 0.15091705
-0.29278493 0.92565113 0.23968285 -0.44648993
0.86808646 0.15223239 0.47249436 1.15687513
0.00000000 0.00000000 0.00000000 1.00000000
66 96.433064 4.228202
-0.01373959 0.38366416 -0.92337012 2.92361689
-0.28585055 0.88341093 0.37131441 -0.80366063
0.95817459 0.26904771 0.09753266 2.64093399
0.00000000 0.00000000 0.00000000 1.00000000
67 5.940659 0.151502
-0.24939507 0.46783179 -0.84790039 1.09828007
-0.32829475 0.78287452 0.52851546 -0.96404958
0.91105717 0.41017014 -0.04165830 1.87856150
0.00000000 0.00000000 0.00000000 1.00000000
68 95.811162 2.300199
0.99263161 -0.00199762 0.12115896 0.80738890
0.02515686 0.98147637 -0.18992552 0.45778528
-0.11853528 0.19157404 0.97429430 0.32723570
0.00000000 0.00000000 0.00000000 1.00000000
69 87.006370 4.793303
0.40117937 -0.54591870 0.73554623 -1.90852070
0.61628926 0.75493836 0.22417697 -0.59210783
-0.67767441 0.36337376 0.63930953 0.19300413
0.00000000 0.00000000 0.00000000 1.00000000
70 2.086566 0.055333
0.51500106 0.22588886 -0.82689053 1.00206232
-0.28205004 0.95559222 0.08538207 -0.76202190
0.80945778 0.18925288 0.55584300 1.04120529
0.00000000 0.00000000 0.00000000 1.00000000
71 2.820223 0.071031
-0.54492939 0.49504143 -0.67674619 1.02042508
-0.34994775 0.59917712 0.72008508 -1.24685478
0.76196277 0.62922126 -0.15327123 1.41515195
0.00000000 0.00000000 0.00000000 1.00000000
72 4.696611 0.157243
-0.55612338 0.41774479 -0.71848232 0.75977248
-0.23837465 0.74800009 0.61941504 -0.90723515
0.79618138 0.51573908 -0.31640062 1.87854743
0.00000000 0.00000000 0.00000000 1.00000000
73 2.660798 0.083357
-0.26387471 0.55659974 -0.78775990 0.93916267
-0.23545760 0.75482893 0.61220270 -1.04954195
0.93537724 0.34702897 -0.06812479 1.80667973
0.00000000 0.00000000 0.00000000 1.00000000
74 89.587139 2.880963
0.94657379 0.18766719 -0.26225662 -0.21716094
-0.19617860 0.98054671 -0.00641051 0.15594716
0.25595194 0.05751652 0.96497673 -0.08605146
0.00000000 0.00000000 0.00000000 1.00000000
75 3.512905 0.052744
0.55792248 0.39474234 -0.72999871 0.05036300
-0.36011547 0.90765703 0.21558055 -0.64611465
0.74768817 0.14260684 0.64855641 1.09036446
0.00000000 0.00000000 0.00000000 1.00000000
76 7.019286 0.239501
0.09488335 0.48536462 -0.86914772 1.55242872
-0.22078180 0.86160308 0.45704991 -0.70699233
0.97069693 0.14852452 0.18891189 1.34492946
0.00000000 0.00000000 0.00000000 1.00000000
77 3.962200 0.130944
0.04674986 0.39423841 -0.91781843 1.23639655
-0.25672194 0.89270216 0.37037352 -0.80358660
0.96535379 0.21830887 0.14294319 1.40638506
0.00000000 0.00000000 0.00000000 1.00000000
78 4.358917 0.090338
0.12724087 0.39540312 -0.90965152 0.91370696
-0.24449651 0.90131009 0.35757753 -0.91057193
0.96126556 0.17690796 0.21135828 1.46911192
0.00000000 0.00000000 0.00000000 1.00000000
79 98.479348 1.992547
0.91374236 -0.40592140 -0.01739329 0.26970208
0.40321720 0.90073341 0.16154204 -0.00365216
-0.04990642 -0.15462117 0.98671287 -0.31219840
0.00000000 0.00000000 0.00000000 1.00000000
80 6.181171 0.254599
0.23851874 0.38829666 -0.89013284 0.77627861
-0.26982835 0.90699410 0.32334900 -0.73159540
0.93290007 0.16305853 0.32110754 1.40466762
0.00000000 0.00000000 0.00000000 1.00000000
81 94.215274 2.320241
0.97026742 0.02498515 -0.24074230 0.11213744
-0.04204070 0.99693549 -0.06597033 0.17464888
0.23835599 0.07412988 0.96834445 -0.67684996
0.00000000 0.00000000 0.00000000 1.00000000
82 93.902758 2.217048
0.61948597 -0.41604650 0.66568965 -2.04213333
0.52661914 0.84913051 0.04062578 -0.22834739
-0.58215976 0.32539761 0.74512172 0.90150952
0.00000000 0.00000000 0.00000000 1.00000000
83 5.037851 0.206889
0.01892984 0.39301234 -0.91933846 1.31615257
-0.24597120 0.89307344 0.37671977 -0.51858664
0.96909249 0.21899928 0.11357555 1.40268314
0.00000000 0.00000000 0.00000000 1.00000000
84 83.048537 1.911234
0.94026244 -0.05790269 -0.33549219 0.80232286
0.12365094 0.97622079 0.17805885 -0.15309933
0.31720516 -0.20890471 0.92506242 0.06498551
0.00000000 0.00000000 0.00000000 1.00000000
85 88.210333 2.307260
-0.95718807 0.18011285 -0.22660504 -0.24931920
-0.08167696 0.58297557 0.80837417 -1.95397401
0.27770355 0.79227483 -0.54330605 3.67067695
0.00000000 0.00000000 0.00000000 1.00000000
86 4.991201 0.150932
0.18749300 0.47175559 -0.86156380 0.32115972
-0.30439612 0.86184525 0.40566739 -0.86997873
0.93391097 0.18619633 0.30519083 1.43918455
0.00000000 0.00000000 0.00000000 1.00000000
87 92.897582 1.564476
0.97934127 -0.00178565 -0.20220551 0.74179357
-0.03391212 0.98434842 -0.17293873 -0.02039096
0.19934936 0.17622335 0.96395248 -0.23994958
0.00000000 0.00000000 0.00000000 1.00000000
88 89.092472 2.161632
-0.55592805 0.58451313 -0.59100556 0.70786905
-0.16389117 0.61996675 0.76732028 -1.99146914
0.81491363 0.52343529 -0.24886023 3.31428027
0.00000000 0.00000000 0.00000000 1.00000000
89 87.633743 2.323987
-0.99322063 0.10513853 -0.04959330 -0.25385985
0.02258837 0.59303761 0.80485785 -1.61897922
0.11403199 0.79828072 -0.59139228 3.38885736
0.00000000 0.00000000 0.00000000 1.00000000
90 2.694426 0.141920
0.01437512 0.35065442 -0.93639481 0.52651548
-0.34176120 0.88181299 0.32496849 -1.30856204
0.93967700 0.31535232 0.13251668 2.12796164
0.00000000 0.00000000 0.00000000 1.00000000
91 94.784577 1.016136
0.98998988 -0.11950763 0.07508934 0.38034877
0.11931118 0.99283141 0.00711063 -0.50889319
-0.07540074 0.00191957 0.99715167 0.42034233
0.00000000 0.00000000 0.00000000 1.00000000
92 3.269981 0.054968
0.16231588 0.45929953 -0.87332577 0.77924585
-0.32096720 0.86150694 0.39342964 -0.84473908
0.93307734 0.21644928 0.28725666 1.24636531
0.00000000 0.00000000 0.00000000 1.00000000
93 94.143499 0.966426
0.99713755 -0.06995802 0.02862725 0.82221365
0.07096054 0.99684179 -0.03565523 -0.48526341
-0.02604249 0.03758436 0.99895287 0.11422420
0.00000000 0.00000000 0.00000000 1.00000000
94 93.778381 1.002289
0.89207846 -0.45008641 -0.04023916 0.88790143
0.44779804 0.89245003 -0.05486369 -0.66693121
0.06060523 0.03092360 0.99768347 0.98428488
0.00000000 0.00000000 0.00000000 1.00000000
95 91.964488 1.166760
0.73343384 -0.28512654 0.61707187 -1.04468489
0.35536209 0.93468046 0.00950868 -0.58491665
-0.57947636 0.21230988 0.78684914 1.21082735
0.00000000 0.00000000 0.00000000 1.00000000
96 2.890831 0.119195
0.97481161 0.11032214 -0.19383425 0.19756639
-0.10664502 0.99386424 0.02933617 -0.91361171
0.19588141 -0.00792570 0.98059571 1.56776786
0.00000000 0.00000000 0.00000000 1.00000000
97 5.406967 0.090676
-0.20984671 0.50053906 -0.83989573 0.08468312
-0.49438342 0.68679613 0.53281891 -1.24128866
0.84353435 0.52704144 0.10333629 1.89128590
0.00000000 0.00000000 0.00000000 1.00000000
98 93.909597 0.597565
0.96933210 0.18539228 -0.16131930 0.20943508
-0.15300958 0.96896291 0.19415891 -0.69983059
0.19230774 -0.16352031 0.96761394 0.93564355
0.00000000 0.00000000 0.00000000 1.00000000
99 93.766277 0.562114
0.99018383 0.11025185 -0.08590955 0.65078712
-0.08672792 0.96665877 0.24093452 -0.75142682
0.10960862 -0.23111880 0.96673155 0.87699783
0.00000000 0.00000000 0.00000000 1.00000000
100 93.948988 0.564584
0.95133531 0.26337606 -0.15998173 0.58900344
-0.23375234 0.95505655 0.18228386 -0.70384997
0.20080075 -0.13601691 0.97014368 0.61549699
0.00000000 0.00000000 0.00000000 1.00000000
101 8.430933 0.195523
0.82643366 0.50614750 -0.24662074 -0.05049483
-0.42655104 0.84875065 0.31253207 -1.10321593
0.36750680 -0.15309073 0.91733420 1.97528315
0.00000000 0.00000000 0.00000000 1.00000000
102 1.963637 0.004501
0.05098726 0.54758555 -0.83519447 0.86362374
-0.40402001 0.77610505 0.48417813 -0.57563490
0.91332787 0.31274822 0.26080692 1.23072863
0.00000000 0.00000000 0.00000000 1.00000000
103 3.535018 0.043850
-0.66392261 0.55361784 -0.50270641 0.04422164
-0.37646410 0.33340046 0.86436057 -1.32237732
0.64612758 0.76311976 -0.01293515 1.89983296
0.00000000 0.00000000 0.00000000 1.00000000
104 97.873112 0.613248
0.80033767 0.49105197 -0.34398758 0.20806158
-0.25400835 0.79742134 0.54735589 -0.78956354
0.54308319 -0.35069397 0.76293778 0.89582765
0.00000000 0.00000000 0.00000000 1.00000000
105 5.850088 0.080125
-0.54369497 0.73202747 -0.41052696 0.27789932
-0.29540768 0.29092756 0.90999746 -0.90786803
0.78557694 0.61603320 0.05807072 1.18801320
0.00000000 0.00000000 0.00000000 1.00000000
106 88.447120 0.838977
0.65457684 0.66173565 -0.36556348 0.86879551
-0.38498682 0.70793247 0.59212965 -0.80896282
0.65062720 -0.24685705 0.71815473 0.56543660
0.00000000 0.00000000 0.00000000 1.00000000
107 91.564448 1.664522
0.85984725 -0.35866755 0.36334515 -0.16449061
0.18623351 0.88297701 0.43089250 -0.34098518
-0.47537258 -0.30283457 0.82602173 0.55139148
0.00000000 0.00000000 0.00000000 1.00000000
108 3.050179 0.075802
0.60373211 0.71244299 -0.35767633 0.02550465
-0.41975656 0.66553795 0.61714268 -0.79042602
0.67772567 -0.22245166 0.70085913 1.35127950
0.00000000 0.00000000 0.00000000 1.00000000
109 7.162974 0.134182
0.61680329 0.69054765 -0.37775290 -0.17946839
-0.39825338 0.68774909 0.60695606 -0.43854976
0.67893118 -0.22393128 0.69921857 0.87431967
0.00000000 0.00000000 0.00000000 1.00000000
110 2.999700 0.032421
-0.46952415 0.68398565 -0.55831146 0.89944184
-0.46514076 0.34585741 0.81487858 -1.14953578
0.75046080 0.64229828 0.15576124 1.33886456
0.00000000 0.00000000 0.00000000 1.00000000
111 92.161547 0.627001
0.93158758 0.26775035 -0.24587584 1.11385691
-0.08839231 0.82292509 0.56123209 -0.46818852
0.35260695 -0.50110328 0.79029375 0.66656125
0.00000000 0.00000000 0.00000000 1.00000000
112 9.400089 0.101957
-0.93515831 0.26945060 -0.22994435 0.03476167
-0.20046706 0.13261984 0.97068286 -1.26342297
0.29204595 0.95383877 -0.07000478 1.75551414
0.00000000 0.00000000 0.00000000 1.00000000
113 8.182013 0.232437
-0.98219204 0.07232220 -0.17340152 0.15497893
-0.17128250 0.03458712 0.98461533 -1.37916803
0.07720686 0.99678183 -0.02158269 1.73133039
0.00000000 0.00000000 0.00000000 1.00000000
114 48.086964 0.825086
0.83836293 0.48394871 -0.25088030 -1.00911176
-0.28016126 0.77733099 0.56326360 -0.02483785
0.46760732 -0.40193281 0.78726947 0.22118533
0.00000000 0.00000000 0.00000000 1.00000000
115 112.935612 1.343977
0.56114864 -0.73765391 0.37547225 -0.19625908
0.57863081 0.67396510 0.45930266 -0.64235163
-0.59186113 -0.04047699 0.80502307 0.53095484
0.00000000 0.00000000 0.00000000 1.00000000
116 177.530302 1.905571
0.94446164 -0.04982687 -0.32482111 0.25417817
0.16299321 0.92931545 0.33136961 -0.09440076
0.28534973 -0.36590967 0.88582480 0.05614698
0.00000000 0.00000000 0.00000000 1.00000000
117 2.303928 0.020840
-0.41230029 -0.59251440 0.69205183 -0.62748885
0.63454354 0.35831004 0.68481338 -0.53221381
-0.65373039 0.72148573 0.22824499 0.45376998
0.00000000 0.00000000 0.00000000 1.00000000
118 3.251127 0.093851
-0.63882798 -0.46054745 0.61627448 -0.94767368
0.46654338 0.40503958 0.78630799 -0.70518333
-0.61174726 0.78983498 -0.04388577 1.17527282
0.00000000 0.00000000 0.00000000 1.00000000
119 2.729361 0.071581
-0.65943348 -0.54503721 0.51776630 -1.33984029
0.44157967 0.27656564 0.85353398 -0.89896154
-0.60840333 0.79148400 0.05830067 1.63339508
0.00000000 0.00000000 0.00000000 1.00000000
120 1.992723 0.058468
-0.45461640 -0.67203987 0.58453935 -1.83356273
0.53038746 0.32297438 0.78382158 -0.74038237
-0.71555060 0.66637051 0.20961218 1.09918988
0.00000000 0.00000000 0.00000000 1.00000000
121 6.304593 0.032545
-0.98832738 0.10411415 0.11121763 -1.68540502
0.13280663 0.23111998 0.96381813 -1.12260354
0.07464226 0.96733844 -0.24224965 2.03876519
0.00000000 0.00000000 0.00000000 1.00000000
122 174.113786 1.858023
0.93731272 -0.31506929 0.14891987 -1.29377401
0.24553336 0.90031075 0.35937867 -0.26630574
-0.24730343 -0.30028549 0.92123258 0.48444009
0.00000000 0.00000000 0.00000000 1.00000000
123 7.950409 0.150756
0.40683624 0.65205401 -0.63977283 -0.19098687
-0.62747753 0.70845997 0.32304156 -0.10370549
0.66389453 0.27001816 0.69737655 0.08482313
0.00000000 0.00000000 0.00000000 1.00000000
124 174.726154 1.836748
0.88960660 0.25266454 -0.38047376 0.72306228
-0.01142810 0.84509754 0.53449053 -0.31799376
0.45658433 -0.47113794 0.75469148 0.11572933
0.00000000 0.00000000 0.00000000 1.00000000
125 2.450963 0.062388
-0.86851966 -0.34606978 0.35483569 -0.72421718
0.24007109 0.33259907 0.91199768 -1.02564919
-0.43363383 0.87727493 -0.20578939 1.33018589
0.00000000 0.00000000 0.00000000 1.00000000
126 2.052140 0.023559
-0.90496510 -0.26465479 0.33316112 -1.07972264
0.24274737 0.32193628 0.91511250 -1.13706899
-0.34944525 0.90901852 -0.22709692 1.51771271
0.00000000 0.00000000 0.00000000 1.00000000
127 3.579382 0.058757
-0.86871922 -0.40969777 0.27834311 -1.52033365
0.21191022 0.20050102 0.95650077 -1.43434632
-0.44768411 0.88991416 -0.08736008 1.22452557
0.00000000 0.00000000 0.00000000 1.00000000
128 2.544683 0.056607
-0.88069147 -0.43077239 0.19702007 -1.40026760
0.09733100 0.24248779 0.96525991 -1.06748104
-0.46358216 0.86927247 -0.17162950 1.33328342
0.00000000 0.00000000 0.00000000 1.00000000
129 1.963437 0.096133
-0.49045220 -0.51769984 0.70103037 -0.55598819
0.56578034 0.42268395 0.70797616 -0.96104103
-0.66283315 0.74385762 0.08559877 1.63352346
0.00000000 0.00000000 0.00000000 1.00000000
130 3.488520 0.075878
-0.33558741 -0.51881039 0.78626740 -0.53576428
0.66134387 0.46462968 0.58884954 -0.91924238
-0.67082435 0.71760339 0.18718803 1.33953631
0.00000000 0.00000000 0.00000000 1.00000000
131 3.238336 0.045005
0.00493913 -0.58316219 0.81233996 -0.19303036
0.79077148 0.49951595 0.35378471 -0.74183160
-0.61209083 0.64062774 0.46361554 0.57475936
0.00000000 0.00000000 0.00000000 1.00000000
132 5.210151 0.072249
-0.82536328 -0.04798001 0.56255990 -0.99626529
0.52628386 0.29542977 0.79733700 -1.11148357
-0.20445336 0.95415860 -0.21858612 2.02690792
0.00000000 0.00000000 0.00000000 1.00000000
133 3.589106 0.072611
0.65158147 0.44410238 -0.61499095 -0.05182254
-0.37781504 0.89299703 0.24456377 -0.06385155
0.65779674 0.07299948 0.74964941 0.01643384
0.00000000 0.00000000 0.00000000 1.00000000
134 2.606543 0.093836
-0.33767655 -0.63140768 0.69806808 -0.02695251
0.58361983 0.44141057 0.68157434 -0.70871162
-0.73848552 0.63755816 0.21944770 1.31438613
0.00000000 0.00000000 0.00000000 1.00000000
135 2.829370 0.067235
-0.17329368 -0.62939054 0.75752074 -0.45866615
0.57109088 0.56242657 0.59794033 -0.82143879
-0.80238694 0.53623259 0.26197469 1.45177126
0.00000000 0.00000000 0.00000000 1.00000000
136 87.826673 1.865329
0.96775192 -0.12240107 -0.22016720 -0.74183476
0.15526634 0.97808462 0.13871974 -0.58464265
0.19836238 -0.16843092 0.96554810 0.04837108
0.00000000 0.00000000 0.00000000 1.00000000
137 94.875299 0.417965
0.96869123 0.08568135 -0.23301828 -0.31736547
-0.06692524 0.99393535 0.08725420 -0.64671260
0.23908070 -0.06892738 0.96855044 0.63314581
0.00000000 0.00000000 0.00000000 1.00000000
138 94.513315 0.351318
0.98986530 0.02260294 -0.14020064 0.08996478
-0.00961239 0.99565274 0.09265144 -0.66586429
0.14168534 -0.09036499 0.98577881 0.61991704
0.00000000 0.00000000 0.00000000 1.00000000
139 7.110140 0.087366
0.21336217 -0.55140746 0.80648959 0.27019063
0.59194392 0.72968423 0.34229201 -0.83045101
-0.77722496 0.40436447 0.48208946 0.57815278
0.00000000 0.00000000 0.00000000 1.00000000
140 98.968579 1.704506
0.89915591 -0.17418487 -0.40147084 -0.12349679
0.22306766 0.97167563 0.07801704 -0.54548264
0.37651041 -0.15970467 0.91254282 -0.09319139
0.00000000 0.00000000 0.00000000 1.00000000
141 91.858048 2.386024
-0.55829787 -0.46599227 0.68640655 -0.06012833
0.51370043 0.45550829 0.72706473 -1.60323489
-0.65147132 0.75852609 -0.01492873 2.54734421
0.00000000 0.00000000 0.00000000 1.00000000
142 95.519641 0.210559
0.51976764 -0.41774684 0.74520373 -0.38182202
0.46151879 0.87135375 0.16656208 -1.09135818
-0.71891701 0.25735199 0.64569962 1.85814381
0.00000000 0.00000000 0.00000000 1.00000000
143 159.923842 2.224971
-0.92949247 0.36710152 0.03579313 1.03144884
-0.14517254 -0.27490526 -0.95044899 1.24698257
-0.33907098 -0.88863122 0.30881447 1.44394922
0.00000000 0.00000000 0.00000000 1.00000000
144 94.923551 0.473144
0.97659183 -0.21230656 0.03455094 0.47802699
0.21076711 0.97657275 0.04338716 -0.37782747
-0.04295251 -0.03508964 0.99846059 0.53413248
0.00000000 0.00000000 0.00000000 1.00000000
145 2.297973 0.079894
0.33667794 -0.64834929 0.68285501 -0.05964059
0.50678265 0.73596787 0.44891250 -0.67604136
-0.79361165 0.19492030 0.57635605 1.11062884
0.00000000 0.00000000 0.00000000 1.00000000
146 94.232156 0.627565
0.89774907 0.13431932 -0.41953033 0.33822280
-0.06425798 0.98212218 0.17693724 -0.90736502
0.43579584 -0.13188702 0.89033031 1.01935458
0.00000000 0.00000000 0.00000000 1.00000000
147 5.636247 0.082155
0.31009746 -0.58341527 0.75064439 -0.06538785
0.49035567 0.77458835 0.39945519 -0.66940683
-0.81448817 0.24421293 0.52627844 0.48864806
0.00000000 0.00000000 0.00000000 1.00000000
148 96.695089 0.638064
0.90310907 0.09451050 -0.41887912 0.56788546
-0.03918320 0.98954582 0.13878842 -0.87872338
0.42761761 -0.10892848 0.89737248 0.86037374
0.00000000 0.00000000 0.00000000 1.00000000
149 5.947387 0.181737
0.96073675 -0.24479204 0.13062167 -1.55153799
0.22613069 0.96359956 0.14262390 -0.42500886
-0.16077979 -0.10748577 0.98112047 0.47459507
0.00000000 0.00000000 0.00000000 1.00000000
150 8.823030 2.069780
0.96738791 -0.14667340 0.20651427 -0.93733817
0.10364018 0.97312135 0.20565532 -1.05209780
-0.23112768 -0.17754520 0.95658666 1.39516544
0.00000000 0.00000000 0.00000000 1.00000000
151 78.312448 1.922323
-0.11373738 -0.63077068 0.76758868 -1.34778690
0.51454985 0.62351179 0.58861846 -0.80202848
-0.84988379 0.46191046 0.25364619 1.24041581
0.00000000 0.00000000 0.00000000 1.00000000
152 94.898916 0.653665
0.66725749 -0.41064250 0.62140077 -0.60326904
0.33182371 0.91081321 0.24558493 -0.89287490
-0.66682827 0.04232719 0.74400818 1.42025340
0.00000000 0.00000000 0.00000000 1.00000000
153 85.482571 2.036855
-0.55581325 0.66488981 -0.49899232 0.38764530
-0.30811763 0.39273018 0.86650234 -1.88707232
0.77209795 0.63536185 -0.01342064 2.84951615
0.00000000 0.00000000 0.00000000 1.00000000
154 11.027230 0.010396
-0.66665393 0.53785831 -0.51602554 0.06903866
-0.59196621 0.03863873 0.80503660 -0.53074098
0.45293400 0.84214967 0.29263616 0.20826668
0.00000000 0.00000000 0.00000000 1.00000000
155 3.630977 0.052556
-0.13469681 0.72436738 -0.67612702 0.50089967
-0.72069335 0.39667362 0.56855106 -0.35211948
0.68004209 0.56386232 0.46861595 0.11298549
0.00000000 0.00000000 0.00000000 1.00000000
156 96.469486 0.711366
0.98447323 -0.05985591 -0.16501266 0.90057009
0.09540515 0.97154772 0.21677741 -0.28635678
0.14734244 -0.22915439 0.96217334 0.25244772
0.00000000 0.00000000 0.00000000 1.00000000
157 3.440597 0.054857
0.66305852 -0.60382015 0.44244200 -0.38339156
0.42220682 0.78973043 0.44504729 -0.85548156
-0.61813813 -0.10829043 0.77857459 0.68656951
0.00000000 0.00000000 0.00000000 1.00000000
158 5.031391 0.078141
0.68232065 -0.48861235 0.54377854 -0.63686460
0.32504290 0.86902821 0.37300763 -0.41113257
-0.65481651 -0.07775960 0.75177681 0.06241131
0.00000000 0.00000000 0.00000000 1.00000000
159 6.664091 0.143552
0.59770262 -0.55956113 0.57414788 -0.25178128
0.39048102 0.82864380 0.40109071 -0.41845939
-0.70019835 -0.01553889 0.71377921 0.02506316
0.00000000 0.00000000 0.00000000 1.00000000
160 3.548617 0.060164
0.59909272 -0.67758965 0.42656755 -0.16996694
0.49204957 0.73185170 0.47146550 -0.86538899
-0.63164479 -0.07255918 0.77185500 0.57853794
0.00000000 0.00000000 0.00000000 1.00000000
161 2.462435 0.031992
0.95554554 -0.24880964 0.15819557 -1.30809975
0.19598809 0.93685073 0.28965351 -0.40988243
-0.22027440 -0.24577293 0.94396758 0.58466578
0.00000000 0.00000000 0.00000000 1.00000000
162 2.961608 0.047336
0.99362999 -0.10867773 -0.02980589 -1.46008754
0.11268532 0.96080017 0.25330681 -0.28724831
0.00110855 -0.25505242 0.96692657 0.13156044
0.00000000 0.00000000 0.00000000 1.00000000
163 90.240881 1.923755
0.11710446 -0.77918625 0.61575592 -1.36284983
0.53323925 0.57239830 0.62290961 -0.92836547
-0.83782005 0.25539964 0.48252308 1.15941978
0.00000000 0.00000000 0.00000000 1.00000000
164 6.036892 2.430048
0.99797511 0.00974542 0.06285179 -0.47389317
-0.02899978 0.94921786 0.31328017 -0.74497187
-0.05660683 -0.31446850 0.94757843 0.90454316
0.00000000 0.00000000 0.00000000 1.00000000
165 3.693213 2.205474
0.84822559 -0.37069076 0.37828672 -0.46651530
0.26221487 0.91448319 0.30816141 -0.38300943
-0.46016985 -0.16219811 0.87288910 0.54061651
0.00000000 0.00000000 0.00000000 1.00000000
166 4.182262 0.068334
-0.50847375 -0.52669442 0.68121070 -1.26590014
0.45465970 0.50762379 0.73185033 -1.09713912
-0.73125905 0.68184531 -0.01864635 2.00834489
0.00000000 0.00000000 0.00000000 1.00000000
167 93.610926 1.339782
0.75611395 -0.22730617 0.61369789 -1.01767838
0.09711799 0.96633297 0.23826230 -0.22386807
-0.64719486 -0.12055263 0.75273311 0.51272154
0.00000000 0.00000000 0.00000000 1.00000000
168 91.728652 1.233593
-0.06369439 -0.64341587 0.76286262 -1.54194999
0.80840790 0.41495505 0.41748056 -0.33024371
-0.58516723 0.64329481 0.49371171 0.23812962
0.00000000 0.00000000 0.00000000 1.00000000
169 14.296712 0.115509
-0.90038091 0.31428045 -0.30090100 0.05146435
-0.36688587 -0.17662844 0.91334367 -1.01939023
0.23389837 0.93275392 0.27433738 0.54623145
0.00000000 0.00000000 0.00000000 1.00000000
170 2.535899 0.033191
-0.44202846 0.72288442 -0.53108281 0.80487156
-0.62906051 0.17224780 0.75803256 -0.74443609
0.63944763 0.66915548 0.37859988 0.38850462
0.00000000 0.00000000 0.00000000 1.00000000
171 12.436363 1.828121
0.37297547 0.85977584 -0.34881860 0.30058008
-0.81051558 0.48489764 0.32854089 -1.25472331
0.45161298 0.16018502 0.87771654 0.90722132
0.00000000 0.00000000 0.00000000 1.00000000
172 93.360886 1.489975
0.93504739 0.22622740 -0.27295884 1.43011880
-0.14436740 0.94618249 0.28964877 -0.19577810
0.32379556 -0.23142862 0.91738552 0.10256338
0.00000000 0.00000000 0.00000000 1.00000000
173 2.504834 0.073132
0.83151656 -0.49781737 0.24648984 -1.75430012
0.39658076 0.84270310 0.36410695 -0.95730889
-0.38897708 -0.20500806 0.89814687 0.09466422
0.00000000 0.00000000 0.00000000 1.00000000
174 6.403401 0.123910
0.71118426 -0.39332622 0.58267653 -0.51344192
0.25873774 0.91710377 0.30327517 -0.21987441
-0.65366018 -0.06492414 0.75399816 -0.30252159
0.00000000 0.00000000 0.00000000 1.00000000
175 3.094526 0.029896
0.60017633 -0.36826912 0.71004647 -0.35901177
0.19813001 0.92848814 0.31409284 -0.25672290
-0.77494049 -0.04782940 0.63022184 -0.25927794
0.00000000 0.00000000 0.00000000 1.00000000
176 4.683329 0.108176
0.67058152 -0.55084217 0.49688423 -0.08397487
0.39437836 0.83202326 0.39013278 -0.62708718
-0.62832052 -0.06565510 0.77517933 0.22138667
0.00000000 0.00000000 0.00000000 1.00000000
177 18.263467 0.634274
0.94525188 0.31761912 0.07495061 -1.71978164
-0.31878987 0.94781750 0.00389077 0.66427302
-0.06980366 -0.02757136 0.99717975 -0.38996792
0.00000000 0.00000000 0.00000000 1.00000000
178 10.433979 0.637929
0.97170150 0.19656409 0.13099420 -1.38814819
-0.21323021 0.96852994 0.12838590 0.22843850
-0.10163574 -0.15268467 0.98303503 -0.26930904
0.00000000 0.00000000 0.00000000 1.00000000
179 2.694281 0.078449
0.88716733 -0.26294684 0.37920129 -2.42092967
0.17624559 0.95254648 0.24818009 -0.13951819
-0.42646462 -0.15334441 0.89141089 -0.13355064
0.00000000 0.00000000 0.00000000 1.00000000
180 88.703417 1.706829
0.83119726 -0.23148367 0.50549579 -0.65341175
0.14334619 0.96768987 0.20743090 -0.40326273
-0.53718042 -0.09995514 0.83752376 0.63164306
0.00000000 0.00000000 0.00000000 1.00000000
181 5.218043 0.049392
-0.99821562 -0.05969789 -0.00111039 -0.93904132
0.00193177 -0.05088031 0.99870294 -1.14104176
-0.05967706 0.99691916 0.05090466 0.76478469
0.00000000 0.00000000 0.00000000 1.00000000
182 154.996925 2.239909
0.96905881 -0.01206908 0.24653488 -1.26575518
0.08711213 0.95125532 -0.29584607 0.29278666
-0.23094696 0.30816856 0.92287374 -0.21442139
0.00000000 0.00000000 0.00000000 1.00000000
183 3.104506 0.086267
-0.46165553 0.63539231 -0.61899114 0.83327186
-0.68817031 0.18376940 0.70188999 -1.00722349
0.55972755 0.75000298 0.35241956 0.60520762
0.00000000 0.00000000 0.00000000 1.00000000
184 2.619279 0.013995
0.29450417 0.81895214 -0.49252957 1.45250392
-0.76647663 0.51023906 0.39009070 -0.48572892
0.57077301 0.26262951 0.77797484 -0.23447144
0.00000000 0.00000000 0.00000000 1.00000000
185 8.115322 0.213617
0.45939481 -0.62479961 0.63133228 0.04760301
0.36122906 0.78076035 0.50982976 -0.18153518
-0.81146133 -0.00615779 0.58437365 -0.29489112
0.00000000 0.00000000 0.00000000 1.00000000
186 4.255239 0.233537
0.97042632 -0.06381930 -0.23280883 -1.02884531
-0.02906458 0.92651522 -0.37513348 0.38346627
0.23964193 0.37080610 0.89726007 -0.37983799
0.00000000 0.00000000 0.00000000 1.00000000
187 3.212478 0.109871
0.93958509 0.13268378 -0.31555378 -0.83518511
-0.22900322 0.92880833 -0.29132849 0.41824234
0.25443408 0.34599072 0.90308011 -0.65460658
0.00000000 0.00000000 0.00000000 1.00000000
188 85.657561 4.341199
-0.58962709 0.24751060 -0.76881641 1.63670456
-0.46860772 0.67045689 0.57523382 -1.94749701
0.65783364 0.69944692 -0.27933383 1.89676738
0.00000000 0.00000000 0.00000000 1.00000000
189 82.609910 4.367402
0.53231823 0.17637581 -0.82796681 1.50114012
-0.45715106 0.88307464 -0.10579813 -0.52875090
0.71249568 0.43482372 0.55070698 1.10379338
0.00000000 0.00000000 0.00000000 1.00000000
190 84.413552 3.358240
0.98577327 -0.04231805 0.16266745 -1.29334843
0.12918025 0.80992222 -0.57213521 1.49910402
-0.10753641 0.58500844 0.80386627 -1.42040920
0.00000000 0.00000000 0.00000000 1.00000000
191 95.405581 3.168213
0.85857040 0.20183730 0.47129285 -2.06057644
0.16589272 0.76042914 -0.62787485 1.14944792
-0.48511413 0.61725938 0.61939901 -0.28789103
0.00000000 0.00000000 0.00000000 1.00000000
192 4.019708 0.163904
0.91692525 -0.02375498 -0.39835167 -0.15959194
-0.10739614 0.94670802 -0.30366024 0.56205976
0.38433644 0.32121545 0.86550933 -0.80877542
0.00000000 0.00000000 0.00000000 1.00000000
193 10.767170 0.668047
0.76387733 -0.02117780 -0.64501333 0.30169034
-0.17809178 0.95373380 -0.24222581 0.46318224
0.62030184 0.29990286 0.72476393 -0.46379828
0.00000000 0.00000000 0.00000000 1.00000000
194 3.032800 0.125908
0.96231252 -0.10115498 -0.25243691 -0.48154122
-0.00690769 0.91885757 -0.39453229 -0.22807652
0.27186123 0.38140774 0.88352787 0.01984167
0.00000000 0.00000000 0.00000000 1.00000000
195 2.138814 0.061945
0.95596606 -0.11579354 -0.26966670 -1.09109020
0.01264512 0.93426907 -0.35634333 0.03786629
0.29320285 0.33724210 0.89459372 -0.14044666
0.00000000 0.00000000 0.00000000 1.00000000
196 1.987413 0.075946
0.91481298 0.09476373 -0.39260066 -0.84101748
-0.22215222 0.92988455 -0.29319397 0.19038478
0.33728904 0.35543483 0.87172341 -0.39437222
0.00000000 0.00000000 0.00000000 1.00000000
197 29.806957 2.079903
0.32540354 0.34686100 -0.87965935 2.15496945
-0.75603133 0.65417486 -0.02172159 0.16147113
