0 5.590019 0.317037
0.92698419 -0.11092556 0.35832298 0.65804517
0.14820045 0.98586047 -0.07820520 0.10922658
-0.34458134 0.12559864 0.93031621 -0.48440552
0.00000000 0.00000000 0.00000000 1.00000000
1 2.671517 0.131723
0.93621457 0.06635094 -0.34510866 -0.37184089
-0.11760670 0.98454678 -0.12975460 -0.31123465
0.33116597 0.16206536 0.92955041 0.02207685
0.00000000 0.00000000 0.00000000 1.00000000
2 3.733605 0.194228
0.94700009 -0.11021663 -0.30173513 -0.60953778
0.08125065 0.99093848 -0.10695835 -0.31690174
0.31078887 0.07677333 0.94737381 0.13751411
0.00000000 0.00000000 0.00000000 1.00000000
3 5.024299 0.169014
0.95975971 0.05849071 -0.27466220 -0.63142276
-0.04144534 0.99686074 0.06746191 -0.36229807
0.27774566 -0.05336389 0.95917159 0.48794007
0.00000000 0.00000000 0.00000000 1.00000000
4 4.308481 0.123688
0.89469528 -0.22013211 -0.38866767 -1.04683948
0.22731945 0.97341669 -0.02804047 -0.20501697
0.38450813 -0.06326371 0.92095125 0.35188508
0.00000000 0.00000000 0.00000000 1.00000000
5 2.709350 0.060651
0.91709864 0.14471002 -0.37146729 -0.39408708
-0.08343819 0.98082989 0.17609942 -0.08270172
0.38982901 -0.13050655 0.91159266 0.30021596
0.00000000 0.00000000 0.00000000 1.00000000
6 5.561901 0.177148
0.89575189 0.12417610 -0.42685971 -0.52215964
-0.09487878 0.99147391 0.08932546 -0.19564408
0.43431225 -0.03951228 0.89989591 0.30559254
0.00000000 0.00000000 0.00000000 1.00000000
7 89.638202 2.565266
-0.19663349 -0.72847760 -0.65624315 0.57912266
0.36488187 0.56686687 -0.73859555 1.13072133
0.91005272 -0.38468415 0.15434328 1.67347383
0.00000000 0.00000000 0.00000000 1.00000000
8 5.219545 0.071030
0.96221602 0.09282516 -0.25597391 -0.60186774
-0.03958020 0.97779310 0.20579870 -0.11288308
0.26939246 -0.18789193 0.94452316 0.52726126
0.00000000 0.00000000 0.00000000 1.00000000
9 8.260919 0.090112
0.96235472 0.08096079 -0.25945866 -0.85720211
-0.04110610 0.98697913 0.15550768 -0.31104210
0.26867041 -0.13898796 0.95315194 0.50936747
0.00000000 0.00000000 0.00000000 1.00000000
10 10.021893 0.163538
0.98915613 0.06073692 -0.13371721 -1.35829878
-0.04654382 0.99318802 0.10682261 -0.36150640
0.13929418 -0.09944069 0.98524559 0.71318603
0.00000000 0.00000000 0.00000000 1.00000000
11 94.003164 1.185663
0.63296622 0.32366753 -0.70327425 1.59117794
-0.32569280 0.93544137 0.13738483 -0.53795552
0.70233810 0.14209069 0.69751894 1.04179597
0.00000000 0.00000000 0.00000000 1.00000000
12 3.678019 0.045851
0.69194371 -0.53294575 0.48701417 0.38894999
0.43350106 0.84614271 0.31003100 -0.03476259
-0.57731336 -0.00340298 0.81651556 0.33063471
0.00000000 0.00000000 0.00000000 1.00000000
13 6.106632 0.181246
0.97165620 -0.22159502 -0.08233903 -1.40253508
0.22898966 0.96878290 0.09499422 -0.66010886
0.05871837 -0.11115649 0.99206674 0.51612723
0.00000000 0.00000000 0.00000000 1.00000000
14 3.516136 0.072983
0.92491090 -0.37574604 -0.05790475 -1.44405913
0.37862593 0.89660525 0.22965227 -0.50589299
-0.03437297 -0.23433337 0.97154832 0.63482070
0.00000000 0.00000000 0.00000000 1.00000000
15 90.375936 1.748393
0.76165217 0.13356245 -0.63407290 0.37379760
-0.09683155 0.99099994 0.09243199 0.32074010
0.64071143 -0.00900252 0.76772934 -0.42903399
0.00000000 0.00000000 0.00000000 1.00000000
16 3.149084 0.061052
0.74184048 -0.33700338 0.57974303 -0.62711090
0.27702460 0.94133830 0.19271731 -0.22894612
-0.61068141 0.01763821 0.79168046 0.58512342
0.00000000 0.00000000 0.00000000 1.00000000
17 4.278556 0.052476
0.66228908 -0.38673785 0.64172101 -0.23207933
0.35282871 0.91655862 0.18823192 -0.19430012
-0.66097170 0.10175398 0.74347979 0.34210074
0.00000000 0.00000000 0.00000000 1.00000000
18 3.554351 2.154579
0.65374070 -0.31202620 0.68939233 -1.90197611
0.30659178 0.94212151 0.13567798 0.03243363
-0.69182622 0.12266387 0.71156788 0.38989115
0.00000000 0.00000000 0.00000000 1.00000000
19 3.973748 0.059099
0.75908619 -0.49733889 0.42004979 -0.04915261
0.39563450 0.86485660 0.30902451 -0.09531785
-0.51697260 -0.06839010 0.85326558 0.46536899
0.00000000 0.00000000 0.00000000 1.00000000
20 96.837879 1.592982
0.88761991 0.01339275 -0.46038091 0.80038112
-0.04416479 0.99744523 -0.05613533 0.16410843
0.45845300 0.07015941 0.88594389 -0.26810217
0.00000000 0.00000000 0.00000000 1.00000000
21 2.786426 0.081002
0.47183970 -0.27824512 0.83662868 -0.63447773
0.31437874 0.93962133 0.13519558 -0.24578980
-0.82373166 0.19922778 0.53082508 0.48594499
0.00000000 0.00000000 0.00000000 1.00000000
22 9.843347 1.835964
0.47488958 -0.28805506 0.83156723 -1.60220337
0.32719305 0.93497050 0.13702160 -0.12033190
-0.81696063 0.20701283 0.53825742 -0.04002261
0.00000000 0.00000000 0.00000000 1.00000000
23 1.796894 0.121455
0.50351274 -0.43023282 0.74925017 -0.10073662
0.34226727 0.89557707 0.28424630 -0.11790042
-0.79330313 0.11332303 0.59818864 0.40175664
0.00000000 0.00000000 0.00000000 1.00000000
24 1.990365 0.040488
0.58376658 -0.43466613 0.68577152 -0.04361629
0.44925532 0.87647265 0.17310840 -0.49293366
-0.67630380 0.20703205 0.70693117 0.65234935
0.00000000 0.00000000 0.00000000 1.00000000
25 2.114888 0.027496
0.60506970 -0.23613156 0.76034951 -0.24006626
0.31591702 0.94781417 0.04294926 -0.09673367
-0.73081225 0.21422040 0.64809203 0.01925218
0.00000000 0.00000000 0.00000000 1.00000000
26 90.322820 1.396265
0.86395234 0.24563956 -0.43959987 0.73011076
-0.24114311 0.96816945 0.06707135 0.30687127
0.44208261 0.04806024 0.89568657 -1.21992505
0.00000000 0.00000000 0.00000000 1.00000000
27 5.675266 1.924406
0.66048139 -0.22465828 0.71644402 -1.69608045
0.31130102 0.95024770 0.01098876 0.03134459
-0.68326759 0.21577197 0.69755739 -0.17241001
0.00000000 0.00000000 0.00000000 1.00000000
28 1.973578 0.016990
0.53925276 -0.46713990 0.70070434 0.14375055
0.48542663 0.85233408 0.19464916 -0.44377232
-0.68816233 0.23517555 0.68638581 0.52068174
0.00000000 0.00000000 0.00000000 1.00000000
29 92.027524 2.010697
0.61459744 0.39640543 -0.68200636 1.68340611
-0.44134435 0.88938308 0.11921734 -0.60842860
0.65382314 0.22772914 0.72156405 0.61633790
0.00000000 0.00000000 0.00000000 1.00000000
30 2.635816 0.049010
0.77730536 -0.43154895 0.45777792 0.29949197
0.47700432 0.87870771 0.01840910 -0.10870069
-0.41019782 0.20405191 0.88887584 0.15728068
0.00000000 0.00000000 0.00000000 1.00000000
31 4.159536 0.642593
0.58972263 -0.43687081 0.67924500 -0.22787273
0.46337503 0.87187964 0.15846559 0.06492424
-0.66144705 0.22129484 0.71660143 -0.06935871
0.00000000 0.00000000 0.00000000 1.00000000
32 4.393647 0.257921
0.79011393 -0.37311140 0.48632148 -0.00420088
0.32903913 0.92756903 0.17706054 -0.25641644
-0.51715946 0.02012122 0.85565287 -0.40354395
0.00000000 0.00000000 0.00000000 1.00000000
33 2.508426 0.089420
0.88822198 -0.06996976 0.45405504 -0.27847260
0.04908067 0.99713033 0.05764550 0.09132549
-0.45678550 -0.02891651 0.88910723 -0.81833911
0.00000000 0.00000000 0.00000000 1.00000000
34 2.073393 0.043043
0.82678252 -0.13900755 0.54507649 -0.04843342
0.11717707 0.99028945 0.07481129 0.11221340
-0.55018300 0.00201795 0.83504194 -1.08669543
0.00000000 0.00000000 0.00000000 1.00000000
35 67.281097 2.054273
0.70418793 0.70813465 -0.05161516 0.93649679
-0.66768992 0.68518269 0.29105777 -1.55275965
0.24147418 -0.17049651 0.95531201 -0.78863144
0.00000000 0.00000000 0.00000000 1.00000000
36 6.562260 0.115816
0.79335082 -0.45445976 0.40504414 0.44964507
0.42188647 0.89011288 0.17236744 -0.10371792
-0.43886921 0.03413478 0.89790255 -0.57540989
0.00000000 0.00000000 0.00000000 1.00000000
37 2.612694 0.149536
0.91716146 -0.20333081 0.34274107 0.35978225
0.15235642 0.97361350 0.16989547 0.19711339
-0.36824232 -0.10360241 0.92393953 -0.89156747
0.00000000 0.00000000 0.00000000 1.00000000
38 6.639621 0.395260
0.56118619 -0.42680728 0.70915854 -0.74575412
0.25823960 0.90431076 0.33990458 -0.20590203
-0.78637362 -0.00761671 0.61770451 -0.33004236
0.00000000 0.00000000 0.00000000 1.00000000
39 2.857595 0.235866
0.70558941 -0.22397318 0.67229497 -0.35215992
0.15408526 0.97452891 0.16294590 -0.03291714
-0.69166660 -0.01138227 0.72212803 -0.65577865
0.00000000 0.00000000 0.00000000 1.00000000
40 7.019733 0.166018
0.89456540 -0.13455638 0.42620260 0.81816578
0.15850216 0.98713493 -0.02103353 0.23453981
-0.41788870 0.08637004 0.90438348 -1.13787091
0.00000000 0.00000000 0.00000000 1.00000000
41 7.161988 0.478533
0.70915556 -0.35976705 0.60635304 0.09995556
0.22239701 0.93025082 0.29184115 0.10380799
-0.66905606 -0.07211009 0.73970532 -0.64961123
0.00000000 0.00000000 0.00000000 1.00000000
42 3.364528 0.025294
0.84718806 -0.23946148 0.47426981 0.31603533
0.13419053 0.96016896 0.24509230 -0.10435465
-0.51406854 -0.14399630 0.84557605 -0.58741546
0.00000000 0.00000000 0.00000000 1.00000000
43 3.118097 0.152621
0.99156272 -0.00004721 0.12962952 1.19097710
-0.01772761 0.99055618 0.13595562 -0.24898136
-0.12841141 -0.13710612 0.98219764 -0.07894230
0.00000000 0.00000000 0.00000000 1.00000000
44 3.485263 0.870604
0.89236951 -0.04615542 0.44893977 0.01658171
-0.01940197 0.98991370 0.14033929 -0.22948092
-0.45088923 -0.13394517 0.88247293 -0.33457923
0.00000000 0.00000000 0.00000000 1.00000000
45 4.159536 0.092183
0.89988339 -0.16114292 0.40526834 0.39132565
0.14900149 0.98691761 0.06156707 -0.10744193
-0.40988761 0.00498125 0.91212177 0.41014600
0.00000000 0.00000000 0.00000000 1.00000000
46 179.007612 6.100450
-0.74677563 0.29695451 -0.59510076 2.10972786
-0.32872623 0.61304075 0.71841514 -2.51121116
0.57815808 0.73211992 -0.36018708 4.94457340
0.00000000 0.00000000 0.00000000 1.00000000
47 1.989775 0.061046
0.70573014 -0.36805186 0.60537732 0.09846848
0.25925064 0.92936760 0.26280224 -0.30555195
-0.65934300 -0.02852292 0.75130087 -0.39627111
0.00000000 0.00000000 0.00000000 1.00000000
48 4.805219 0.226287
0.65282208 -0.56183982 0.50809461 -0.46503800
0.40404141 0.82562232 0.39382583 -0.12993762
-0.64076203 -0.05180677 0.76599032 -0.39318562
0.00000000 0.00000000 0.00000000 1.00000000
49 178.647950 5.975413
-0.95645100 0.21669374 -0.19556606 0.04749036
-0.02748747 0.60014868 0.79941642 -2.58565092
0.29059780 0.76997823 -0.56805706 5.33412266
0.00000000 0.00000000 0.00000000 1.00000000
50 2.048513 0.024487
0.94986123 -0.17251405 0.26077220 0.99553347
0.16963023 0.98493087 0.03370479 -0.18186831
-0.26265714 0.01221976 0.96481144 0.56728816
0.00000000 0.00000000 0.00000000 1.00000000
51 178.916099 5.947329
-0.77962393 0.31324929 -0.54227471 1.51418638
-0.25641978 0.63032305 0.73276335 -2.63187099
0.57134616 0.71032959 -0.41109180 4.95815563
0.00000000 0.00000000 0.00000000 1.00000000
52 3.177429 0.039437
0.75482786 -0.52432042 0.39411050 0.22151983
0.43355662 0.84970236 0.30005723 0.09263596
-0.49220270 -0.05562207 0.86870146 -0.41817522
0.00000000 0.00000000 0.00000000 1.00000000
53 2.362315 0.067728
0.93928862 -0.19727875 0.28074503 1.16114748
0.17248608 0.97877252 0.11069421 0.13287823
-0.29662332 -0.05554891 0.95337749 -0.42449594
0.00000000 0.00000000 0.00000000 1.00000000
54 3.430111 2.279978
0.96582329 0.04023537 0.25605750 -0.78235197
-0.05247830 0.99777305 0.04115912 -0.03762123
-0.25383145 -0.05319041 0.96578479 -0.43074369
0.00000000 0.00000000 0.00000000 1.00000000
55 174.671485 5.607763
-0.96973091 -0.03001448 0.24232540 -1.27869940
0.20902325 0.41096362 0.88736618 -2.47579932
-0.12622088 0.91115785 -0.39225072 3.02994084
0.00000000 0.00000000 0.00000000 1.00000000
56 2.440719 0.014164
0.97185916 0.10793989 -0.20937781 1.34654117
-0.11002217 0.99392766 0.00171173 -0.40480813
0.20829114 0.02137256 0.97783339 1.01834846
0.00000000 0.00000000 0.00000000 1.00000000
57 12.586315 1.968067
0.96543449 -0.25619727 0.04792878 0.22854817
0.25662985 0.96650457 -0.00300153 0.55492038
-0.04555374 0.01519725 0.99884498 -0.55648613
0.00000000 0.00000000 0.00000000 1.00000000
58 7.143942 0.195040
0.99697709 -0.07446545 0.02220158 1.91652012
0.07101548 0.98914373 0.12865639 -0.08400732
-0.03154124 -0.12669054 0.99144077 -0.08263302
0.00000000 0.00000000 0.00000000 1.00000000
59 94.582730 4.085271
-0.33732998 0.38393974 -0.85953355 1.48846686
-0.41518369 0.75877762 0.50187558 -1.98163640
0.84488463 0.52616215 -0.09655318 3.75646353
0.00000000 0.00000000 0.00000000 1.00000000
60 9.168554 0.466463
0.96772254 0.19546826 -0.15907857 2.07958007
-0.14946999 0.95337158 0.26218742 -0.60026366
0.20291105 -0.22994657 0.95181602 -0.70854211
0.00000000 0.00000000 0.00000000 1.00000000
61 94.306066 4.136020
-0.21998200 0.54067600 -0.81196028 1.95009732
-0.26991251 0.76611751 0.58327627 -1.56837583
0.93742037 0.34746754 -0.02259603 2.92620015
0.00000000 0.00000000 0.00000000 1.00000000
62 88.005653 3.005674
-0.16078347 0.41409701 -0.89592040 1.56263566
-0.43389010 0.78565848 0.44100049 -1.46920502
0.88650441 0.45963627 0.05335107 2.40343356
0.00000000 0.00000000 0.00000000 1.00000000
63 2.213286 0.035356
0.43263346 0.38147938 -0.81688511 0.98296535
-0.33565208 0.90908837 0.24677174 -0.84093356
0.83675921 0.16742733 0.52134633 1.73204088
0.00000000 0.00000000 0.00000000 1.00000000
64 178.723131 4.191267
-0.30965850 -0.49557590 0.81148994 -3.07823038
0.59086305 0.56836927 0.57257056 -2.04202914
-0.74497789 0.65678060 0.11681819 3.37320757
0.00000000 0.00000000 0.00000000 1.00000000
65 178.634198 4.181793
-0.41793215 -0.49473742 0.76195061 -2.95232153
0.47072122 0.59941721 0.64739567 -1.95331097
-0.77701682 0.62923324 -0.01763281 3.53994751
0.00000000 0.00000000 0.00000000 1.00000000
66 96.436793 4.228688
-0.01385039 0.38343292 -0.92346525 2.92369986
-0.28560191 0.88356191 0.37114769 -0.80283356
0.95824957 0.26888385 0.09727180 2.64173269
0.00000000 0.00000000 0.00000000 1.00000000
67 5.326345 0.129362
-0.26040494 0.46665055 -0.84523833 1.09442699
-0.32686263 0.78113872 0.53196388 -0.97217917
0.90848809 0.41480225 -0.05088168 1.90272188
0.00000000 0.00000000 0.00000000 1.00000000
68 95.805199 2.300003
0.99266332 -0.00262021 0.12087506 0.80786955
0.02568287 0.98151886 -0.18963297 0.45715761
-0.11814520 0.19134639 0.97438586 0.32701945
0.00000000 0.00000000 0.00000000 1.00000000
69 86.801917 4.768719
0.40327051 -0.55338323 0.72879255 -1.88100469
0.61722994 0.75246835 0.22982165 -0.61178493
-0.67557281 0.35715249 0.64501417 0.18795836
0.00000000 0.00000000 0.00000000 1.00000000
70 2.061275 0.052039
0.51583534 0.22722705 -0.82600367 0.99996716
-0.28351641 0.95513076 0.08569430 -0.76315606
0.80841309 0.18998136 0.55711305 1.03835809
0.00000000 0.00000000 0.00000000 1.00000000
71 2.697766 0.067320
-0.54745692 0.49538249 -0.67445332 1.01871312
-0.34886652 0.59747744 0.72202003 -1.25046515
0.76064706 0.63056874 -0.15427062 1.41764855
0.00000000 0.00000000 0.00000000 1.00000000
72 4.438267 0.151494
-0.56166118 0.41697362 -0.71461147 0.75334561
-0.24090052 0.74387598 0.62338984 -0.91378051
0.79151917 0.52228469 -0.31735748 1.87763476
0.00000000 0.00000000 0.00000000 1.00000000
73 2.832412 0.089114
-0.25949541 0.55517423 -0.79021692 0.94487536
-0.23686311 0.75666714 0.60938579 -1.04516709
0.93624651 0.34530661 -0.06485145 1.80030346
0.00000000 0.00000000 0.00000000 1.00000000
74 90.143769 2.893822
0.95009828 0.17720161 -0.25673467 -0.23839605
-0.18606080 0.98248196 -0.01043397 0.16688471
0.25038865 0.05768058 0.96642518 -0.08880138
0.00000000 0.00000000 0.00000000 1.00000000
75 3.393384 0.045566
0.55599403 0.39765072 -0.72989202 0.05768716
-0.35948640 0.90679872 0.22019218 -0.65177989
0.74942571 0.13996151 0.64712572 1.09057057
0.00000000 0.00000000 0.00000000 1.00000000
76 7.361220 0.251687
0.10044278 0.48678461 -0.86772829 1.55049181
-0.22382861 0.86083865 0.45700988 -0.70838296
0.96943909 0.14831966 0.19542143 1.33259141
0.00000000 0.00000000 0.00000000 1.00000000
77 4.008194 0.135255
0.04987010 0.40097168 -0.91473174 1.22505796
-0.25263581 0.89115143 0.37686205 -0.81173491
0.96627545 0.21229997 0.14574185 1.40079629
0.00000000 0.00000000 0.00000000 1.00000000
78 2.859375 0.056204
0.08143724 0.39400268 -0.91549408 0.96036321
-0.25207880 0.89682353 0.36354393 -0.91246128
0.96427399 0.20117089 0.17235461 1.52934170
0.00000000 0.00000000 0.00000000 1.00000000
79 98.278124 1.992599
0.91379189 -0.40562809 -0.02125674 0.27966219
0.40355733 0.90069354 0.16091326 -0.00245082
-0.04612452 -0.15561950 0.98674077 -0.31332064
0.00000000 0.00000000 0.00000000 1.00000000
80 6.398377 0.260753
0.24023202 0.39141959 -0.88830197 0.77341926
-0.27307141 0.90539551 0.32510239 -0.73601657
0.93151546 0.16447011 0.32438985 1.39951348
0.00000000 0.00000000 0.00000000 1.00000000
81 86.800593 2.942160
-0.93981290 0.08761083 0.33026633 -0.97902262
0.34075952 0.31156802 0.88702238 -2.36083817
-0.02518788 0.94617665 -0.32266989 2.68744206
0.00000000 0.00000000 0.00000000 1.00000000
82 93.814996 2.212492
0.62039137 -0.41835988 0.66339177 -2.03618193
0.52877831 0.84780902 0.04015663 -0.22652218
-0.57923025 0.32587457 0.74719328 0.89738584
0.00000000 0.00000000 0.00000000 1.00000000
83 4.796813 0.201448
0.01425225 0.39243838 -0.91966856 1.31485486
-0.24561748 0.89295495 0.37723354 -0.51911676
0.96926236 0.22051004 0.10911524 1.40874672
0.00000000 0.00000000 0.00000000 1.00000000
84 10.434281 0.329386
0.02910081 0.46852577 -0.88297057 0.94542968
-0.18710697 0.87028468 0.45562714 -0.72952402
0.98190826 0.15195125 0.11299068 1.54547703
0.00000000 0.00000000 0.00000000 1.00000000
85 86.365668 2.308147
-0.95018357 0.17014296 -0.26115656 -0.17412603
-0.10341710 0.61831176 0.77909875 -1.89693940
0.29403469 0.76729465 -0.56991422 3.72711778
0.00000000 0.00000000 0.00000000 1.00000000
86 4.974608 0.150458
0.18717974 0.47165260 -0.86168981 0.32140613
-0.30444396 0.86185515 0.40561083 -0.86989844
0.93395823 0.18641409 0.30491310 1.43968654
0.00000000 0.00000000 0.00000000 1.00000000
87 87.765501 2.265159
-0.95157629 0.12289836 0.28177756 -0.99450785
0.30663976 0.31451106 0.89836264 -1.99921215
0.02178501 0.94126493 -0.33696681 2.26940322
0.00000000 0.00000000 0.00000000 1.00000000
88 92.257962 1.544889
0.58370394 -0.37311873 0.72116071 -1.57135415
0.47534326 0.87708664 0.06905229 -0.45975339
-0.65828472 0.30249256 0.68931830 1.10753381
0.00000000 0.00000000 0.00000000 1.00000000
89 87.505869 2.328778
-0.99328190 0.10351253 -0.05173105 -0.24857095
0.02079332 0.59941411 0.80016899 -1.61095476
0.11383583 0.79371792 -0.59753978 3.40309477
0.00000000 0.00000000 0.00000000 1.00000000
90 7.840673 0.133096
0.12922901 0.40247300 -0.90626436 0.52163380
-0.33814371 0.87703532 0.34127471 -1.32779241
0.93217963 0.26234502 0.24943200 1.91766346
0.00000000 0.00000000 0.00000000 1.00000000
91 94.828608 1.016354
0.98965836 -0.12275347 0.07422519 0.37996066
0.12264673 0.99243236 0.00600830 -0.50626993
-0.07440048 0.00315708 0.99722439 0.42120957
0.00000000 0.00000000 0.00000000 1.00000000
92 3.212844 0.041712
0.16314852 0.46803105 -0.86852080 0.77057707
-0.31423992 0.85912013 0.40393603 -0.85678732
0.93521965 0.20702194 0.28723788 1.24472952
0.00000000 0.00000000 0.00000000 1.00000000
93 94.222626 0.959642
0.99709231 -0.06991335 0.03029236 0.80899197
0.07096028 0.99686521 -0.03498957 -0.48671174
-0.02775162 0.03703735 0.99892771 0.11856604
0.00000000 0.00000000 0.00000000 1.00000000
94 95.013419 1.023474
0.89670920 -0.44242132 -0.01321900 0.88589889
0.44165352 0.89632601 -0.03926061 -0.66556585
0.02921811 0.02936722 0.99914104 0.96024656
0.00000000 0.00000000 0.00000000 1.00000000
95 92.580714 1.196943
0.72769225 -0.31432191 0.60964483 -1.03678179
0.40889934 0.91240901 -0.01765367 -0.48953301
-0.55069602 0.26212975 0.79247880 1.22549462
0.00000000 0.00000000 0.00000000 1.00000000
96 2.894350 0.119260
0.97487742 0.11007538 -0.19364148 0.19731185
-0.10642708 0.99389207 0.02917610 -0.91329992
0.19567029 -0.00783458 0.98063809 1.56758809
0.00000000 0.00000000 0.00000000 1.00000000
97 5.625875 0.095085
-0.20587936 0.50046766 -0.84091991 0.08910882
-0.49433473 0.68843716 0.53074342 -1.23917198
0.84454024 0.52496469 0.10566351 1.88945448
0.00000000 0.00000000 0.00000000 1.00000000
98 94.122187 0.635955
0.97050315 0.17327395 -0.16762848 0.23759475
-0.14370359 0.97404802 0.17486742 -0.66752136
0.19357838 -0.14561999 0.97021723 0.92144275
0.00000000 0.00000000 0.00000000 1.00000000
99 93.154415 0.662636
0.98873460 0.11191089 -0.09939516 0.73605484
-0.08770811 0.97129333 0.22112605 -0.71155673
0.12128812 -0.20991707 0.97016698 0.83009994
0.00000000 0.00000000 0.00000000 1.00000000
100 93.997349 0.577347
0.95231515 0.25683188 -0.16472486 0.60365814
-0.22698660 0.95711410 0.18002936 -0.69919628
0.20389858 -0.13405460 0.96977133 0.61460710
0.00000000 0.00000000 0.00000000 1.00000000
101 4.253214 0.132367
0.83486760 0.45604563 -0.30824888 0.00918464
-0.37780070 0.88200599 0.28165972 -1.07784879
0.40032735 -0.11869194 0.90865284 1.97862232
0.00000000 0.00000000 0.00000000 1.00000000
102 2.009350 0.003137
0.05196185 0.55062330 -0.83313322 0.86176383
-0.40939945 0.77268082 0.48513275 -0.57822692
0.91087359 0.31587648 0.26557487 1.22595918
0.00000000 0.00000000 0.00000000 1.00000000
103 3.287059 0.039486
-0.66700107 0.55046439 -0.50209308 0.04040796
-0.37364116 0.33589783 0.86461866 -1.31984782
0.64459407 0.76430333 -0.01836793 1.90409148
0.00000000 0.00000000 0.00000000 1.00000000
104 97.896125 0.614204
0.80056918 0.49040675 -0.34436929 0.20903382
-0.25341868 0.79782939 0.54703540 -0.78904873
0.54301775 -0.35067016 0.76299590 0.89561462
0.00000000 0.00000000 0.00000000 1.00000000
105 5.303339 0.072025
-0.55195993 0.72778189 -0.40703169 0.26917347
-0.29082137 0.28946334 0.91194022 -0.90768707
0.78151405 0.62172765 0.05188146 1.18821037
0.00000000 0.00000000 0.00000000 1.00000000
106 92.004967 0.891280
0.69906956 0.62079728 -0.35483906 0.90007192
-0.37003639 0.73870695 0.56336886 -0.77148181
0.61186057 -0.26253098 0.74612600 0.51443052
0.00000000 0.00000000 0.00000000 1.00000000
107 91.934103 1.663364
0.85662895 -0.36368665 0.36594823 -0.16877884
0.18995279 0.88179308 0.43169314 -0.34201363
-0.47969109 -0.30028820 0.82445329 0.55293882
0.00000000 0.00000000 0.00000000 1.00000000
108 3.088194 0.075264
0.60524285 0.71132529 -0.35734811 0.02239531
-0.41941446 0.66649574 0.61633986 -0.78916556
0.67658925 -0.22315834 0.70173186 1.35095704
0.00000000 0.00000000 0.00000000 1.00000000
109 7.609115 0.138525
0.62537444 0.68215919 -0.37889752 -0.17909133
-0.39129156 0.69424772 0.60407734 -0.43421879
0.67512512 -0.22951522 0.70108867 0.87200272
0.00000000 0.00000000 0.00000000 1.00000000
110 3.000222 0.032422
-0.46952289 0.68398529 -0.55831140 0.89944315
-0.46514046 0.34585735 0.81487823 -1.14953613
0.75046146 0.64229763 0.15576139 1.33886635
0.00000000 0.00000000 0.00000000 1.00000000
111 175.975277 1.974748
-0.45695758 -0.61584097 0.64181739 -0.00569737
-0.41801578 -0.48823214 -0.76608860 1.12981808
0.78514469 -0.61835986 -0.03432971 1.54180014
0.00000000 0.00000000 0.00000000 1.00000000
112 7.834312 0.072956
-0.94504637 0.24629605 -0.21499990 0.00488238
-0.18992002 0.12170418 0.97422618 -1.26450825
0.26611441 0.96152276 -0.06823975 1.74220610
0.00000000 0.00000000 0.00000000 1.00000000
113 177.308663 3.499060
-0.93847686 0.34269601 0.04266746 -0.34820199
-0.04997373 -0.01251388 -0.99867225 2.19274974
-0.34170711 -0.93936300 0.02886975 2.18730783
0.00000000 0.00000000 0.00000000 1.00000000
114 22.111806 0.335806
0.51679194 0.75763643 -0.39863849 -0.48045623
-0.39200264 0.62337124 0.67656577 -0.14075673
0.76109111 -0.19337729 0.61914897 0.28577876
0.00000000 0.00000000 0.00000000 1.00000000
115 114.188097 1.351539
0.57672602 -0.73125207 0.36422122 -0.17999689
0.58186293 0.68063307 0.44516456 -0.63097721
-0.57342970 -0.04481161 0.81802815 0.52243268
0.00000000 0.00000000 0.00000000 1.00000000
116 178.591801 1.908917
0.94255072 -0.02523217 -0.33311176 0.28783661
0.14554629 0.92854774 0.34149358 -0.10460317
0.30069292 -0.37035662 0.87887454 0.06424236
0.00000000 0.00000000 0.00000000 1.00000000
117 2.829923 0.030652
-0.42683047 -0.58789057 0.68716711 -0.62616712
0.63300943 0.34844127 0.69129199 -0.54732406
-0.64584291 0.73004818 0.22341466 0.47026384
0.00000000 0.00000000 0.00000000 1.00000000
118 3.010514 0.072963
-0.65069950 -0.45094508 0.61093277 -0.95517206
0.46257365 0.40263581 0.78987920 -0.71239418
-0.60217595 0.79657531 -0.05339980 1.19554722
0.00000000 0.00000000 0.00000000 1.00000000
119 177.177072 2.291930
-0.93298560 -0.10285024 0.34490517 -1.15337956
-0.31996229 -0.20179603 -0.92569041 1.36646032
0.16480848 -0.97401285 0.15536422 1.51356292
0.00000000 0.00000000 0.00000000 1.00000000
120 2.218761 0.074165
-0.43965581 -0.67856127 0.58843595 -1.82432139
0.53238332 0.33076727 0.77920407 -0.72887933
-0.72337401 0.65585542 0.21583036 1.07774198
0.00000000 0.00000000 0.00000000 1.00000000
121 4.976026 0.023225
-0.98550004 0.10949119 0.12962224 -1.71436322
0.15000451 0.20515935 0.96716589 -1.11995721
0.07930318 0.97258520 -0.21860826 2.01439190
0.00000000 0.00000000 0.00000000 1.00000000
122 174.101428 1.858004
0.93732822 -0.31525615 0.14843321 -1.29185486
0.24575497 0.90008759 0.35979155 -0.26663899
-0.24702837 -0.30076256 0.92115104 0.48395538
0.00000000 0.00000000 0.00000000 1.00000000
123 8.920375 0.167383
0.39070612 0.65641844 -0.64533949 -0.18265569
-0.63019598 0.70175111 0.33225885 -0.11526627
0.67096990 0.27687478 0.68785113 0.09590149
0.00000000 0.00000000 0.00000000 1.00000000
124 175.642431 1.844993
0.88197219 0.26262081 -0.39135292 0.75081205
-0.01521564 0.84579945 0.53328925 -0.31849879
0.47105688 -0.46438903 0.74996614 0.12958407
0.00000000 0.00000000 0.00000000 1.00000000
125 2.458139 0.061904
-0.86899823 -0.34532925 0.35438633 -0.72416019
0.23973775 0.33269033 0.91205406 -1.02585554
-0.43285993 0.87753344 -0.20631903 1.33130360
0.00000000 0.00000000 0.00000000 1.00000000
126 2.034324 0.024177
-0.90464860 -0.26528144 0.33352059 -1.08002448
0.24301687 0.32176995 0.91509926 -1.13694859
-0.35007626 0.90889478 -0.22662124 1.51685333
0.00000000 0.00000000 0.00000000 1.00000000
127 3.345388 0.049993
-0.86816382 -0.40808988 0.28240713 -1.52812648
0.21687582 0.19986254 0.95552063 -1.42874122
-0.44638124 0.89079571 -0.08500862 1.22176147
0.00000000 0.00000000 0.00000000 1.00000000
128 2.625548 0.062732
-0.87874091 -0.43431205 0.19795932 -1.39747429
0.09738050 0.24288797 0.96515405 -1.06533837
-0.46726012 0.86739755 -0.17114241 1.32796848
0.00000000 0.00000000 0.00000000 1.00000000
129 1.963437 0.096343
-0.49063355 -0.51758194 0.70099026 -0.55610383
0.56575179 0.42263111 0.70803106 -0.96114153
-0.66272461 0.74397027 0.08546606 1.63376164
0.00000000 0.00000000 0.00000000 1.00000000
130 3.531471 0.076313
-0.33815894 -0.51817048 0.78558713 -0.53565538
0.66124177 0.46315134 0.59012693 -0.92030960
-0.66963184 0.71901941 0.18601729 1.34072256
0.00000000 0.00000000 0.00000000 1.00000000
131 3.275245 0.043588
0.00630540 -0.58358520 0.81202716 -0.19134283
0.79057086 0.50016338 0.35331762 -0.74143398
-0.61233747 0.63973749 0.46451920 0.57362664
0.00000000 0.00000000 0.00000000 1.00000000
132 5.320013 0.074141
-0.82423526 -0.04907346 0.56411678 -0.99727601
0.52738571 0.29617447 0.79633117 -1.11002481
-0.20615564 0.95387167 -0.21823761 2.02578926
0.00000000 0.00000000 0.00000000 1.00000000
133 3.246909 0.059711
0.65514147 0.44782561 -0.60847497 -0.06283444
-0.38489768 0.89087224 0.24124758 -0.05432339
0.65011024 0.07614931 0.75601429 0.00884795
0.00000000 0.00000000 0.00000000 1.00000000
134 2.935583 0.081651
-0.33607796 -0.64617682 0.68520504 -0.00083393
0.58004332 0.43117493 0.69111371 -0.71942556
-0.74202460 0.62971610 0.22990221 1.30187774
0.00000000 0.00000000 0.00000000 1.00000000
135 3.039892 0.069914
-0.17361815 -0.63291895 0.75450015 -0.45456874
0.56871444 0.56103772 0.60149848 -0.82667673
-0.80400294 0.53352582 0.26254398 1.45076787
0.00000000 0.00000000 0.00000000 1.00000000
136 87.046555 1.866266
0.96917611 -0.13005623 -0.20924239 -0.76016438
0.16144551 0.97680789 0.14064509 -0.59302694
0.18609788 -0.17009106 0.96769643 0.05526745
0.00000000 0.00000000 0.00000000 1.00000000
137 94.782439 0.405801
0.96891248 0.08162425 -0.23354796 -0.31161869
-0.06176803 0.99392259 0.09111742 -0.65390515
0.23956677 -0.07385898 0.96806628 0.64139795
0.00000000 0.00000000 0.00000000 1.00000000
138 94.532032 0.353036
0.98977834 0.02200162 -0.14091277 0.08960670
-0.00883349 0.99558955 0.09339986 -0.66525316
0.14234537 -0.09120017 0.98560679 0.61782658
0.00000000 0.00000000 0.00000000 1.00000000
139 56.502941 0.968094
0.93525285 -0.16411373 0.31363896 -0.36712864
0.19526622 0.97821975 -0.07041207 -0.27584440
-0.29525211 0.12709612 0.94692832 0.00943851
0.00000000 0.00000000 0.00000000 1.00000000
140 93.136103 1.846240
0.94938713 -0.15798897 -0.27148423 -0.44733042
0.18628247 0.97909701 0.08165337 -0.52870888
0.25290948 -0.12809323 0.95897281 -0.09770596
0.00000000 0.00000000 0.00000000 1.00000000
141 91.958221 2.387897
-0.56017041 -0.46862394 0.68308109 -0.05464202
0.51092929 0.45361477 0.73019487 -1.60588145
-0.65204275 0.75803971 -0.01466841 2.54295039
0.00000000 0.00000000 0.00000000 1.00000000
142 95.480918 0.233184
0.51859576 -0.40971074 0.75046337 -0.39883423
0.45057300 0.87690789 0.16738099 -1.09964216
-0.72666484 0.25133547 0.63936532 1.87101901
0.00000000 0.00000000 0.00000000 1.00000000
143 6.984885 3.308000
0.19250548 0.63559455 -0.74763685 3.11075044
-0.69185251 0.62821567 0.35592821 -1.25548577
0.69590354 0.44873703 0.56067288 0.49165225
0.00000000 0.00000000 0.00000000 1.00000000
144 94.599676 0.518708
0.97655654 -0.21043675 0.04533798 0.45612103
0.20973364 0.97755826 0.01978666 -0.34492707
-0.04848430 -0.00981437 0.99877608 0.50246274
0.00000000 0.00000000 0.00000000 1.00000000
145 2.279502 0.085217
0.33524442 -0.64924151 0.68271345 -0.06500262
0.50715113 0.73505920 0.44998476 -0.67728376
-0.79398274 0.19538414 0.57568854 1.11084366
0.00000000 0.00000000 0.00000000 1.00000000
146 94.461912 0.635535
0.89514852 0.13173175 -0.42585748 0.35375887
-0.06116688 0.98259938 0.17537887 -0.90910840
0.44155070 -0.13094231 0.88763011 1.04331470
0.00000000 0.00000000 0.00000000 1.00000000
147 5.599337 0.081081
0.30997846 -0.58279783 0.75117022 -0.06623173
0.48997205 0.77501214 0.39910263 -0.66940755
-0.81476253 0.24433941 0.52579367 0.48931193
0.00000000 0.00000000 0.00000000 1.00000000
148 3.604674 0.037141
0.30270270 -0.74165183 0.59860152 0.02955204
0.56127667 0.64632255 0.51694888 -1.09135985
-0.77028525 0.17949943 0.61191547 1.03456974
0.00000000 0.00000000 0.00000000 1.00000000
149 3.189728 0.049898
0.94549936 -0.27398700 0.17596218 -1.66633892
0.24500957 0.95453894 0.16978097 -0.48957935
-0.21448056 -0.11741540 0.96964532 0.50716496
0.00000000 0.00000000 0.00000000 1.00000000
150 8.813585 2.075501
0.95971209 -0.18212272 0.21397138 -0.93925774
0.13368589 0.96574891 0.22239000 -1.06259429
-0.24714518 -0.18482547 0.95118815 1.39855587
0.00000000 0.00000000 0.00000000 1.00000000
151 4.595763 2.181383
0.95345730 -0.21141167 0.21499966 -0.97686625
0.15837678 0.95788103 0.23954356 -0.87019199
-0.25658661 -0.19434354 0.94678134 1.22255075
0.00000000 0.00000000 0.00000000 1.00000000
152 95.029720 0.649162
0.66865826 -0.40826863 0.62145936 -0.61045265
0.32782730 0.91203046 0.24643438 -0.89550549
-0.66740137 0.03895106 0.74367821 1.42292893
0.00000000 0.00000000 0.00000000 1.00000000
153 85.447374 2.041189
-0.55616301 0.66404313 -0.49973011 0.39270788
-0.30735454 0.39432871 0.86604786 -1.88680518
0.77215135 0.63525760 -0.01521525 2.85191607
0.00000000 0.00000000 0.00000000 1.00000000
154 13.286695 0.021079
-0.69848061 0.51615447 -0.49569124 0.05998173
-0.56501698 0.02732848 0.82462633 -0.54530865
0.43918115 0.85605967 0.27254820 0.22103232
0.00000000 0.00000000 0.00000000 1.00000000
155 3.839308 0.052982
-0.13931437 0.72371143 -0.67589384 0.50654763
-0.72198933 0.39290795 0.56952047 -0.34991726
0.67773306 0.56733054 0.46777409 0.11106098
0.00000000 0.00000000 0.00000000 1.00000000
156 97.779620 0.733830
0.98004341 -0.05555503 -0.19086191 0.94811112
0.09815520 0.97018182 0.22161579 -0.29387125
0.17285898 -0.23592715 0.95627332 0.28661346
0.00000000 0.00000000 0.00000000 1.00000000
157 3.405133 0.053631
0.66190910 -0.60529280 0.44215125 -0.38848507
0.42453101 0.78885514 0.44438964 -0.85456073
-0.61777890 -0.10643825 0.77911544 0.68318522
0.00000000 0.00000000 0.00000000 1.00000000
158 5.196067 0.081862
0.68427676 -0.48860252 0.54132485 -0.63390607
0.32572943 0.86895716 0.37257561 -0.41045082
-0.65242982 -0.07861969 0.75375998 0.06006062
0.00000000 0.00000000 0.00000000 1.00000000
159 6.665739 0.143582
0.59764606 -0.55962729 0.57413781 -0.25175402
0.39055556 0.82859927 0.40111059 -0.41846871
-0.70020306 -0.01548980 0.71377563 0.02504909
0.00000000 0.00000000 0.00000000 1.00000000
160 3.681850 0.063788
0.60036707 -0.67802954 0.42407024 -0.16678363
0.49272978 0.73127931 0.47164568 -0.86541253
-0.62990260 -0.07420836 0.77312112 0.57664585
0.00000000 0.00000000 0.00000000 1.00000000
161 2.492457 0.032204
0.95514458 -0.25012055 0.15855116 -1.30947351
0.19731295 0.93674415 0.28909716 -0.40958843
-0.22083108 -0.24484596 0.94407833 0.58507061
0.00000000 0.00000000 0.00000000 1.00000000
162 2.938782 0.043533
0.99380344 -0.10739353 -0.02867561 -1.45674348
0.11115512 0.96132517 0.25199330 -0.28390804
0.00050445 -0.25361812 0.96730459 0.13241482
0.00000000 0.00000000 0.00000000 1.00000000
163 93.337309 3.086382
0.93411893 0.00003518 0.35696125 -1.13289011
-0.34487712 -0.25790247 0.90252221 -2.09897685
0.09209291 -0.96617132 -0.24089956 1.67683339
0.00000000 0.00000000 0.00000000 1.00000000
164 6.332087 2.423700
0.99768221 0.00871232 0.06747904 -0.48578203
-0.02970976 0.94800407 0.31686699 -0.75404871
-0.06120926 -0.31813702 0.94606632 0.90275788
0.00000000 0.00000000 0.00000000 1.00000000
165 3.870295 2.137782
0.83642733 -0.38274926 0.39228982 -0.53675228
0.26840982 0.91011000 0.31568193 -0.39545059
-0.47785440 -0.15875073 0.86397523 0.55106473
0.00000000 0.00000000 0.00000000 1.00000000
166 4.182637 0.068316
-0.50847948 -0.52669001 0.68120944 -1.26589811
0.45465738 0.50762206 0.73185098 -1.09714496
-0.73125541 0.68184859 -0.01865198 2.00836229
0.00000000 0.00000000 0.00000000 1.00000000
167 8.043202 0.133509
-0.55150437 -0.46726224 0.69101954 -1.31955361
0.45675167 0.52402008 0.71887338 -0.76545513
-0.69801116 0.71208745 -0.07557706 1.55217993
0.00000000 0.00000000 0.00000000 1.00000000
168 5.136905 0.031505
-0.99921167 0.03969507 0.00122645 -0.57357925
-0.00358912 -0.12102325 0.99264431 -0.99150586
0.03955160 0.99185598 0.12107079 0.66603452
0.00000000 0.00000000 0.00000000 1.00000000
169 14.148929 0.120407
-0.89927292 0.31794786 -0.30036265 0.04677671
-0.36792451 -0.17854363 0.91255379 -1.02268744
0.23651670 0.93114543 0.27754074 0.54481685
0.00000000 0.00000000 0.00000000 1.00000000
170 2.510766 0.036558
-0.44011596 0.72386688 -0.53133422 0.80527568
-0.63044947 0.17224902 0.75687945 -0.74146724
0.63940072 0.66809428 0.38055241 0.38499457
0.00000000 0.00000000 0.00000000 1.00000000
171 14.632829 1.762948
0.40042076 0.85993594 -0.31650335 0.25355363
-0.81732589 0.49134085 0.30093682 -1.19758570
0.41429797 0.13818489 0.89959031 0.82310939
0.00000000 0.00000000 0.00000000 1.00000000
172 3.412600 0.059388
0.32727361 -0.69038665 0.64518046 -0.08083236
0.40873045 0.71903110 0.56208128 -0.34227791
-0.85195756 0.07975024 0.51750219 0.19235432
0.00000000 0.00000000 0.00000000 1.00000000
173 2.617036 0.079334
0.83161288 -0.49912179 0.24351105 -1.74968362
0.39830559 0.84160137 0.36477184 -0.96071875
-0.38700494 -0.20635748 0.89868999 0.09152710
0.00000000 0.00000000 0.00000000 1.00000000
174 6.802792 0.135838
0.71484637 -0.39478838 0.57718062 -0.50299162
0.26213282 0.91648829 0.30221811 -0.21631889
-0.64829147 -0.06474154 0.75863516 -0.30766630
0.00000000 0.00000000 0.00000000 1.00000000
175 3.295625 0.077180
0.58512098 -0.36210424 0.72561163 -0.40795606
0.18725622 0.93092132 0.31356037 -0.26469186
-0.78902918 -0.04759537 0.61250901 -0.23886526
0.00000000 0.00000000 0.00000000 1.00000000
176 4.688262 0.108217
0.67069304 -0.55064011 0.49695680 -0.08391073
0.39426327 0.83216035 0.38995507 -0.62692535
-0.62827295 -0.06560846 0.77522159 0.22156107
0.00000000 0.00000000 0.00000000 1.00000000
177 18.592668 0.643222
0.94364345 0.32155573 0.07834554 -1.72264385
-0.32265401 0.94651580 0.00144332 0.67216241
-0.07369149 -0.02664072 0.99692523 -0.38601732
0.00000000 0.00000000 0.00000000 1.00000000
178 178.692615 6.735792
-0.98081172 -0.17758797 -0.08044690 -0.76951981
-0.13571049 0.32565334 0.93569899 -3.03747392
-0.13997096 0.92866188 -0.34350550 5.10918951
0.00000000 0.00000000 0.00000000 1.00000000
179 2.794843 0.084287
0.88837737 -0.26216990 0.37690008 -2.41752481
0.17635964 0.95281148 0.24708340 -0.13717653
-0.42389116 -0.15303221 0.89269137 -0.13790631
0.00000000 0.00000000 0.00000000 1.00000000
180 7.750840 0.213188
-0.41196576 -0.51300335 0.75306833 -1.64005721
0.40203381 0.63933176 0.65545642 -0.89178687
-0.81771189 0.57278478 -0.05713812 1.74596977
0.00000000 0.00000000 0.00000000 1.00000000
181 4.351902 0.047622
-0.99838537 -0.05268864 -0.02124707 -0.91695428
-0.01873838 -0.04765499 0.99868882 -1.13922870
-0.05363186 0.99747348 0.04659146 0.76837575
0.00000000 0.00000000 0.00000000 1.00000000
182 156.748503 2.234608
0.96494615 -0.04705246 0.25819618 -1.29636145
0.11893021 0.95538294 -0.27036902 0.25497922
-0.23395464 0.29159874 0.92748892 -0.22244775
0.00000000 0.00000000 0.00000000 1.00000000
183 3.069373 0.083634
-0.46552798 0.63514209 -0.61634159 0.82946420
-0.68699569 0.17971161 0.70408762 -1.01128888
0.55796015 0.75119680 0.35267842 0.60637605
0.00000000 0.00000000 0.00000000 1.00000000
184 2.623311 0.013306
0.29434961 0.81924003 -0.49214250 1.45194757
-0.76668400 0.50985944 0.39017910 -0.48658788
0.57057357 0.26246876 0.77817512 -0.23454106
0.00000000 0.00000000 0.00000000 1.00000000
185 8.616778 0.229043
0.46014315 -0.63383418 0.62170923 0.06211662
0.37087917 0.77344573 0.51403278 -0.18518603
-0.80667061 -0.00594991 0.59097177 -0.30324388
0.00000000 0.00000000 0.00000000 1.00000000
186 3.719102 0.206382
0.96829575 -0.07070872 -0.23959281 -1.00454402
-0.02247943 0.93055010 -0.36547446 0.34751800
0.24879579 0.35927349 0.89945805 -0.39212298
0.00000000 0.00000000 0.00000000 1.00000000
187 2.952075 0.098459
0.93823040 0.13057643 -0.32042772 -0.81841934
-0.22867903 0.92898595 -0.29101706 0.41864756
0.25967282 0.34631610 0.90146303 -0.65057540
0.00000000 0.00000000 0.00000000 1.00000000
188 86.024992 4.320281
-0.59682298 0.24451157 -0.76421022 1.62730217
-0.48318887 0.65084946 0.58559668 -1.95749879
0.64057040 0.71875507 -0.27029622 1.86188686
0.00000000 0.00000000 0.00000000 1.00000000
189 86.965930 4.373636
0.54617941 0.35828468 -0.75717831 1.23252892
-0.25873560 0.93186998 0.25431064 -1.68122077
0.79670739 0.05700988 0.60166997 1.01925945
0.00000000 0.00000000 0.00000000 1.00000000
190 84.559948 3.351568
0.98648673 -0.03548151 0.15995079 -1.29207003
0.12094770 0.81627041 -0.56486678 1.48064613
-0.11052099 0.57657969 0.80953121 -1.42646527
0.00000000 0.00000000 0.00000000 1.00000000
191 95.373301 3.194690
0.86385524 0.19170380 0.46583572 -2.04289460
0.17984436 0.74644101 -0.64068764 1.18689787
-0.47054204 0.63723993 0.61034060 -0.28499174
0.00000000 0.00000000 0.00000000 1.00000000
192 4.163677 0.185680
0.91507113 -0.02827558 -0.40230083 -0.14391828
-0.10803949 0.94389075 -0.31208658 0.59082288
0.38855255 0.32904586 0.86067235 -0.80096459
0.00000000 0.00000000 0.00000000 1.00000000
193 11.083650 0.683998
0.76126921 -0.02527864 -0.64794129 0.31418312
-0.17669575 0.95333868 -0.24479340 0.47040933
0.62389684 0.30084234 0.72128069 -0.45670891
0.00000000 0.00000000 0.00000000 1.00000000
194 3.034736 0.125903
0.96231234 -0.10115312 -0.25243407 -0.48154843
-0.00691017 0.91885442 -0.39453575 -0.22806674
0.27185911 0.38141087 0.88352609 0.01984501
0.00000000 0.00000000 0.00000000 1.00000000
195 2.206200 0.070996
0.95539701 -0.11506087 -0.27198875 -1.08583272
0.01250819 0.93592006 -0.35199052 0.02474850
0.29506034 0.33288866 0.89561439 -0.14255524
0.00000000 0.00000000 0.00000000 1.00000000
196 1.969608 0.076768
0.91416442 0.09428793 -0.39422664 -0.83692575
-0.22225739 0.92992812 -0.29297638 0.18996611
0.33897859 0.35544831 0.87106282 -0.39359403
0.00000000 0.00000000 0.00000000 1.00000000
197 29.516457 2.082943
0.32835543 0.33493870 -0.88317484 2.16224957
