0 5.796638 0.328443
0.92556453 -0.11210608 0.36161041 0.64667076
0.14960384 0.98571754 -0.07733083 0.10811436
-0.34777620 0.12567320 0.92911720 -0.48477101
0.00000000 0.00000000 0.00000000 1.00000000
7 10.884555 0.340649
0.87596309 -0.07989486 -0.47571635 -0.75969350
0.08434951 0.99636364 -0.01201749 -0.32123673
0.47494635 -0.02960023 0.87951660 0.45710301
0.00000000 0.00000000 0.00000000 1.00000000
11 95.803167 1.171431
0.61094975 0.33868480 -0.71556604 1.58103824
-0.35191932 0.92584080 0.13774100 -0.52911490
0.70914996 0.16766757 0.68483198 1.03115463
0.00000000 0.00000000 0.00000000 1.00000000
15 90.375965 1.748392
0.76165169 0.13356233 -0.63407290 0.37379813
-0.09683134 0.99099928 0.09243172 0.32074031
0.64071131 -0.00900281 0.76772892 -0.42903280
0.00000000 0.00000000 0.00000000 1.00000000
18 3.532137 2.153425
0.65382999 -0.31273893 0.68898565 -1.90106463
0.30705523 0.94190258 0.13615327 0.03091116
-0.69153768 0.12253533 0.71187216 0.38887954
0.00000000 0.00000000 0.00000000 1.00000000
20 96.515517 1.586490
0.89045423 0.01682521 -0.45476121 0.78313333
-0.04339971 0.99790108 -0.04805860 0.14050466
0.45299831 0.06253016 0.88931531 -0.28577876
0.00000000 0.00000000 0.00000000 1.00000000
22 6.231462 1.911195
0.42264503 -0.32079265 0.84762192 -1.67568159
0.40798068 0.90248150 0.13812658 -0.08675779
-0.80927324 0.28743458 0.51230657 0.02127349
0.00000000 0.00000000 0.00000000 1.00000000
26 91.019473 1.407983
0.85750324 0.24948385 -0.44994020 0.76358348
-0.24750641 0.96674746 0.06434289 0.32006139
0.45103109 0.05618891 0.89073813 -1.21019900
0.00000000 0.00000000 0.00000000 1.00000000
29 100.160841 1.953231
0.48787931 0.47235018 -0.73407072 1.63537169
-0.68021762 0.73275280 0.01941386 -0.62869233
0.54706210 0.48985657 0.67879581 0.55942011
0.00000000 0.00000000 0.00000000 1.00000000
31 4.026134 0.642758
0.58836043 -0.43611479 0.68090785 -0.22849190
0.46245015 0.87225771 0.15907735 0.06536832
-0.66330367 0.22129092 0.71488351 -0.06953371
0.00000000 0.00000000 0.00000000 1.00000000
35 61.523786 1.972937
0.90919441 0.28241408 -0.30595466 1.46039486
-0.15031296 0.90788305 0.39134997 -1.11423159
0.38829362 -0.30982396 0.86789262 -0.52090883
0.00000000 0.00000000 0.00000000 1.00000000
38 9.561023 0.564733
0.52071655 -0.43138695 0.73672199 -0.87764239
0.24679074 0.90216362 0.35382882 -0.26058537
-0.81728089 -0.00242813 0.57623404 -0.23609829
0.00000000 0.00000000 0.00000000 1.00000000
41 6.355577 0.407499
0.71644020 -0.38176841 0.58392298 0.16533959
0.25254405 0.92214411 0.29303926 0.13077781
-0.65033394 -0.06247916 0.75707465 -0.67130613
0.00000000 0.00000000 0.00000000 1.00000000
44 3.418332 0.861759
0.88694865 -0.06604120 0.45712048 0.02268177
-0.00186610 0.98920316 0.14653300 -0.23062131
-0.46186167 -0.13081977 0.87725049 -0.31410575
0.00000000 0.00000000 0.00000000 1.00000000
46 21.485054 1.903298
0.51733959 -0.26584369 0.81344128 -1.25459313
0.06171831 0.95964086 0.27437150 -0.49933159
-0.85355151 -0.09173891 0.51286805 0.12677860
0.00000000 0.00000000 0.00000000 1.00000000
49 20.321991 1.873015
0.79996264 -0.25716418 0.54215312 -0.48608083
0.20800367 0.96633196 0.15145372 -0.23198238
-0.56284815 -0.00838703 0.82651836 -0.05952549
0.00000000 0.00000000 0.00000000 1.00000000
51 85.502005 1.375293
0.69267821 0.31012774 -0.65116549 0.67963779
-0.27745995 0.94793421 0.15631917 -0.76884091
0.66574174 0.07239333 0.74266201 0.86006570
0.00000000 0.00000000 0.00000000 1.00000000
54 3.429996 2.279978
0.96582353 0.04023528 0.25605762 -0.78235215
-0.05247849 0.99777317 0.04115912 -0.03762147
-0.25383136 -0.05319050 0.96578479 -0.43074346
0.00000000 0.00000000 0.00000000 1.00000000
55 3.043111 2.433545
0.97179705 0.22406526 -0.07352474 0.04079854
-0.23308483 0.95999503 -0.15518051 0.45565432
0.03581306 0.16794151 0.98514670 -0.94456017
0.00000000 0.00000000 0.00000000 1.00000000
57 8.323716 1.950793
0.98359919 -0.17540415 0.04202348 0.22327542
0.17425998 0.98425686 0.02953174 0.39278084
-0.04654184 -0.02172431 0.99867994 -0.54885936
0.00000000 0.00000000 0.00000000 1.00000000
59 94.582730 4.085271
-0.33732998 0.38393974 -0.85953355 1.48846686
-0.41518369 0.75877762 0.50187558 -1.98163640
0.84488463 0.52616215 -0.09655318 3.75646353
0.00000000 0.00000000 0.00000000 1.00000000
60 17.034255 2.889102
0.99011678 -0.07806273 -0.11650684 -0.63297176
0.06853252 0.99413294 -0.08368053 0.09602310
0.12235567 0.07486947 0.98965746 -0.02174425
0.00000000 0.00000000 0.00000000 1.00000000
61 94.306073 4.136021
-0.21998188 0.54067576 -0.81195998 1.95009637
-0.26991242 0.76611781 0.58327633 -1.56837559
0.93741965 0.34746784 -0.02259651 2.92620087
0.00000000 0.00000000 0.00000000 1.00000000
62 94.824154 3.221212
-0.27155405 0.42294049 -0.86451113 1.38079870
-0.45058739 0.73786622 0.50251770 -1.61791825
0.85042912 0.52599853 -0.00979894 2.50061131
0.00000000 0.00000000 0.00000000 1.00000000
66 96.048286 4.235289
-0.01400191 0.35330448 -0.93540382 2.92995381
-0.24280670 0.90629399 0.34594414 -0.67912829
0.96997464 0.23196566 0.07309538 2.68914509
0.00000000 0.00000000 0.00000000 1.00000000
68 95.793092 2.306291
0.99282557 -0.00409451 0.11950505 0.81088752
0.02763750 0.98020917 -0.19602701 0.47103333
-0.11633697 0.19792333 0.97328961 0.33083105
0.00000000 0.00000000 0.00000000 1.00000000
69 86.801917 4.768720
0.40327120 -0.55338347 0.72879303 -1.88100600
0.61723030 0.75246835 0.22982183 -0.61178541
-0.67557335 0.35715252 0.64501393 0.18795884
0.00000000 0.00000000 0.00000000 1.00000000
74 89.825157 2.889703
0.94763005 0.18880093 -0.25758967 -0.23211914
-0.19733959 0.98030758 -0.00746021 0.15879147
0.25110829 0.05790296 0.96622598 -0.09007096
0.00000000 0.00000000 0.00000000 1.00000000
79 98.717399 1.992866
0.91494334 -0.40342453 -0.01130086 0.25427571
0.39972514 0.90197986 0.16325493 -0.00632268
-0.05566780 -0.15388626 0.98651969 -0.31100512
0.00000000 0.00000000 0.00000000 1.00000000
81 94.148510 2.367013
0.97202206 0.04526278 -0.23048846 0.04572201
-0.06335662 0.99541080 -0.07171495 0.20224322
0.22618499 0.08431143 0.97042900 -0.68148685
0.00000000 0.00000000 0.00000000 1.00000000
82 93.829024 2.219029
0.62110102 -0.41084605 0.66741204 -2.04256058
0.52185035 0.85214859 0.03892612 -0.22251838
-0.58472699 0.32411209 0.74367028 0.89971304
0.00000000 0.00000000 0.00000000 1.00000000
84 85.279344 1.965722
0.95805192 -0.04168937 -0.28354552 0.62461585
0.10000104 0.97580802 0.19441596 -0.22151536
0.26858056 -0.21461609 0.93904430 0.00069308
0.00000000 0.00000000 0.00000000 1.00000000
85 88.147651 2.289209
-0.95742851 0.16474092 -0.23704615 -0.22121173
-0.10027131 0.58024162 0.80824828 -1.94926643
0.27069548 0.79760897 -0.53902107 3.66077590
0.00000000 0.00000000 0.00000000 1.00000000
87 94.109374 1.542898
0.98668480 0.02372067 -0.16090518 0.42235810
-0.04495113 0.99054462 -0.12961888 -0.08530692
0.15630904 0.13512556 0.97842181 -0.26691937
0.00000000 0.00000000 0.00000000 1.00000000
88 93.025279 1.523186
0.57009399 -0.39127675 0.72242379 -1.57384658
0.47119671 0.87603611 0.10263529 -0.53057909
-0.67302763 0.28189158 0.68379170 1.12260413
0.00000000 0.00000000 0.00000000 1.00000000
89 95.763518 1.680775
0.95249468 -0.30455041 0.00196466 0.00202908
0.30364150 0.95011061 0.07135667 -0.12940425
-0.02359763 -0.06737011 0.99744940 0.25377250
0.00000000 0.00000000 0.00000000 1.00000000
91 94.657072 1.016287
0.99016052 -0.11978980 0.07233283 0.38049412
0.11977480 0.99279016 0.00455716 -0.50552028
-0.07235739 0.00415142 0.99736959 0.42165291
0.00000000 0.00000000 0.00000000 1.00000000
92 94.289949 0.931713
0.97496587 -0.10785679 0.19444594 0.66831911
0.09563611 0.99286652 0.07120568 -0.63558811
-0.20073867 -0.05082731 0.97832590 0.32556117
0.00000000 0.00000000 0.00000000 1.00000000
93 94.161522 0.966002
0.99708879 -0.07070461 0.02855688 0.82132423
0.07170781 0.99678397 -0.03578299 -0.48502889
-0.02593455 0.03772651 0.99895203 0.11463404
0.00000000 0.00000000 0.00000000 1.00000000
94 91.522468 0.981231
0.95129257 -0.30823785 -0.00555360 0.84688973
0.30799562 0.95102179 -0.02637100 -0.75072998
0.01340988 0.02337655 0.99963617 0.96021450
0.00000000 0.00000000 0.00000000 1.00000000
95 92.701213 1.165323
0.72412241 -0.30765814 0.61724460 -1.04437709
0.37881052 0.92532134 0.01681177 -0.57461542
-0.57632333 0.22164524 0.78658974 1.21822631
0.00000000 0.00000000 0.00000000 1.00000000
98 94.026527 0.615158
0.96986949 0.18013303 -0.16402815 0.21689653
-0.15010338 0.97213686 0.18005091 -0.67923021
0.19189131 -0.15000457 0.96988469 0.92622983
0.00000000 0.00000000 0.00000000 1.00000000
99 93.250516 0.587979
0.98895633 0.11441616 -0.09420335 0.67613041
-0.08915114 0.96701926 0.23859152 -0.74489373
0.11839515 -0.22755824 0.96653986 0.86713576
0.00000000 0.00000000 0.00000000 1.00000000
100 93.759510 0.587459
0.95097858 0.25980631 -0.16774979 0.61409867
-0.22998920 0.95677543 0.17800486 -0.69576979
0.20674527 -0.13069835 0.96962535 0.61242056
0.00000000 0.00000000 0.00000000 1.00000000
104 97.896132 0.614204
0.80056900 0.49040663 -0.34436935 0.20903400
-0.25341862 0.79782903 0.54703540 -0.78904885
0.54301745 -0.35067010 0.76299572 0.89561534
0.00000000 0.00000000 0.00000000 1.00000000
106 91.948913 0.724174
0.69790471 0.65186870 -0.29664496 0.73431510
-0.39401275 0.69535011 0.60103494 -0.82044977
0.59806740 -0.30258304 0.74213177 0.55215645
0.00000000 0.00000000 0.00000000 1.00000000
107 92.349020 1.666979
0.85339534 -0.37125656 0.36590141 -0.16966082
0.19866586 0.88062179 0.43015933 -0.33847657
-0.48192000 -0.29440379 0.82527512 0.55086315
0.00000000 0.00000000 0.00000000 1.00000000
114 22.111788 0.335806
0.51679176 0.75763655 -0.39863834 -0.48045629
-0.39200264 0.62337148 0.67656589 -0.14075720
0.76109123 -0.19337708 0.61914909 0.28577852
0.00000000 0.00000000 0.00000000 1.00000000
115 113.161865 1.343695
0.56436348 -0.73596478 0.37396449 -0.19708124
0.57772839 0.67569262 0.45789671 -0.64239383
-0.58968079 -0.04237048 0.80652416 0.53153527
0.00000000 0.00000000 0.00000000 1.00000000
116 178.591662 1.908916
0.94255018 -0.02523240 -0.33311158 0.28783637
0.14554596 0.92854702 0.34149283 -0.10460228
0.30069289 -0.37035647 0.87887406 0.06424332
0.00000000 0.00000000 0.00000000 1.00000000
118 159.329153 1.814314
0.88178718 0.26673990 -0.38897410 0.38888684
-0.05908078 0.88068730 0.46999997 -0.30728728
0.46793228 -0.39145887 0.79233801 0.12250197
0.00000000 0.00000000 0.00000000 1.00000000
122 174.000403 1.847221
0.93754148 -0.31573012 0.14605188 -1.29194498
0.24441904 0.89660519 0.36926788 -0.27969941
-0.24753991 -0.31050584 0.91777468 0.48941493
0.00000000 0.00000000 0.00000000 1.00000000
124 175.643263 1.844992
0.88197184 0.26262021 -0.39135253 0.75081140
-0.01521623 0.84579736 0.53328717 -0.31849602
0.47105715 -0.46438923 0.74996513 0.12958550
0.00000000 0.00000000 0.00000000 1.00000000
136 87.700242 1.863810
0.96764016 -0.12482648 -0.21929583 -0.74256921
0.15769544 0.97760445 0.13936093 -0.58755797
0.19698890 -0.16943294 0.96565384 0.04951715
0.00000000 0.00000000 0.00000000 1.00000000
137 94.728003 0.423797
0.96925259 0.08410129 -0.23125112 -0.31731719
-0.06673845 0.99440175 0.08191969 -0.64163780
0.23684567 -0.06396742 0.96943939 0.62785625
0.00000000 0.00000000 0.00000000 1.00000000
138 94.665203 0.386482
0.98968500 0.02920476 -0.14024693 0.07780483
-0.01863751 0.99692780 0.07607993 -0.64366376
0.14203849 -0.07268168 0.98718882 0.59083390
0.00000000 0.00000000 0.00000000 1.00000000
140 96.227013 1.806617
0.93348002 -0.14704758 -0.32709739 -0.32524127
0.18103117 0.98055035 0.07582230 -0.51438296
0.30958647 -0.12999341 0.94194400 -0.11045587
0.00000000 0.00000000 0.00000000 1.00000000
141 92.606486 2.415622
-0.57120132 -0.48329154 0.66344458 -0.03337860
0.49091905 0.44662783 0.74801224 -1.63053918
-0.65782022 0.75296307 -0.01785741 2.55003071
0.00000000 0.00000000 0.00000000 1.00000000
142 95.317824 0.237475
0.51499438 -0.41754413 0.74862397 -0.39405730
0.45018044 0.87495196 0.17831486 -1.11239100
-0.72946477 0.24518472 0.63856554 1.87805820
0.00000000 0.00000000 0.00000000 1.00000000
143 159.839706 2.224931
-0.92897087 0.36836922 0.03627935 1.03036642
-0.14622530 -0.27517229 -0.95020890 1.24775922
-0.34004548 -0.88802147 0.30949324 1.44388866
0.00000000 0.00000000 0.00000000 1.00000000
144 94.378888 0.350943
0.97037435 -0.24052773 0.02281734 0.55302435
0.23772296 0.96737170 0.08763502 -0.44153628
-0.04315212 -0.07961456 0.99589175 0.61751235
0.00000000 0.00000000 0.00000000 1.00000000
146 94.229093 0.620922
0.89781600 0.13646264 -0.41869384 0.33163005
-0.06375654 0.98103762 0.18302915 -0.91329819
0.43573081 -0.13763162 0.88949180 1.01478589
0.00000000 0.00000000 0.00000000 1.00000000
147 91.712392 0.631960
0.95952237 0.20029417 -0.19798347 0.42525771
-0.15434873 0.96201134 0.22518955 -0.57630527
0.23556563 -0.18551624 0.95398712 0.25253081
0.00000000 0.00000000 0.00000000 1.00000000
148 95.231641 0.635921
0.91317940 0.07906595 -0.39981851 0.54377055
-0.02903876 0.99113131 0.12968172 -0.85588390
0.40652502 -0.10681207 0.90737474 0.82647896
0.00000000 0.00000000 0.00000000 1.00000000
150 8.954930 2.060577
0.96025193 -0.17478772 0.21763882 -0.95244390
0.12732989 0.96812046 0.21571088 -1.05472732
-0.24840501 -0.17942502 0.95189470 1.39259851
0.00000000 0.00000000 0.00000000 1.00000000
151 4.712600 2.174841
0.95861948 -0.20281798 0.19978225 -0.97375917
0.15367056 0.95937860 0.23659573 -0.86394113
-0.23965250 -0.19610469 0.95084602 1.21177387
0.00000000 0.00000000 0.00000000 1.00000000
152 95.029717 0.649162
0.66865820 -0.40826857 0.62145954 -0.61045301
0.32782730 0.91203028 0.24643424 -0.89550513
-0.66740137 0.03895111 0.74367809 1.42292905
0.00000000 0.00000000 0.00000000 1.00000000
153 95.290708 0.677935
0.57242286 -0.40978563 0.71021688 -0.72711515
0.34428507 0.90622872 0.24539356 -0.56874597
-0.74417675 0.10404781 0.65982926 0.92637002
0.00000000 0.00000000 0.00000000 1.00000000
156 95.823575 0.701520
0.98620063 -0.06290618 -0.15314022 0.87310064
0.09551455 0.97172427 0.21593931 -0.28163603
0.13522547 -0.22758678 0.96432340 0.23058653
0.00000000 0.00000000 0.00000000 1.00000000
163 172.903060 2.994410
-0.71099406 0.60816050 -0.35302788 -0.04798794
0.19784924 -0.30874512 -0.93034029 1.45385265
-0.67479187 -0.73131263 0.09919128 1.56309140
0.00000000 0.00000000 0.00000000 1.00000000
164 7.612622 2.542993
0.99465901 0.09253237 0.04576493 -0.33448792
-0.10140792 0.95876795 0.26548308 -0.71130502
-0.01931261 -0.26870587 0.96302855 0.94224644
0.00000000 0.00000000 0.00000000 1.00000000
165 3.870599 2.137782
0.83642721 -0.38274950 0.39228958 -0.53675175
0.26840919 0.91010952 0.31568176 -0.39545065
-0.47785458 -0.15875094 0.86397499 0.55106497
0.00000000 0.00000000 0.00000000 1.00000000
168 91.623787 1.233563
-0.06542446 -0.64424920 0.76201189 -1.53775144
0.80913895 0.41264793 0.41834709 -0.32713151
-0.58396298 0.64394403 0.49429050 0.23377991
0.00000000 0.00000000 0.00000000 1.00000000
169 153.153614 2.035707
0.97467965 -0.11931551 0.18911214 -1.48548222
0.15426612 0.97104073 -0.18243328 0.04974516
-0.16186871 0.20698795 0.96486008 -0.08087885
0.00000000 0.00000000 0.00000000 1.00000000
171 12.210816 1.831354
0.37577760 0.85865426 -0.34857601 0.30233061
-0.80751276 0.48793858 0.33142275 -1.25739586
0.45466179 0.15693803 0.87672973 0.91095960
0.00000000 0.00000000 0.00000000 1.00000000
177 14.910306 0.523120
0.95857567 0.28216082 0.03895703 -1.67017734
-0.28347152 0.95839244 0.03358133 0.57431573
-0.02786091 -0.04323364 0.99867648 -0.43811870
0.00000000 0.00000000 0.00000000 1.00000000
178 13.817307 0.497268
0.96022344 0.19042683 0.20422938 -1.65714288
-0.21754017 0.96869934 0.11957504 0.27434584
-0.17506656 -0.15924679 0.97159266 -0.22907186
0.00000000 0.00000000 0.00000000 1.00000000
180 88.221991 1.672836
0.82631546 -0.24043196 0.50930673 -0.66978955
0.13967581 0.96353149 0.22824556 -0.45701006
-0.54561156 -0.11746566 0.82976496 0.64081836
0.00000000 0.00000000 0.00000000 1.00000000
182 162.668863 2.333217
0.93246865 -0.08974075 0.34992659 -1.47683167
0.19056371 0.94511044 -0.26542762 0.26217371
-0.30689967 0.31418654 0.89838719 -0.18257535
0.00000000 0.00000000 0.00000000 1.00000000
183 178.624134 2.604425
-0.97084612 -0.19463030 -0.13991897 0.22629434
0.15286076 -0.05307209 -0.98682189 1.38762188
0.18463966 -0.97944033 0.08127585 1.33102918
0.00000000 0.00000000 0.00000000 1.00000000
188 86.052758 4.336247
-0.59636015 0.24474600 -0.76449585 1.63077188
-0.47530586 0.65981376 0.58200479 -1.95665920
0.64686787 0.71045429 -0.27715674 1.88384938
0.00000000 0.00000000 0.00000000 1.00000000
189 5.984253 0.310181
0.91303468 0.13145244 0.38612148 -2.72087812
0.04836814 0.90507281 -0.42249846 0.18742800
-0.40500465 0.40443197 0.82000440 0.95447230
0.00000000 0.00000000 0.00000000 1.00000000
190 84.911355 3.378165
0.98710471 -0.04317334 0.15414560 -1.27007103
0.12509842 0.80885267 -0.57454979 1.51002216
-0.09987563 0.58642393 0.80382311 -1.42845547
0.00000000 0.00000000 0.00000000 1.00000000
191 95.411363 3.184571
0.86258638 0.19399911 0.46723235 -2.04820013
0.17512301 0.75195903 -0.63552284 1.17055035
-0.47463155 0.63001758 0.61465651 -0.28960800
0.00000000 0.00000000 0.00000000 1.00000000
193 11.141202 0.685980
0.76112890 -0.02701764 -0.64803588 0.31506872
-0.17546730 0.95329815 -0.24583340 0.47251710
0.62441409 0.30081999 0.72084165 -0.45550561
0.00000000 0.00000000 0.00000000 1.00000000
197 80.694983 0.646882
0.01459494 0.99925101 -0.03582957 0.48044550
-0.99970841 0.01389406 -0.01972715 1.00003290
-0.01921464 0.03610680 0.99916244 -1.44926596
0.00000000 0.00000000 0.00000000 1.00000000
199 120.419666 1.263224
0.34511408 -0.05851376 0.93673456 -2.87671709
-0.93666285 0.04196419 0.34770912 -0.37559262
-0.05965531 -0.99740356 -0.04032506 2.49493408
0.00000000 0.00000000 0.00000000 1.00000000
201 94.316015 3.295679
0.99896914 0.01946950 -0.04098725 -0.87526017
-0.04198288 0.73931092 -0.67205417 1.66319609
0.01721722 0.67308247 0.73936659 -1.19578540
0.00000000 0.00000000 0.00000000 1.00000000
203 20.883799 1.057301
0.65148616 -0.21635053 -0.72715890 0.39467299
-0.13015728 0.91239101 -0.38807571 0.65937400
0.74741304 0.34747052 0.56624955 -0.00317502
0.00000000 0.00000000 0.00000000 1.00000000
207 7.781269 1.217841
0.72616160 0.14147782 -0.67280954 1.13079834
-0.50298929 0.77646953 -0.37960008 0.50790572
0.46871093 0.61406714 0.63500464 -0.45102203
0.00000000 0.00000000 0.00000000 1.00000000
209 127.043424 0.920216
0.27216899 -0.06931475 0.95974994 -2.35758424
-0.95820522 -0.11087732 0.26372316 -0.30947238
0.08813473 -0.99141449 -0.09659526 2.53385830
0.00000000 0.00000000 0.00000000 1.00000000
211 113.445747 2.293410
0.95904219 -0.11432315 -0.25916702 -0.70251125
-0.09643557 0.72850704 -0.67821646 1.08906889
0.26634046 0.67543221 0.68764430 -0.56945157
0.00000000 0.00000000 0.00000000 1.00000000
212 25.247289 0.896772
0.69498789 -0.29838231 -0.65418613 0.11158675
0.00451598 0.91162235 -0.41100347 0.41176513
0.71900696 0.28268841 0.63491422 0.31621480
0.00000000 0.00000000 0.00000000 1.00000000
213 103.627042 1.843745
-0.18358143 -0.96268022 0.19886059 -0.25678480
0.56091517 -0.26871994 -0.78304815 1.40495324
0.80726224 -0.03220946 0.58931345 0.54701865
0.00000000 0.00000000 0.00000000 1.00000000
217 10.179891 1.369764
0.71011341 0.09428182 -0.69774812 1.06529975
-0.51553524 0.74457818 -0.42406064 0.41331586
0.47954541 0.66084433 0.57734013 -0.08306289
0.00000000 0.00000000 0.00000000 1.00000000
218 17.006557 0.192165
0.96504033 0.13296306 -0.22586945 -0.40628126
-0.21159229 0.90379369 -0.37200272 -0.41986370
0.15467624 0.40679026 0.90033156 0.80402064
0.00000000 0.00000000 0.00000000 1.00000000
219 18.944025 0.697577
0.93114644 0.23152775 0.28171191 -2.04723859
0.00470819 0.76486421 -0.64417428 0.01632512
-0.36461550 0.60114717 0.71111006 2.11983299
0.00000000 0.00000000 0.00000000 1.00000000
222 163.652058 3.239267
0.30683708 -0.89771450 -0.31616277 0.14251542
-0.94904780 -0.26352206 -0.17281222 0.98569041
0.07182050 0.35307962 -0.93283260 3.44118166
0.00000000 0.00000000 0.00000000 1.00000000
224 27.761856 0.672698
0.63443118 -0.38075638 -0.67269742 -0.23012108
0.06120318 0.89227748 -0.44732106 0.21063152
0.77055264 0.24262314 0.58939213 0.60552955
0.00000000 0.00000000 0.00000000 1.00000000
228 21.815952 0.843994
0.76713252 0.53354865 -0.35613528 0.28180572
-0.63812494 0.69147831 -0.33860531 0.15610173
0.06559765 0.48701406 0.87092674 0.01154602
0.00000000 0.00000000 0.00000000 1.00000000
229 16.889097 0.475150
0.94131088 -0.30573297 -0.14304200 0.03393146
0.21272090 0.86635286 -0.45186630 -0.59491575
0.26207557 0.39491862 0.88054311 0.95049036
0.00000000 0.00000000 0.00000000 1.00000000
230 127.084376 0.797440
0.23289448 -0.14293465 0.96194059 -1.50801277
-0.96387202 -0.16541079 0.20878357 -0.34851310
0.12927336 -0.97581232 -0.17629409 2.61612129
0.00000000 0.00000000 0.00000000 1.00000000
237 49.853969 1.905378
0.63603908 -0.67192566 -0.37943351 0.75977814
0.35985509 0.69324756 -0.62442899 0.46186370
0.68261158 0.26062045 0.68272871 0.87057304
0.00000000 0.00000000 0.00000000 1.00000000
238 13.175684 2.151419
0.99263638 0.06905963 -0.09952395 0.50982052
-0.09944300 0.93371856 -0.34392124 0.58229089
0.06917629 0.35128582 0.93371099 0.89145136
0.00000000 0.00000000 0.00000000 1.00000000
243 10.231124 0.356740
0.97936845 0.19212127 -0.06266664 -0.97715127
-0.20037672 0.88301313 -0.42442572 -0.10377514
-0.02620582 0.42822677 0.90329152 0.30502808
0.00000000 0.00000000 0.00000000 1.00000000
244 18.215807 1.094285
0.84796923 0.45517543 -0.27159572 -0.33153921
-0.46518481 0.88469493 0.03029788 -0.63526630
0.25407007 0.10065112 0.96193475 0.89480281
0.00000000 0.00000000 0.00000000 1.00000000
245 169.697015 1.751638
-0.43481928 0.50299656 -0.74694449 -0.02742749
0.42336977 -0.61789060 -0.66254723 0.79918063
-0.79478854 -0.60432196 0.05571756 1.62505031
0.00000000 0.00000000 0.00000000 1.00000000
246 105.540329 0.934507
-0.04429578 0.07809961 0.99596101 -1.29068470
-0.98260099 0.17659394 -0.05754927 -0.21069257
-0.18037528 -0.98118043 0.06891823 2.07485795
0.00000000 0.00000000 0.00000000 1.00000000
248 145.231469 2.245775
-0.42438567 -0.90488118 -0.03296632 1.09393787
0.72161114 -0.31599236 -0.61597526 0.53658402
0.54696745 -0.28520018 0.78707504 1.29545319
0.00000000 0.00000000 0.00000000 1.00000000
252 17.602911 0.821758
0.94267911 0.32443622 -0.07808563 -0.22314209
-0.32325006 0.94590712 0.02773818 -0.37746274
0.08286099 -0.00090721 0.99656117 0.87921643
0.00000000 0.00000000 0.00000000 1.00000000
253 24.986093 1.134343
0.95760620 -0.24938861 0.14420307 -0.26061630
0.24456117 0.96831357 0.05057795 -0.89551377
-0.15224695 -0.01316735 0.98825413 0.89351857
0.00000000 0.00000000 0.00000000 1.00000000
254 178.266917 3.088869
-0.43960601 -0.89356178 -0.09107140 1.26822782
-0.86280262 0.44829035 -0.23368326 -0.15771753
0.24963686 -0.02415198 -0.96803832 4.04755163
0.00000000 0.00000000 0.00000000 1.00000000
255 5.671120 1.110900
0.89849871 -0.10504338 0.42622453 -0.10815021
0.15688363 0.98366332 -0.08829284 -0.53280771
-0.40998626 0.14619949 0.90029955 1.08499408
0.00000000 0.00000000 0.00000000 1.00000000
261 21.304634 0.678122
0.71537066 -0.14310272 -0.68393421 -0.43117252
-0.07753342 0.95650238 -0.28123108 -0.11691588
0.69442993 0.25421220 0.67315853 0.42351961
0.00000000 0.00000000 0.00000000 1.00000000
262 172.757708 1.605604
-0.95200998 -0.12936202 -0.27738342 -0.31358033
0.29224771 -0.65344882 -0.69827998 0.70661902
-0.09092456 -0.74583465 0.65989619 1.69964206
0.00000000 0.00000000 0.00000000 1.00000000
263 157.384758 2.485300
-0.54346752 -0.80983239 0.22094330 0.98892140
-0.33209425 -0.03430732 -0.94262242 0.56684965
0.77094638 -0.58565772 -0.25029624 3.04283667
0.00000000 0.00000000 0.00000000 1.00000000
264 85.637148 0.907718
-0.20716144 0.51482654 0.83188748 -1.64325845
-0.70130587 0.51472110 -0.49318630 -0.19369799
-0.68209529 -0.68557686 0.25442070 2.18357563
0.00000000 0.00000000 0.00000000 1.00000000
265 133.297475 1.632342
-0.86113250 0.17457494 0.47746778 -0.92547065
-0.49924618 -0.11314567 -0.85904109 0.34833014
-0.09594324 -0.97812188 0.18458918 3.11565471
0.00000000 0.00000000 0.00000000 1.00000000
270 175.080916 1.494728
-0.99457502 -0.07434089 0.07276416 -0.35594267
0.01841668 -0.81427443 -0.58018607 0.42391652
0.10238144 -0.57569861 0.81122661 1.48754752
0.00000000 0.00000000 0.00000000 1.00000000
271 124.115257 1.501228
-0.55124253 0.75028855 0.36496422 -0.32079858
-0.78121501 -0.31054118 -0.54154146 -0.08946401
-0.29297584 -0.58363622 0.75732017 1.35309076
0.00000000 0.00000000 0.00000000 1.00000000
272 18.673431 0.760380
0.88661575 -0.26329595 0.38024503 -1.22647047
0.26431754 0.96310771 0.05058521 -0.84315020
-0.37953573 0.05565558 0.92350042 1.13282418
0.00000000 0.00000000 0.00000000 1.00000000
277 59.916617 1.458939
0.99514365 0.01746936 0.09686822 -1.12872958
-0.06597526 0.84871435 0.52471972 -1.54058802
-0.07304657 -0.52856266 0.84574538 1.14079654
0.00000000 0.00000000 0.00000000 1.00000000
278 23.058636 0.874573
0.93984759 -0.08500756 0.33084932 -0.85040849
0.10703652 0.99305189 -0.04890764 -0.87585866
-0.32439303 0.08137897 0.94241548 0.83882678
0.00000000 0.00000000 0.00000000 1.00000000
284 169.523883 2.697840
-0.24516749 -0.57849538 -0.77796990 1.15523946
-0.78726101 0.58710897 -0.18847638 -0.66756248
0.56578535 0.56625658 -0.59936684 3.31241226
0.00000000 0.00000000 0.00000000 1.00000000
291 32.963873 0.593501
0.78353572 -0.57770520 0.22875324 -0.92015618
0.60840786 0.78807241 -0.09370752 -0.98780024
-0.12613860 0.21259843 0.96896350 1.31703913
0.00000000 0.00000000 0.00000000 1.00000000
296 107.896501 2.911874
-0.38331276 0.85007274 0.36117488 -1.06385136
0.84126854 0.48274320 -0.24336556 -0.68566120
-0.38123310 0.21055958 -0.90018135 4.05206537
0.00000000 0.00000000 0.00000000 1.00000000
303 108.338563 3.477927
-0.33990368 0.86991030 0.35738102 0.21067190
-0.77183437 -0.04091059 -0.63450718 1.26218843
-0.53734326 -0.49151015 0.68533200 1.72666001
0.00000000 0.00000000 0.00000000 1.00000000
310 9.568833 0.933393
0.55386961 -0.23022723 0.80014074 -0.36250550
0.09499520 0.97220844 0.21398059 -0.24293822
-0.82716668 -0.04250783 0.56034660 1.17073345
0.00000000 0.00000000 0.00000000 1.00000000
325 164.276935 3.237373
-0.56697333 0.81713903 -0.10403755 0.36081058
0.76847303 0.47922066 -0.42402387 0.61795378
-0.29663038 -0.32036042 -0.89965487 3.15306473
0.00000000 0.00000000 0.00000000 1.00000000
326 120.668216 3.741720
-0.57240528 0.80234587 0.16909660 0.54286146
-0.35667020 -0.05794101 -0.93243361 1.30105042
-0.73833555 -0.59404087 0.31933802 2.38280416
0.00000000 0.00000000 0.00000000 1.00000000
332 103.568515 2.190475
0.78219086 0.38265881 0.49168026 -1.41359913
0.62250566 -0.51263571 -0.59134710 0.90393871
0.02576858 0.76861989 -0.63918668 2.35627890
0.00000000 0.00000000 0.00000000 1.00000000
334 12.766590 1.303086
0.57179695 -0.16534621 0.80356073 -0.69868261
0.05301890 0.98488003 0.16492784 -0.18661208
-0.81868088 -0.05170074 0.57191831 0.99825639
0.00000000 0.00000000 0.00000000 1.00000000
336 13.150789 0.314858
0.87327939 -0.10483849 0.47580737 -1.00888026
0.18623276 0.97424436 -0.12714091 -0.80518401
-0.45022333 0.19964060 0.87031174 1.51674891
0.00000000 0.00000000 0.00000000 1.00000000
338 178.603032 3.542195
-0.27035996 0.93294609 -0.23773424 0.78714496
0.71058583 0.35997438 0.60455358 -2.00159001
0.64959413 -0.00548394 -0.76026064 2.73044157
0.00000000 0.00000000 0.00000000 1.00000000
339 171.473775 1.704510
-0.02047190 0.99681145 0.07712324 -0.80332553
0.62835068 -0.04717354 0.77649844 -1.70594060
0.77766091 0.06435692 -0.62538183 3.24605393
0.00000000 0.00000000 0.00000000 1.00000000
342 174.814578 1.685196
0.17149602 0.96892750 0.17823833 -1.02315450
0.57575792 -0.24537770 0.77993125 -1.14648521
0.79943228 -0.03113231 -0.59994870 2.64565635
0.00000000 0.00000000 0.00000000 1.00000000
359 134.790923 1.941652
-0.61766213 -0.57347631 -0.53816301 0.57524401
0.77829629 -0.54398054 -0.31359452 -0.13066202
-0.11291079 -0.61254501 0.78233081 1.90534472
0.00000000 0.00000000 0.00000000 1.00000000
360 43.031283 1.442003
0.95689094 0.28535029 0.05418400 -0.24194893
-0.27084813 0.94401956 -0.18833110 -1.11337686
-0.10489124 0.16553673 0.98061049 1.51541281
0.00000000 0.00000000 0.00000000 1.00000000
363 62.282006 0.594785
0.33945265 -0.93714464 -0.08082186 -1.13201189
0.94015408 0.33531573 0.06061259 -0.78109431
-0.02970210 -0.09656020 0.99488431 2.21145678
0.00000000 0.00000000 0.00000000 1.00000000
367 36.679624 1.239807
0.87808722 -0.45493889 0.14830396 0.10487248
0.47551060 0.86422765 -0.16431856 -0.37398282
-0.05341354 0.21480554 0.97519547 1.77179623
0.00000000 0.00000000 0.00000000 1.00000000
377 176.467309 1.590381
0.09201051 0.96591252 0.24196474 -0.98284078
0.67752206 -0.23880327 0.69565558 -1.15650022
0.72972429 0.09992889 -0.67639959 2.57054424
0.00000000 0.00000000 0.00000000 1.00000000
378 12.526779 1.006902
0.81745189 -0.22990191 0.52812654 -0.69810635
0.28430557 0.95846188 -0.02282315 -0.72687274
-0.50094235 0.16880590 0.84885883 1.26078331
0.00000000 0.00000000 0.00000000 1.00000000
385 10.474896 2.624912
0.99053979 -0.03383369 -0.13299461 0.33253750
0.00041135 0.96985841 -0.24366914 -0.94833177
0.13723025 0.24130954 0.96069717 2.44767690
0.00000000 0.00000000 0.00000000 1.00000000
386 46.720816 2.594979
0.76465589 0.63141310 0.12891731 -0.13689154
-0.61977446 0.77533954 -0.12136066 0.33724344
-0.17658332 0.01289945 0.98420131 1.20107508
0.00000000 0.00000000 0.00000000 1.00000000
392 176.625971 2.012735
0.61844337 -0.26252401 0.74068052 -1.27367830
-0.50679713 -0.85358512 0.12061685 0.14023368
0.60056859 -0.44997013 -0.66094142 2.91017938
0.00000000 0.00000000 0.00000000 1.00000000
401 104.864644 2.735873
0.69760036 0.15828544 -0.69878447 -0.10038984
-0.29908177 0.95058906 -0.08325154 0.26350814
0.65107906 0.26706994 0.71047157 -0.47963834
0.00000000 0.00000000 0.00000000 1.00000000
406 47.301679 1.216423
0.55422640 -0.29897904 0.77681667 -0.81555510
0.36360556 0.92647195 0.09716046 -0.64041209
-0.74874806 0.22860581 0.62218565 1.73965716
0.00000000 0.00000000 0.00000000 1.00000000
407 92.478550 2.631019
-0.05525875 -0.42486608 0.90356761 -1.14801586
0.44570166 0.79929167 0.40309167 -1.31072736
-0.89347440 0.42499608 0.14519563 2.66830254
0.00000000 0.00000000 0.00000000 1.00000000
410 21.438440 2.334880
0.97707009 -0.12188449 -0.17458463 -1.74948907
0.06096738 0.94576776 -0.31907034 0.47715399
0.20400669 0.30110976 0.93151188 -0.60477138
0.00000000 0.00000000 0.00000000 1.00000000
412 25.997475 0.868791
0.70921463 -0.57883590 0.40244719 -0.47646549
0.33085826 0.77736175 0.53501523 -0.33290455
-0.62253320 -0.24628782 0.74282897 0.55617547
0.00000000 0.00000000 0.00000000 1.00000000
422 27.580274 0.645391
0.36010903 -0.52243483 0.77290559 -0.28943068
0.34323174 0.84457272 0.41096014 -0.38978633
-0.86747509 0.11729567 0.48345473 0.03640157
0.00000000 0.00000000 0.00000000 1.00000000
425 3.388765 2.488343
0.25758022 -0.32528085 0.90986025 -2.58573389
0.48104399 0.85981679 0.17120712 0.25514165
-0.83800387 0.39358312 0.37794596 0.11820996
0.00000000 0.00000000 0.00000000 1.00000000
428 4.493703 2.106843
-0.76936519 -0.20806769 0.60397333 -2.65978861
0.30739254 0.70822668 0.63555002 -1.28532720
-0.55998731 0.67462707 -0.48092785 3.65308952
0.00000000 0.00000000 0.00000000 1.00000000
430 37.605320 1.930393
0.60386121 0.20751795 0.76960289 -0.59187388
0.05863854 0.95133406 -0.30253062 1.93666732
-0.79493028 0.22781430 0.56230509 -0.11862898
0.00000000 0.00000000 0.00000000 1.00000000
431 162.234704 3.600083
-0.55673331 0.65830135 -0.50664341 1.99865031
0.79577327 0.59762597 -0.09793077 0.04389449
0.23831427 -0.45769474 -0.85657585 2.85698223
0.00000000 0.00000000 0.00000000 1.00000000
435 174.777997 2.085289
-0.05464462 0.49494761 -0.86720300 0.82306767
0.34664226 -0.80508101 -0.48133492 0.74387944
-0.93640423 -0.32691169 -0.12757617 1.64540339
0.00000000 0.00000000 0.00000000 1.00000000
436 164.558461 2.903370
0.25580060 0.40096781 -0.87965328 2.51191139
-0.72634810 -0.52075225 -0.44859183 0.38633668
-0.63795292 0.75368458 0.15803312 0.86686206
0.00000000 0.00000000 0.00000000 1.00000000
447 177.450898 1.949824
-0.11738150 -0.42610389 0.89702654 -1.73071826
0.82697940 0.45817411 0.32585633 -0.66213477
-0.54984307 0.78007197 0.29859787 0.99023634
0.00000000 0.00000000 0.00000000 1.00000000
449 6.586004 0.711712
0.54765379 -0.40940326 0.72970271 -0.55834520
0.27257127 0.91183573 0.30702025 0.29544011
-0.79106331 0.03075520 0.61096078 -0.43489528
0.00000000 0.00000000 0.00000000 1.00000000
467 163.951138 1.901836
0.05936847 -0.46288446 0.88442814 -1.72584057
0.79252338 0.56055367 0.24017867 -0.46340775
-0.60694480 0.68667072 0.40012616 0.86028332
0.00000000 0.00000000 0.00000000 1.00000000
470 9.556458 0.306976
0.69551855 -0.40017134 0.59675562 0.35182559
0.29105216 0.91626948 0.27520972 0.44353551
-0.65691966 -0.01772669 0.75375211 -0.49350786
0.00000000 0.00000000 0.00000000 1.00000000
471 96.551276 3.601059
0.89025682 0.39717081 0.22293210 1.93748975
-0.26423830 0.84906268 -0.45746070 1.34825444
-0.37097383 0.34835029 0.86083168 -0.50715661
0.00000000 0.00000000 0.00000000 1.00000000
477 96.143729 2.329367
0.99347049 0.11407685 -0.00129086 -0.09501016
-0.11350895 0.98953360 0.08909807 0.65306616
0.01144156 -0.08836956 0.99602211 -0.79188061
0.00000000 0.00000000 0.00000000 1.00000000
486 133.549965 1.771558
-0.00149897 0.40699363 0.91342974 -1.50027895
-0.75485200 0.59865427 -0.26797864 0.02195616
-0.65589464 -0.68990529 0.30632257 -0.03916121
0.00000000 0.00000000 0.00000000 1.00000000
488 162.473827 1.217947
-0.97188389 -0.22990164 -0.05086100 0.27778947
0.22526187 -0.84495324 -0.48508748 0.73862058
0.06854769 -0.48290601 0.87298501 -1.45302558
0.00000000 0.00000000 0.00000000 1.00000000
489 172.721039 2.958246
-0.23904432 0.25048044 -0.93814594 2.49305964
-0.89490724 -0.43177560 0.11274467 -0.01985890
-0.37682861 0.86650431 0.32737094 1.20721793
0.00000000 0.00000000 0.00000000 1.00000000
490 173.346305 2.389903
0.03998723 0.51652771 -0.85533661 1.60659480
0.40804327 -0.78983217 -0.45789436 0.93563879
-0.91208667 -0.33070505 -0.24234866 1.54670632
0.00000000 0.00000000 0.00000000 1.00000000
491 176.214934 2.622524
-0.13119882 -0.16925803 0.97679913 -1.08535624
-0.23555249 -0.95177591 -0.19656135 0.49706846
0.96296322 -0.25587696 0.08500259 1.81210756
0.00000000 0.00000000 0.00000000 1.00000000
495 94.996503 0.623647
0.97667414 0.06727770 -0.20391613 0.25473690
-0.06047668 0.99739140 0.03940770 -0.40973738
0.20603493 -0.02615640 0.97819525 1.11534977
0.00000000 0.00000000 0.00000000 1.00000000
498 93.263969 0.598652
0.96513921 0.25205496 -0.07053101 0.12636322
-0.25487992 0.96636558 -0.03427506 -0.10660923
0.05951950 0.05105740 0.99692059 0.55931079
0.00000000 0.00000000 0.00000000 1.00000000
499 91.840971 0.621118
0.98519778 0.16857858 0.03108102 0.49001017
-0.16803083 0.98558921 -0.01947717 -0.04896960
-0.03391662 0.01396635 0.99932671 0.46889806
0.00000000 0.00000000 0.00000000 1.00000000
500 82.095976 1.000522
0.99265873 -0.11991031 0.01583174 -0.02259728
0.11863184 0.99075741 0.06577273 -0.15312600
-0.02357209 -0.06341200 0.99770916 0.39755726
0.00000000 0.00000000 0.00000000 1.00000000
508 95.320895 0.644586
0.98507601 -0.03527962 0.16846648 0.86694396
0.02949251 0.99889010 0.03673312 0.17115906
-0.16957578 -0.03121643 0.98502284 0.50371349
0.00000000 0.00000000 0.00000000 1.00000000
509 164.657773 2.465843
-0.39388520 0.74797225 -0.53422070 1.09825730
0.27954730 -0.45619082 -0.84483325 1.78482044
-0.87561810 -0.48210797 -0.02940673 1.40644181
0.00000000 0.00000000 0.00000000 1.00000000
510 8.433681 2.023897
0.80540681 -0.26418018 0.53059345 1.67775512
0.07280183 0.93249249 0.35377541 -0.00381827
-0.58823532 -0.24630508 0.77026856 0.89577115
0.00000000 0.00000000 0.00000000 1.00000000
512 166.931556 3.803148
-0.67941010 0.59246331 -0.43288553 0.71241403
0.10984720 0.66543198 0.73833168 -0.53012890
0.72549057 0.45407826 -0.51718152 3.04807258
0.00000000 0.00000000 0.00000000 1.00000000
513 141.526208 4.363213
-0.76993400 0.63808441 0.00699756 0.79429430
0.44598544 0.54591918 -0.70927286 2.85254264
-0.45639619 -0.54297280 -0.70489901 2.88534212
0.00000000 0.00000000 0.00000000 1.00000000
517 70.115214 1.579196
0.84439129 0.10632991 -0.52506870 1.92581761
-0.09252885 0.99432272 0.05255694 0.35733169
0.52767563 0.00420529 0.84943557 0.06005335
0.00000000 0.00000000 0.00000000 1.00000000
520 169.956367 5.515254
0.78027856 -0.20476151 0.59096497 -0.82109493
-0.29981565 -0.95170403 0.06610867 -0.66827297
0.54888642 -0.22876292 -0.80398500 4.17955637
0.00000000 0.00000000 0.00000000 1.00000000
521 98.473384 1.311772
0.18584199 0.28214872 -0.94119853 1.80713582
-0.49192137 0.85591388 0.15945162 0.03444201
0.85057402 0.43336275 0.29785973 1.14195466
0.00000000 0.00000000 0.00000000 1.00000000
524 96.682491 1.310250
0.23675200 0.23246321 -0.94335073 1.89666092
-0.66495037 0.74669230 0.01711944 -0.27365342
0.70837128 0.62322772 0.33135769 0.98935819
0.00000000 0.00000000 0.00000000 1.00000000
525 11.773913 2.747713
0.54216510 0.20571440 -0.81470233 3.57437372
-0.14106047 0.97809124 0.15309830 0.27734628
0.82834774 0.03191792 0.55930477 0.52295160
0.00000000 0.00000000 0.00000000 1.00000000
527 107.573844 2.666710
0.08883724 -0.85055602 -0.51832700 0.65385246
-0.79107058 0.25595814 -0.55560267 1.28831053
0.60524046 0.45939094 -0.65011132 3.67905354
0.00000000 0.00000000 0.00000000 1.00000000
528 77.889472 1.417235
-0.23387808 0.91530609 -0.32789153 0.84634840
-0.91980076 -0.09900971 0.37968773 -1.56155133
0.31506649 0.39039701 0.86505669 1.06285548
0.00000000 0.00000000 0.00000000 1.00000000
530 36.334257 1.286869
0.99362767 -0.11044562 0.02249074 -1.15678775
0.10667595 0.98592353 0.12874222 -0.24447931
-0.03639385 -0.12552252 0.99142301 0.90137327
0.00000000 0.00000000 0.00000000 1.00000000
531 103.849776 1.482875
0.52975434 -0.54343045 0.65118819 -1.28062320
0.27825519 0.83663523 0.47182280 -0.68802357
-0.80120867 -0.06875400 0.59442234 1.92632675
0.00000000 0.00000000 0.00000000 1.00000000
533 152.797937 2.773772
0.18863928 -0.84389836 -0.50224501 0.31248358
0.77730143 -0.18425466 0.60154116 -0.91878974
-0.60018104 -0.50387049 0.62120605 0.39920974
0.00000000 0.00000000 0.00000000 1.00000000
534 91.047338 4.300363
0.88150668 0.25293806 -0.39870831 1.74082732
-0.09175637 0.92008120 0.38082933 -0.02253011
0.46317056 -0.29911953 0.83426666 0.23586333
0.00000000 0.00000000 0.00000000 1.00000000
541 53.719952 1.242223
0.50898117 -0.83552331 -0.20697463 -0.55203259
0.84594041 0.44107944 0.29972309 -0.44448844
-0.15913345 -0.32764164 0.93130434 1.11651540
0.00000000 0.00000000 0.00000000 1.00000000
548 62.717972 1.192949
0.06413537 0.99778110 -0.01786967 0.08761558
-0.99508727 0.06258868 -0.07670573 -0.76345867
-0.07541716 0.02270135 0.99689347 -0.65972495
0.00000000 0.00000000 0.00000000 1.00000000
552 89.846409 1.480390
0.98226839 0.18519588 -0.02915476 0.50203872
-0.17216520 0.95262563 0.25072393 -0.00180443
0.07420692 -0.24125926 0.96761870 -0.06740761
0.00000000 0.00000000 0.00000000 1.00000000
553 87.947697 1.430560
0.97996330 -0.03920558 0.19527972 0.02117297
-0.03824092 0.92516005 0.37764654 0.08559830
-0.19547141 -0.37754756 0.90512383 -0.30275762
0.00000000 0.00000000 0.00000000 1.00000000
556 95.308363 1.512117
0.84138775 -0.32378915 0.43269837 -0.77497780
0.25540793 0.94383389 0.20962995 0.59990489
-0.47627133 -0.06586483 0.87682867 -0.44810736
0.00000000 0.00000000 0.00000000 1.00000000
557 173.483981 1.873777
-0.41412172 -0.62939388 0.65754640 -1.92648602
0.87716711 -0.46886700 0.10364631 -0.33998910
0.24306738 0.61969984 0.74625146 0.36794937
0.00000000 0.00000000 0.00000000 1.00000000
558 101.343138 1.983834
0.79667264 -0.12958409 -0.59035659 0.54838097
0.20886716 0.97559708 0.06771642 -0.26809022
0.56717509 -0.17725408 0.80429685 0.74728489
0.00000000 0.00000000 0.00000000 1.00000000
560 55.399557 1.681891
0.96281099 0.26869905 -0.02819346 1.53078175
-0.26558453 0.92213476 -0.28130460 0.20260771
-0.04958797 0.27833110 0.95920426 -0.50059807
0.00000000 0.00000000 0.00000000 1.00000000
563 67.634769 2.582346
