0 5.590019 0.317037
0.92698419 -0.11092556 0.35832298 0.65804517
0.14820045 0.98586047 -0.07820520 0.10922658
-0.34458134 0.12559864 0.93031621 -0.48440552
0.00000000 0.00000000 0.00000000 1.00000000
7 89.638202 2.565266
-0.19663349 -0.72847760 -0.65624315 0.57912266
0.36488187 0.56686687 -0.73859555 1.13072133
0.91005272 -0.38468415 0.15434328 1.67347383
0.00000000 0.00000000 0.00000000 1.00000000
11 94.003164 1.185663
0.63296622 0.32366753 -0.70327425 1.59117794
-0.32569280 0.93544137 0.13738483 -0.53795552
0.70233810 0.14209069 0.69751894 1.04179597
0.00000000 0.00000000 0.00000000 1.00000000
15 90.375936 1.748393
0.76165217 0.13356245 -0.63407290 0.37379760
-0.09683155 0.99099994 0.09243199 0.32074010
0.64071143 -0.00900252 0.76772934 -0.42903399
0.00000000 0.00000000 0.00000000 1.00000000
18 3.554351 2.154579
0.65374070 -0.31202620 0.68939233 -1.90197611
0.30659178 0.94212151 0.13567798 0.03243363
-0.69182622 0.12266387 0.71156788 0.38989115
0.00000000 0.00000000 0.00000000 1.00000000
20 96.837879 1.592982
0.88761991 0.01339275 -0.46038091 0.80038112
-0.04416479 0.99744523 -0.05613533 0.16410843
0.45845300 0.07015941 0.88594389 -0.26810217
0.00000000 0.00000000 0.00000000 1.00000000
22 9.843347 1.835964
0.47488958 -0.28805506 0.83156723 -1.60220337
0.32719305 0.93497050 0.13702160 -0.12033190
-0.81696063 0.20701283 0.53825742 -0.04002261
0.00000000 0.00000000 0.00000000 1.00000000
26 90.322820 1.396265
0.86395234 0.24563956 -0.43959987 0.73011076
-0.24114311 0.96816945 0.06707135 0.30687127
0.44208261 0.04806024 0.89568657 -1.21992505
0.00000000 0.00000000 0.00000000 1.00000000
27 5.675266 1.924406
0.66048139 -0.22465828 0.71644402 -1.69608045
0.31130102 0.95024770 0.01098876 0.03134459
-0.68326759 0.21577197 0.69755739 -0.17241001
0.00000000 0.00000000 0.00000000 1.00000000
29 92.027524 2.010697
0.61459744 0.39640543 -0.68200636 1.68340611
-0.44134435 0.88938308 0.11921734 -0.60842860
0.65382314 0.22772914 0.72156405 0.61633790
0.00000000 0.00000000 0.00000000 1.00000000
31 4.159536 0.642593
0.58972263 -0.43687081 0.67924500 -0.22787273
0.46337503 0.87187964 0.15846559 0.06492424
-0.66144705 0.22129484 0.71660143 -0.06935871
0.00000000 0.00000000 0.00000000 1.00000000
35 67.281097 2.054273
0.70418793 0.70813465 -0.05161516 0.93649679
-0.66768992 0.68518269 0.29105777 -1.55275965
0.24147418 -0.17049651 0.95531201 -0.78863144
0.00000000 0.00000000 0.00000000 1.00000000
38 6.639621 0.395260
0.56118619 -0.42680728 0.70915854 -0.74575412
0.25823960 0.90431076 0.33990458 -0.20590203
-0.78637362 -0.00761671 0.61770451 -0.33004236
0.00000000 0.00000000 0.00000000 1.00000000
41 7.161988 0.478533
0.70915556 -0.35976705 0.60635304 0.09995556
0.22239701 0.93025082 0.29184115 0.10380799
-0.66905606 -0.07211009 0.73970532 -0.64961123
0.00000000 0.00000000 0.00000000 1.00000000
44 3.485263 0.870604
0.89236951 -0.04615542 0.44893977 0.01658171
-0.01940197 0.98991370 0.14033929 -0.22948092
-0.45088923 -0.13394517 0.88247293 -0.33457923
0.00000000 0.00000000 0.00000000 1.00000000
46 179.007612 6.100450
-0.74677563 0.29695451 -0.59510076 2.10972786
-0.32872623 0.61304075 0.71841514 -2.51121116
0.57815808 0.73211992 -0.36018708 4.94457340
0.00000000 0.00000000 0.00000000 1.00000000
49 178.647950 5.975413
-0.95645100 0.21669374 -0.19556606 0.04749036
-0.02748747 0.60014868 0.79941642 -2.58565092
0.29059780 0.76997823 -0.56805706 5.33412266
0.00000000 0.00000000 0.00000000 1.00000000
51 178.916099 5.947329
-0.77962393 0.31324929 -0.54227471 1.51418638
-0.25641978 0.63032305 0.73276335 -2.63187099
0.57134616 0.71032959 -0.41109180 4.95815563
0.00000000 0.00000000 0.00000000 1.00000000
54 3.430111 2.279978
0.96582329 0.04023537 0.25605750 -0.78235197
-0.05247830 0.99777305 0.04115912 -0.03762123
-0.25383145 -0.05319041 0.96578479 -0.43074369
0.00000000 0.00000000 0.00000000 1.00000000
55 174.671485 5.607763
-0.96973091 -0.03001448 0.24232540 -1.27869940
0.20902325 0.41096362 0.88736618 -2.47579932
-0.12622088 0.91115785 -0.39225072 3.02994084
0.00000000 0.00000000 0.00000000 1.00000000
57 12.586315 1.968067
0.96543449 -0.25619727 0.04792878 0.22854817
0.25662985 0.96650457 -0.00300153 0.55492038
-0.04555374 0.01519725 0.99884498 -0.55648613
0.00000000 0.00000000 0.00000000 1.00000000
59 94.582730 4.085271
-0.33732998 0.38393974 -0.85953355 1.48846686
-0.41518369 0.75877762 0.50187558 -1.98163640
0.84488463 0.52616215 -0.09655318 3.75646353
0.00000000 0.00000000 0.00000000 1.00000000
60 9.168554 0.466463
0.96772254 0.19546826 -0.15907857 2.07958007
-0.14946999 0.95337158 0.26218742 -0.60026366
0.20291105 -0.22994657 0.95181602 -0.70854211
0.00000000 0.00000000 0.00000000 1.00000000
61 94.306066 4.136020
-0.21998200 0.54067600 -0.81196028 1.95009732
-0.26991251 0.76611751 0.58327627 -1.56837583
0.93742037 0.34746754 -0.02259603 2.92620015
0.00000000 0.00000000 0.00000000 1.00000000
62 88.005653 3.005674
-0.16078347 0.41409701 -0.89592040 1.56263566
-0.43389010 0.78565848 0.44100049 -1.46920502
0.88650441 0.45963627 0.05335107 2.40343356
0.00000000 0.00000000 0.00000000 1.00000000
64 178.723131 4.191267
-0.30965850 -0.49557590 0.81148994 -3.07823038
0.59086305 0.56836927 0.57257056 -2.04202914
-0.74497789 0.65678060 0.11681819 3.37320757
0.00000000 0.00000000 0.00000000 1.00000000
65 178.634198 4.181793
-0.41793215 -0.49473742 0.76195061 -2.95232153
0.47072122 0.59941721 0.64739567 -1.95331097
-0.77701682 0.62923324 -0.01763281 3.53994751
0.00000000 0.00000000 0.00000000 1.00000000
66 96.436793 4.228688
-0.01385039 0.38343292 -0.92346525 2.92369986
-0.28560191 0.88356191 0.37114769 -0.80283356
0.95824957 0.26888385 0.09727180 2.64173269
0.00000000 0.00000000 0.00000000 1.00000000
68 95.805199 2.300003
0.99266332 -0.00262021 0.12087506 0.80786955
0.02568287 0.98151886 -0.18963297 0.45715761
-0.11814520 0.19134639 0.97438586 0.32701945
0.00000000 0.00000000 0.00000000 1.00000000
69 86.801917 4.768719
0.40327051 -0.55338323 0.72879255 -1.88100469
0.61722994 0.75246835 0.22982165 -0.61178493
-0.67557281 0.35715249 0.64501417 0.18795836
0.00000000 0.00000000 0.00000000 1.00000000
74 90.143769 2.893822
0.95009828 0.17720161 -0.25673467 -0.23839605
-0.18606080 0.98248196 -0.01043397 0.16688471
0.25038865 0.05768058 0.96642518 -0.08880138
0.00000000 0.00000000 0.00000000 1.00000000
79 98.278124 1.992599
0.91379189 -0.40562809 -0.02125674 0.27966219
0.40355733 0.90069354 0.16091326 -0.00245082
-0.04612452 -0.15561950 0.98674077 -0.31332064
0.00000000 0.00000000 0.00000000 1.00000000
81 86.800593 2.942160
-0.93981290 0.08761083 0.33026633 -0.97902262
0.34075952 0.31156802 0.88702238 -2.36083817
-0.02518788 0.94617665 -0.32266989 2.68744206
0.00000000 0.00000000 0.00000000 1.00000000
82 93.814996 2.212492
0.62039137 -0.41835988 0.66339177 -2.03618193
0.52877831 0.84780902 0.04015663 -0.22652218
-0.57923025 0.32587457 0.74719328 0.89738584
0.00000000 0.00000000 0.00000000 1.00000000
84 10.434281 0.329386
0.02910081 0.46852577 -0.88297057 0.94542968
-0.18710697 0.87028468 0.45562714 -0.72952402
0.98190826 0.15195125 0.11299068 1.54547703
0.00000000 0.00000000 0.00000000 1.00000000
85 86.365668 2.308147
-0.95018357 0.17014296 -0.26115656 -0.17412603
-0.10341710 0.61831176 0.77909875 -1.89693940
0.29403469 0.76729465 -0.56991422 3.72711778
0.00000000 0.00000000 0.00000000 1.00000000
87 87.765501 2.265159
-0.95157629 0.12289836 0.28177756 -0.99450785
0.30663976 0.31451106 0.89836264 -1.99921215
0.02178501 0.94126493 -0.33696681 2.26940322
0.00000000 0.00000000 0.00000000 1.00000000
88 92.257962 1.544889
0.58370394 -0.37311873 0.72116071 -1.57135415
0.47534326 0.87708664 0.06905229 -0.45975339
-0.65828472 0.30249256 0.68931830 1.10753381
0.00000000 0.00000000 0.00000000 1.00000000
89 87.505869 2.328778
-0.99328190 0.10351253 -0.05173105 -0.24857095
0.02079332 0.59941411 0.80016899 -1.61095476
0.11383583 0.79371792 -0.59753978 3.40309477
0.00000000 0.00000000 0.00000000 1.00000000
91 94.828608 1.016354
0.98965836 -0.12275347 0.07422519 0.37996066
0.12264673 0.99243236 0.00600830 -0.50626993
-0.07440048 0.00315708 0.99722439 0.42120957
0.00000000 0.00000000 0.00000000 1.00000000
93 94.222626 0.959642
0.99709231 -0.06991335 0.03029236 0.80899197
0.07096028 0.99686521 -0.03498957 -0.48671174
-0.02775162 0.03703735 0.99892771 0.11856604
0.00000000 0.00000000 0.00000000 1.00000000
94 95.013419 1.023474
0.89670920 -0.44242132 -0.01321900 0.88589889
0.44165352 0.89632601 -0.03926061 -0.66556585
0.02921811 0.02936722 0.99914104 0.96024656
0.00000000 0.00000000 0.00000000 1.00000000
95 92.580714 1.196943
0.72769225 -0.31432191 0.60964483 -1.03678179
0.40889934 0.91240901 -0.01765367 -0.48953301
-0.55069602 0.26212975 0.79247880 1.22549462
0.00000000 0.00000000 0.00000000 1.00000000
98 94.122187 0.635955
0.97050315 0.17327395 -0.16762848 0.23759475
-0.14370359 0.97404802 0.17486742 -0.66752136
0.19357838 -0.14561999 0.97021723 0.92144275
0.00000000 0.00000000 0.00000000 1.00000000
99 93.154415 0.662636
0.98873460 0.11191089 -0.09939516 0.73605484
-0.08770811 0.97129333 0.22112605 -0.71155673
0.12128812 -0.20991707 0.97016698 0.83009994
0.00000000 0.00000000 0.00000000 1.00000000
100 93.997349 0.577347
0.95231515 0.25683188 -0.16472486 0.60365814
-0.22698660 0.95711410 0.18002936 -0.69919628
0.20389858 -0.13405460 0.96977133 0.61460710
0.00000000 0.00000000 0.00000000 1.00000000
104 97.896125 0.614204
0.80056918 0.49040675 -0.34436929 0.20903382
-0.25341868 0.79782939 0.54703540 -0.78904873
0.54301775 -0.35067016 0.76299590 0.89561462
0.00000000 0.00000000 0.00000000 1.00000000
106 92.004967 0.891280
0.69906956 0.62079728 -0.35483906 0.90007192
-0.37003639 0.73870695 0.56336886 -0.77148181
0.61186057 -0.26253098 0.74612600 0.51443052
0.00000000 0.00000000 0.00000000 1.00000000
107 91.934103 1.663364
0.85662895 -0.36368665 0.36594823 -0.16877884
0.18995279 0.88179308 0.43169314 -0.34201363
-0.47969109 -0.30028820 0.82445329 0.55293882
0.00000000 0.00000000 0.00000000 1.00000000
111 175.975277 1.974748
-0.45695758 -0.61584097 0.64181739 -0.00569737
-0.41801578 -0.48823214 -0.76608860 1.12981808
0.78514469 -0.61835986 -0.03432971 1.54180014
0.00000000 0.00000000 0.00000000 1.00000000
113 177.308663 3.499060
-0.93847686 0.34269601 0.04266746 -0.34820199
-0.04997373 -0.01251388 -0.99867225 2.19274974
-0.34170711 -0.93936300 0.02886975 2.18730783
0.00000000 0.00000000 0.00000000 1.00000000
114 22.111806 0.335806
0.51679194 0.75763643 -0.39863849 -0.48045623
-0.39200264 0.62337124 0.67656577 -0.14075673
0.76109111 -0.19337729 0.61914897 0.28577876
0.00000000 0.00000000 0.00000000 1.00000000
115 114.188097 1.351539
0.57672602 -0.73125207 0.36422122 -0.17999689
0.58186293 0.68063307 0.44516456 -0.63097721
-0.57342970 -0.04481161 0.81802815 0.52243268
0.00000000 0.00000000 0.00000000 1.00000000
116 178.591801 1.908917
0.94255072 -0.02523217 -0.33311176 0.28783661
0.14554629 0.92854774 0.34149358 -0.10460317
0.30069292 -0.37035662 0.87887454 0.06424236
0.00000000 0.00000000 0.00000000 1.00000000
119 177.177072 2.291930
-0.93298560 -0.10285024 0.34490517 -1.15337956
-0.31996229 -0.20179603 -0.92569041 1.36646032
0.16480848 -0.97401285 0.15536422 1.51356292
0.00000000 0.00000000 0.00000000 1.00000000
122 174.101428 1.858004
0.93732822 -0.31525615 0.14843321 -1.29185486
0.24575497 0.90008759 0.35979155 -0.26663899
-0.24702837 -0.30076256 0.92115104 0.48395538
0.00000000 0.00000000 0.00000000 1.00000000
124 175.642431 1.844993
0.88197219 0.26262081 -0.39135292 0.75081205
-0.01521564 0.84579945 0.53328925 -0.31849879
0.47105688 -0.46438903 0.74996614 0.12958407
0.00000000 0.00000000 0.00000000 1.00000000
136 87.046555 1.866266
0.96917611 -0.13005623 -0.20924239 -0.76016438
0.16144551 0.97680789 0.14064509 -0.59302694
0.18609788 -0.17009106 0.96769643 0.05526745
0.00000000 0.00000000 0.00000000 1.00000000
137 94.782439 0.405801
0.96891248 0.08162425 -0.23354796 -0.31161869
-0.06176803 0.99392259 0.09111742 -0.65390515
0.23956677 -0.07385898 0.96806628 0.64139795
0.00000000 0.00000000 0.00000000 1.00000000
138 94.532032 0.353036
0.98977834 0.02200162 -0.14091277 0.08960670
-0.00883349 0.99558955 0.09339986 -0.66525316
0.14234537 -0.09120017 0.98560679 0.61782658
0.00000000 0.00000000 0.00000000 1.00000000
139 56.502941 0.968094
0.93525285 -0.16411373 0.31363896 -0.36712864
0.19526622 0.97821975 -0.07041207 -0.27584440
-0.29525211 0.12709612 0.94692832 0.00943851
0.00000000 0.00000000 0.00000000 1.00000000
140 93.136103 1.846240
0.94938713 -0.15798897 -0.27148423 -0.44733042
0.18628247 0.97909701 0.08165337 -0.52870888
0.25290948 -0.12809323 0.95897281 -0.09770596
0.00000000 0.00000000 0.00000000 1.00000000
141 91.958221 2.387897
-0.56017041 -0.46862394 0.68308109 -0.05464202
0.51092929 0.45361477 0.73019487 -1.60588145
-0.65204275 0.75803971 -0.01466841 2.54295039
0.00000000 0.00000000 0.00000000 1.00000000
142 95.480918 0.233184
0.51859576 -0.40971074 0.75046337 -0.39883423
0.45057300 0.87690789 0.16738099 -1.09964216
-0.72666484 0.25133547 0.63936532 1.87101901
0.00000000 0.00000000 0.00000000 1.00000000
143 6.984885 3.308000
0.19250548 0.63559455 -0.74763685 3.11075044
-0.69185251 0.62821567 0.35592821 -1.25548577
0.69590354 0.44873703 0.56067288 0.49165225
0.00000000 0.00000000 0.00000000 1.00000000
144 94.599676 0.518708
0.97655654 -0.21043675 0.04533798 0.45612103
0.20973364 0.97755826 0.01978666 -0.34492707
-0.04848430 -0.00981437 0.99877608 0.50246274
0.00000000 0.00000000 0.00000000 1.00000000
146 94.461912 0.635535
0.89514852 0.13173175 -0.42585748 0.35375887
-0.06116688 0.98259938 0.17537887 -0.90910840
0.44155070 -0.13094231 0.88763011 1.04331470
0.00000000 0.00000000 0.00000000 1.00000000
150 8.813585 2.075501
0.95971209 -0.18212272 0.21397138 -0.93925774
0.13368589 0.96574891 0.22239000 -1.06259429
-0.24714518 -0.18482547 0.95118815 1.39855587
0.00000000 0.00000000 0.00000000 1.00000000
151 4.595763 2.181383
0.95345730 -0.21141167 0.21499966 -0.97686625
0.15837678 0.95788103 0.23954356 -0.87019199
-0.25658661 -0.19434354 0.94678134 1.22255075
0.00000000 0.00000000 0.00000000 1.00000000
152 95.029720 0.649162
0.66865826 -0.40826863 0.62145936 -0.61045265
0.32782730 0.91203046 0.24643438 -0.89550549
-0.66740137 0.03895106 0.74367821 1.42292893
0.00000000 0.00000000 0.00000000 1.00000000
153 85.447374 2.041189
-0.55616301 0.66404313 -0.49973011 0.39270788
-0.30735454 0.39432871 0.86604786 -1.88680518
0.77215135 0.63525760 -0.01521525 2.85191607
0.00000000 0.00000000 0.00000000 1.00000000
156 97.779620 0.733830
0.98004341 -0.05555503 -0.19086191 0.94811112
0.09815520 0.97018182 0.22161579 -0.29387125
0.17285898 -0.23592715 0.95627332 0.28661346
0.00000000 0.00000000 0.00000000 1.00000000
163 93.337309 3.086382
0.93411893 0.00003518 0.35696125 -1.13289011
-0.34487712 -0.25790247 0.90252221 -2.09897685
0.09209291 -0.96617132 -0.24089956 1.67683339
0.00000000 0.00000000 0.00000000 1.00000000
164 6.332087 2.423700
0.99768221 0.00871232 0.06747904 -0.48578203
-0.02970976 0.94800407 0.31686699 -0.75404871
-0.06120926 -0.31813702 0.94606632 0.90275788
0.00000000 0.00000000 0.00000000 1.00000000
165 3.870295 2.137782
0.83642733 -0.38274926 0.39228982 -0.53675228
0.26840982 0.91011000 0.31568193 -0.39545059
-0.47785440 -0.15875073 0.86397523 0.55106473
0.00000000 0.00000000 0.00000000 1.00000000
171 14.632829 1.762948
0.40042076 0.85993594 -0.31650335 0.25355363
-0.81732589 0.49134085 0.30093682 -1.19758570
0.41429797 0.13818489 0.89959031 0.82310939
0.00000000 0.00000000 0.00000000 1.00000000
177 18.592668 0.643222
0.94364345 0.32155573 0.07834554 -1.72264385
-0.32265401 0.94651580 0.00144332 0.67216241
-0.07369149 -0.02664072 0.99692523 -0.38601732
0.00000000 0.00000000 0.00000000 1.00000000
178 178.692615 6.735792
-0.98081172 -0.17758797 -0.08044690 -0.76951981
-0.13571049 0.32565334 0.93569899 -3.03747392
-0.13997096 0.92866188 -0.34350550 5.10918951
0.00000000 0.00000000 0.00000000 1.00000000
182 156.748503 2.234608
0.96494615 -0.04705246 0.25819618 -1.29636145
0.11893021 0.95538294 -0.27036902 0.25497922
-0.23395464 0.29159874 0.92748892 -0.22244775
0.00000000 0.00000000 0.00000000 1.00000000
188 86.024992 4.320281
-0.59682298 0.24451157 -0.76421022 1.62730217
-0.48318887 0.65084946 0.58559668 -1.95749879
0.64057040 0.71875507 -0.27029622 1.86188686
0.00000000 0.00000000 0.00000000 1.00000000
189 86.965930 4.373636
0.54617941 0.35828468 -0.75717831 1.23252892
-0.25873560 0.93186998 0.25431064 -1.68122077
0.79670739 0.05700988 0.60166997 1.01925945
0.00000000 0.00000000 0.00000000 1.00000000
190 84.559948 3.351568
0.98648673 -0.03548151 0.15995079 -1.29207003
0.12094770 0.81627041 -0.56486678 1.48064613
-0.11052099 0.57657969 0.80953121 -1.42646527
0.00000000 0.00000000 0.00000000 1.00000000
191 95.373301 3.194690
0.86385524 0.19170380 0.46583572 -2.04289460
0.17984436 0.74644101 -0.64068764 1.18689787
-0.47054204 0.63723993 0.61034060 -0.28499174
0.00000000 0.00000000 0.00000000 1.00000000
193 11.083650 0.683998
0.76126921 -0.02527864 -0.64794129 0.31418312
-0.17669575 0.95333868 -0.24479340 0.47040933
0.62389684 0.30084234 0.72128069 -0.45670891
0.00000000 0.00000000 0.00000000 1.00000000
197 29.516457 2.082943
0.32835543 0.33493870 -0.88317484 2.16224957
-0.75377673 0.65638387 -0.03131670 0.18821040
0.56921297 0.67600012 0.46799600 -0.52680254
0.00000000 0.00000000 0.00000000 1.00000000
199 122.432039 1.767474
0.40900618 -0.21573992 0.88666219 -2.73116922
-0.90214437 0.05058378 0.42845681 -0.65888679
-0.13728622 -0.97513914 -0.17393948 2.96935868
0.00000000 0.00000000 0.00000000 1.00000000
201 94.316012 3.295680
0.99896836 0.01946920 -0.04098758 -0.87525845
-0.04198287 0.73931092 -0.67205411 1.66319644
0.01721674 0.67308235 0.73936641 -1.19578457
0.00000000 0.00000000 0.00000000 1.00000000
203 20.922794 1.059868
0.65126431 -0.21706548 -0.72714388 0.39595264
-0.12994017 0.91216528 -0.38867801 0.66160470
0.74764353 0.34761673 0.56585509 -0.00195622
0.00000000 0.00000000 0.00000000 1.00000000
207 6.845100 1.160003
0.73243952 0.18552203 -0.65506887 1.07564259
-0.51766092 0.77670211 -0.35883245 0.47352657
0.44222245 0.60192645 0.66492432 -0.48327482
0.00000000 0.00000000 0.00000000 1.00000000
209 22.006342 0.982264
0.92340279 0.29954952 0.23999482 -1.92845571
-0.09308137 0.78135282 -0.61710840 0.41122359
-0.37237546 0.54750061 0.74938571 1.57392287
0.00000000 0.00000000 0.00000000 1.00000000
211 83.680179 2.656281
-0.50151300 0.74613851 0.43790704 -1.67033184
0.05039525 0.53049797 -0.84618706 1.55662453
-0.86368120 -0.40230522 -0.30365366 2.60742569
0.00000000 0.00000000 0.00000000 1.00000000
212 24.378319 0.877492
0.69851059 -0.28135115 -0.65797091 0.11545813
0.00024292 0.91955984 -0.39295122 0.37009141
0.71560007 0.27432016 0.64239001 0.30218387
0.00000000 0.00000000 0.00000000 1.00000000
213 37.053924 1.738647
0.67055541 -0.62161952 -0.40490228 0.57070637
0.31116700 0.73113406 -0.60713941 0.58599281
0.67344725 0.28112736 0.68369335 0.15539503
0.00000000 0.00000000 0.00000000 1.00000000
217 9.763157 1.355176
0.71338785 0.10570282 -0.69274992 1.05262685
-0.51780909 0.74559969 -0.41946924 0.40497804
0.47217643 0.65795672 0.58663559 -0.09258270
0.00000000 0.00000000 0.00000000 1.00000000
219 18.943899 0.697577
0.93114722 0.23152754 0.28171229 -2.04723978
0.00470775 0.76486433 -0.64417428 0.01632535
-0.36461586 0.60114741 0.71111035 2.11983204
0.00000000 0.00000000 0.00000000 1.00000000
222 163.131422 3.224014
0.30026042 -0.90462792 -0.30247822 0.11048901
-0.95085430 -0.25872180 -0.17011786 0.98688883
0.07563499 0.33869192 -0.93785322 3.43667316
0.00000000 0.00000000 0.00000000 1.00000000
224 81.300965 1.722600
0.15704852 0.98748708 0.01431501 0.94469190
-0.95345443 0.14782599 0.26281607 -0.09730336
0.25741130 -0.05492333 0.96473968 0.25359654
0.00000000 0.00000000 0.00000000 1.00000000
228 20.483920 0.861172
0.78227985 0.50929511 -0.35868835 0.29730326
-0.61951017 0.69630295 -0.36244953 0.17919675
0.06516182 0.50574780 0.86021709 0.01922691
0.00000000 0.00000000 0.00000000 1.00000000
229 96.072965 2.181489
-0.24149454 -0.71865100 0.65208954 -2.28879476
0.80399001 0.22811466 0.54914844 -1.73926985
-0.54339755 0.65688986 0.52269971 0.59496731
0.00000000 0.00000000 0.00000000 1.00000000
230 158.016052 1.632235
-0.07158767 -0.35626534 0.93163764 -1.47008169
-0.82567704 -0.50284648 -0.25573742 0.59348017
0.55958188 -0.78753936 -0.25816268 2.80744529
0.00000000 0.00000000 0.00000000 1.00000000
237 162.932750 4.647315
-0.40547472 -0.81567532 -0.41263169 1.53643775
-0.78204662 0.07582731 0.61858946 -1.35610127
-0.47327909 0.57351983 -0.66864222 4.42543316
0.00000000 0.00000000 0.00000000 1.00000000
238 13.174545 2.153480
0.99281532 0.06602393 -0.09979334 0.51140529
-0.09686764 0.93308061 -0.34637642 0.58340216
0.07024616 0.35355461 0.93277282 0.89268804
0.00000000 0.00000000 0.00000000 1.00000000
243 10.231124 0.356740
0.97936857 0.19212075 -0.06266649 -0.97715139
-0.20037732 0.88301301 -0.42442608 -0.10377425
-0.02620585 0.42822605 0.90329170 0.30502808
0.00000000 0.00000000 0.00000000 1.00000000
244 119.742259 2.494324
0.12671974 -0.53775769 0.83352137 -1.75254047
-0.29342544 0.78236818 0.54936451 -1.38957429
-0.94754601 -0.31419173 -0.05864945 2.85778165
0.00000000 0.00000000 0.00000000 1.00000000
245 141.205495 2.079188
0.32771674 0.40754789 0.85235393 -2.16128588
0.65288156 -0.74979478 0.10748741 -0.19107467
0.68289626 0.52126038 -0.51180118 1.96563888
0.00000000 0.00000000 0.00000000 1.00000000
246 105.250922 0.944801
-0.04266264 0.09227386 0.99481964 -1.29062927
-0.98252869 0.17667130 -0.05852260 -0.20752373
-0.18115652 -0.97993577 0.08312377 2.05201316
0.00000000 0.00000000 0.00000000 1.00000000
248 114.284653 2.118229
-0.78646189 -0.51980305 -0.33359054 0.77601928
-0.11547834 -0.40683115 0.90617526 -2.25642133
-0.60674757 0.75119489 0.25993147 1.72208476
0.00000000 0.00000000 0.00000000 1.00000000
252 34.205063 1.104304
0.90823698 -0.38398302 0.16631848 -0.00109664
0.37029314 0.92261946 0.10795958 -0.71357250
-0.19490370 -0.03646637 0.98014432 0.96824920
0.00000000 0.00000000 0.00000000 1.00000000
253 25.405567 1.852617
0.97103065 -0.06859806 0.22889629 0.42592612
0.05211839 0.99564552 0.07728878 -0.12993446
-0.23320140 -0.06312016 0.97037762 0.82048416
0.00000000 0.00000000 0.00000000 1.00000000
255 139.800249 2.529649
-0.10051744 -0.93418187 0.34234625 -0.06189406
-0.89683348 0.23406062 0.37537485 -1.31837106
-0.43079776 -0.26929629 -0.86133313 3.66372871
0.00000000 0.00000000 0.00000000 1.00000000
261 22.626532 0.948429
0.80608016 -0.22060041 -0.54915464 -0.27592766
0.14139047 0.97284365 -0.18326011 -0.31141117
0.57466888 0.07007745 0.81538057 0.69578898
0.00000000 0.00000000 0.00000000 1.00000000
262 171.899679 1.642082
-0.95024425 -0.13731711 -0.27960718 -0.29695603
0.30193913 -0.62676251 -0.71833175 0.72417843
-0.07660796 -0.76701486 0.63703936 1.73070240
0.00000000 0.00000000 0.00000000 1.00000000
263 90.979379 0.812361
0.01696080 0.63788950 0.76994038 -0.15602338
-0.79284924 0.47774887 -0.37834451 -0.22551115
-0.60918021 -0.60403019 0.51385438 1.10649216
0.00000000 0.00000000 0.00000000 1.00000000
264 85.637148 0.907718
-0.20716171 0.51482677 0.83188808 -1.64325905
-0.70130587 0.51472110 -0.49318630 -0.19369793
-0.68209535 -0.68557715 0.25442067 2.18357515
0.00000000 0.00000000 0.00000000 1.00000000
265 86.597016 1.051832
0.37430134 0.90380472 0.20745055 -0.85858351
-0.83439535 0.42586645 -0.34988868 -0.57901525
-0.40457711 -0.04213192 0.91353297 1.77294409
0.00000000 0.00000000 0.00000000 1.00000000
270 132.972409 2.398025
-0.42440987 -0.62766951 0.65261579 -0.97908652
-0.63803059 0.71872246 0.27632418 -1.26557076
-0.64248985 -0.29911396 -0.70550489 3.39729357
0.00000000 0.00000000 0.00000000 1.00000000
271 78.454422 0.827108
0.11889708 0.15775615 0.98029459 -1.25641501
-0.45165917 0.88783085 -0.08809558 -0.61504954
-0.88423324 -0.43228471 0.17681161 2.02799368
0.00000000 0.00000000 0.00000000 1.00000000
272 17.674455 0.769765
0.89745003 -0.24116080 0.36935806 -1.21713161
0.24616171 0.96862084 0.03431696 -0.82835478
-0.36604393 0.06012416 0.92865354 1.12878871
0.00000000 0.00000000 0.00000000 1.00000000
276 62.354624 0.814917
0.91776651 0.29262573 -0.26846534 -1.12723207
-0.24202214 0.94813079 0.20609140 -0.93106663
0.31484845 -0.12416971 0.94098496 0.80632353
0.00000000 0.00000000 0.00000000 1.00000000
277 59.250757 1.451559
0.99508846 0.00475916 0.09887847 -1.12205625
-0.05553603 0.85368961 0.51781344 -1.53693509
-0.08194757 -0.52076107 0.84976047 1.14136338
0.00000000 0.00000000 0.00000000 1.00000000
278 81.201363 1.750332
0.45436400 0.87839341 0.14825226 -0.32281739
0.29366365 0.00942478 -0.95586240 0.48020500
-0.84102023 0.47784591 -0.25366998 2.17171574
0.00000000 0.00000000 0.00000000 1.00000000
283 60.101156 1.746889
-0.01984231 0.62277901 0.78214550 -1.67818248
-0.33867580 0.73186272 -0.59133315 0.36546803
-0.94069409 -0.27662694 0.19639781 3.30303311
0.00000000 0.00000000 0.00000000 1.00000000
284 171.332800 2.677497
-0.18697588 -0.65327990 -0.73366570 1.10332358
-0.79521871 0.53914106 -0.27740619 -0.52966112
0.57677317 0.53155643 -0.62030673 3.33050346
0.00000000 0.00000000 0.00000000 1.00000000
291 15.732067 0.467350
0.95161843 0.15776595 0.26369196 -1.31596577
-0.08029567 0.95599180 -0.28219348 -0.48907971
-0.29660827 0.24736774 0.92240709 1.35787773
0.00000000 0.00000000 0.00000000 1.00000000
296 106.389818 2.913755
-0.39026207 0.83898062 0.37921995 -1.09267116
0.82668793 0.50062871 -0.25682545 -0.65777457
-0.40531939 0.21326709 -0.88895106 4.04689121
0.00000000 0.00000000 0.00000000 1.00000000
303 163.956914 4.686522
-0.92449862 -0.14903468 -0.35084465 1.96495843
0.15239300 -0.98815310 0.01819036 -0.37057981
-0.34939912 -0.03664934 0.93625718 1.09852791
0.00000000 0.00000000 0.00000000 1.00000000
310 58.564901 0.065880
0.32996166 -0.87884212 0.34461826 0.43336847
0.84525132 0.43760651 0.30667657 -0.14746064
-0.42032751 0.19009760 0.88723606 0.69257164
0.00000000 0.00000000 0.00000000 1.00000000
314 10.278774 0.300221
0.85311854 0.01355145 0.52154136 -1.34648979
0.09399468 0.97931254 -0.17919892 -0.65155542
-0.51318026 0.20190004 0.83419573 1.59540606
0.00000000 0.00000000 0.00000000 1.00000000
315 36.681854 1.399826
0.94972718 0.28216267 0.13565028 -0.65594608
-0.19529818 0.87259036 -0.44770926 -0.58498752
-0.24469343 0.39870933 0.88382936 1.41173565
0.00000000 0.00000000 0.00000000 1.00000000
325 163.618519 3.216492
-0.60156810 0.79509747 -0.07705387 0.31662351
0.74024612 0.51860005 -0.42789167 0.63829195
-0.30025458 -0.31444442 -0.90054005 3.15731311
0.00000000 0.00000000 0.00000000 1.00000000
326 60.156367 2.274319
0.08801219 0.46190605 0.88255072 -0.86695075
-0.00047469 0.88600880 -0.46366805 0.20462602
-0.99611914 0.04038954 0.07819927 2.77395368
0.00000000 0.00000000 0.00000000 1.00000000
332 119.902974 2.368161
-0.40819347 -0.86469400 -0.29271600 0.63134229
0.22111940 0.21744618 -0.95069623 1.49671996
0.88571131 -0.45279297 0.10244045 0.99631888
0.00000000 0.00000000 0.00000000 1.00000000
336 13.176103 0.315467
0.87337917 -0.10307893 0.47600821 -1.00916481
0.18485549 0.97437161 -0.12817365 -0.80355322
-0.45059687 0.19993713 0.87005049 1.51706254
0.00000000 0.00000000 0.00000000 1.00000000
337 82.596434 3.564391
0.66953009 0.01378551 -0.74265707 1.78850913
-0.00388352 0.99987954 0.01505918 -1.02184033
0.74277508 -0.00719823 0.66950262 0.58155656
0.00000000 0.00000000 0.00000000 1.00000000
338 178.474404 3.551175
-0.26709133 0.93454164 -0.23514920 0.77774048
0.71450460 0.35578382 0.60241258 -1.99768567
0.64664119 -0.00711621 -0.76276112 2.74531317
0.00000000 0.00000000 0.00000000 1.00000000
339 170.556789 1.695349
-0.06052665 0.99649978 0.05768279 -0.77491915
0.63397819 -0.00625652 0.77332610 -1.71175659
0.77097964 0.08337675 -0.63138074 3.25129628
0.00000000 0.00000000 0.00000000 1.00000000
342 174.975389 1.678699
0.16929731 0.96836203 0.18333837 -1.02641523
0.56841302 -0.24790332 0.78450626 -1.14853251
0.80513644 -0.02860260 -0.59239870 2.63408184
0.00000000 0.00000000 0.00000000 1.00000000
359 57.086744 1.445287
0.96341747 0.16791961 0.20887733 0.16570008
-0.26426324 0.72498745 0.63604903 -1.50735867
-0.04462844 -0.66797930 0.74284065 1.72331882
0.00000000 0.00000000 0.00000000 1.00000000
363 62.282057 0.594786
0.33945262 -0.93714398 -0.08082190 -1.13201201
0.94015372 0.33531561 0.06061272 -0.78109479
-0.02970177 -0.09656002 0.99488330 2.21145797
0.00000000 0.00000000 0.00000000 1.00000000
367 19.817917 1.636933
0.99675381 0.01531171 -0.07904238 0.49786359
-0.03265820 0.97424674 -0.22310746 -0.51124549
0.07359073 0.22496425 0.97158438 1.83305609
0.00000000 0.00000000 0.00000000 1.00000000
377 174.773777 1.645820
0.09097532 0.97828120 0.18625368 -0.93415606
0.73869574 -0.19172439 0.64619780 -1.15653384
0.66787189 0.07879692 -0.74009442 2.67458439
0.00000000 0.00000000 0.00000000 1.00000000
378 12.526748 1.006902
0.81745207 -0.22990201 0.52812636 -0.69810611
0.28430563 0.95846224 -0.02282280 -0.72687316
-0.50094241 0.16880599 0.84885901 1.26078320
0.00000000 0.00000000 0.00000000 1.00000000
385 11.574046 2.632634
0.98900586 -0.02779273 -0.14523923 0.34217829
-0.01280340 0.96239591 -0.27134788 -0.92373931
0.14731905 0.27022392 0.95145911 2.45479774
0.00000000 0.00000000 0.00000000 1.00000000
386 51.344179 2.865883
0.80300814 0.57828486 -0.14410350 0.17646274
-0.57743031 0.81478214 0.05201149 0.05618453
0.14749022 0.04144422 0.98819470 0.90170443
0.00000000 0.00000000 0.00000000 1.00000000
392 131.569243 1.564770
-0.33893576 -0.92904651 0.14831011 0.73950303
0.63230503 -0.10821702 0.76712477 -1.34269786
-0.69664454 0.35378304 0.62411982 1.34996188
0.00000000 0.00000000 0.00000000 1.00000000
401 104.864644 2.735874
0.69760048 0.15828571 -0.69878447 -0.10039008
-0.29908183 0.95058918 -0.08325160 0.26350829
0.65107906 0.26706997 0.71047151 -0.47963858
0.00000000 0.00000000 0.00000000 1.00000000
406 46.884094 1.170938
0.56094009 -0.25004724 0.78919220 -0.88752842
0.31955093 0.94481248 0.07222471 -0.55292135
-0.76369834 0.21167329 0.60988480 1.79606175
0.00000000 0.00000000 0.00000000 1.00000000
407 92.966982 2.668983
-0.06358054 -0.40873882 0.91043496 -1.16730857
0.42117169 0.81606925 0.39578640 -1.28561664
-0.90475196 0.40861347 0.12026225 2.74283838
0.00000000 0.00000000 0.00000000 1.00000000
408 13.255841 0.494463
0.97087646 0.22035430 0.09404212 -2.46225524
-0.20093735 0.96268690 -0.18127021 0.25584972
-0.13047640 0.15709421 0.97892654 0.77244234
0.00000000 0.00000000 0.00000000 1.00000000
412 18.705191 0.985474
0.70578939 -0.47471431 0.52584016 -0.62659138
0.28344330 0.86949790 0.40451726 -0.21200621
-0.64924711 -0.13645762 0.74823689 0.53634453
0.00000000 0.00000000 0.00000000 1.00000000
422 45.124332 1.070105
0.01244289 -0.34705663 0.93776083 -0.59889305
0.20702374 0.91840756 0.33714703 -0.34258980
-0.97825652 0.18994392 0.08327697 0.48506206
0.00000000 0.00000000 0.00000000 1.00000000
425 177.769362 3.175281
-0.27659157 0.42967591 -0.85957861 1.78399992
-0.58267695 0.63631248 0.50556338 -1.73510373
0.76418847 0.64069152 0.07436367 2.61336803
0.00000000 0.00000000 0.00000000 1.00000000
430 174.284797 5.025464
-0.58134758 0.28701460 -0.76135290 2.60748243
-0.30521902 0.79046351 0.53104532 -0.90045601
0.75423980 0.54110092 -0.37193143 4.12154579
0.00000000 0.00000000 0.00000000 1.00000000
432 178.974543 5.111912
-0.07698343 0.33408305 -0.93939412 3.99425125
-0.39611584 0.85439110 0.33631390 -0.93460876
0.91496605 0.39799970 0.06656165 3.66023779
0.00000000 0.00000000 0.00000000 1.00000000
436 153.919945 2.042670
0.33559057 0.55471063 -0.76136369 1.61541533
-0.60774237 0.74502516 0.27492845 0.00863843
0.71974123 0.37044907 0.58714443 -0.05604559
0.00000000 0.00000000 0.00000000 1.00000000
447 174.424795 1.930414
-0.06287313 -0.42061287 0.90505886 -1.73791385
0.82661653 0.48620918 0.28338262 -0.60687315
-0.55924249 0.76595354 0.31711611 0.96530330
0.00000000 0.00000000 0.00000000 1.00000000
449 6.576111 0.711565
0.54775172 -0.40941972 0.72961986 -0.55809987
0.27274767 0.91182351 0.30689994 0.29588187
-0.79093492 0.03089708 0.61111999 -0.43516040
0.00000000 0.00000000 0.00000000 1.00000000
467 164.248171 1.903566
0.05429845 -0.46286604 0.88476425 -1.72633839
0.79437518 0.55688643 0.24258447 -0.46658731
-0.60499591 0.68966305 0.39792693 0.86274803
0.00000000 0.00000000 0.00000000 1.00000000
470 170.574071 4.754742
-0.73588657 0.20154080 -0.64641446 1.17926133
0.01879358 0.96038663 0.27803734 -0.10190141
0.67684364 0.19245605 -0.71052343 4.26065826
0.00000000 0.00000000 0.00000000 1.00000000
477 84.631834 1.372014
0.98036587 0.04853627 0.19112326 -0.84491980
-0.06256685 0.99571723 0.06807229 0.31855351
-0.18700093 -0.07869323 0.97920287 -0.06527412
0.00000000 0.00000000 0.00000000 1.00000000
486 164.875925 2.024756
0.27130386 -0.42563033 0.86326861 -1.82885587
0.74570596 0.66002274 0.09106404 -0.31665963
-0.60853648 0.61903870 0.49646175 0.78492415
0.00000000 0.00000000 0.00000000 1.00000000
488 171.695532 2.002647
-0.55341554 0.20965567 -0.80608648 1.33614945
-0.75331712 -0.53884590 0.37703827 -0.89535940
-0.35530820 0.81589818 0.45614263 0.82642370
0.00000000 0.00000000 0.00000000 1.00000000
489 152.549466 3.672737
0.42855889 0.04191682 -0.90254104 2.25704765
-0.89823061 -0.08810145 -0.43060404 1.10222697
-0.09756519 0.99522984 -0.00010535 2.36375499
0.00000000 0.00000000 0.00000000 1.00000000
490 173.190552 2.382406
0.03520554 0.51485181 -0.85655576 1.60618758
0.44154161 -0.77691126 -0.44883183 0.91678429
-0.89654982 -0.36240399 -0.25468051 1.55327487
0.00000000 0.00000000 0.00000000 1.00000000
491 174.138046 1.622396
-0.65926403 0.10945117 0.74390191 -1.14760923
-0.44681901 -0.85274243 -0.27051672 0.42833695
0.60474849 -0.51073205 0.61108959 0.56210119
0.00000000 0.00000000 0.00000000 1.00000000
495 94.996508 0.623646
0.97667396 0.06727755 -0.20391589 0.25473642
-0.06047700 0.99739164 0.03940797 -0.40973803
0.20603558 -0.02615619 0.97819495 1.11535072
0.00000000 0.00000000 0.00000000 1.00000000
498 90.877089 0.583779
0.97057867 0.23881802 -0.03071222 0.09144223
-0.23986351 0.97011548 -0.03663965 -0.09111071
0.02104464 0.04292827 0.99885720 0.52575326
0.00000000 0.00000000 0.00000000 1.00000000
499 91.516168 0.619824
0.98595142 0.16338092 0.03475758 0.49277377
-0.16293257 0.98651737 -0.01539862 -0.05345175
-0.03680396 0.00951886 0.99927807 0.47489381
0.00000000 0.00000000 0.00000000 1.00000000
500 86.306299 2.129533
-0.94736338 -0.31633675 -0.04934344 -1.49454379
-0.19933641 0.46218652 0.86408848 -1.63526690
-0.25053668 0.82844114 -0.50091583 2.46518874
0.00000000 0.00000000 0.00000000 1.00000000
508 60.893558 0.670995
0.70198524 -0.23855565 0.67105198 -0.01629341
0.23444344 0.96712124 0.09855564 0.30953959
-0.67249811 0.08813852 0.73483264 0.29484832
0.00000000 0.00000000 0.00000000 1.00000000
509 97.089734 0.695139
0.43991485 0.79500395 -0.41766483 0.55458748
-0.89016569 0.44748181 -0.08582702 0.94234377
0.11866504 0.40954715 0.90453875 -0.31594741
0.00000000 0.00000000 0.00000000 1.00000000
510 174.943846 3.922129
-0.82934928 0.23095147 -0.50876445 0.79736191
-0.24389198 0.66959912 0.70153666 -0.64574599
0.50268972 0.70590222 -0.49900413 3.21350193
0.00000000 0.00000000 0.00000000 1.00000000
512 143.369137 5.059636
0.41856533 0.73365718 -0.53530407 3.53533697
-0.11457588 -0.54205328 -0.83249688 2.63826084
-0.90093040 0.40978691 -0.14282542 2.57611156
0.00000000 0.00000000 0.00000000 1.00000000
513 87.038457 2.321214
0.44593495 -0.49055660 -0.74866277 1.95339286
0.82705599 0.54564309 0.13510029 -0.10812411
0.34222788 -0.67943192 0.64903879 -2.07645655
0.00000000 0.00000000 0.00000000 1.00000000
517 98.226617 2.419510
0.52101099 0.28934476 -0.80301094 2.35234070
-0.52209353 0.85230082 -0.03164007 0.13339761
0.67525238 0.43573153 0.59512323 0.91960841
0.00000000 0.00000000 0.00000000 1.00000000
520 98.392733 3.016567
0.43059468 0.35165387 -0.83121991 2.71534681
-0.46529526 0.87564397 0.12941214 -0.17836723
0.77336168 0.33103794 0.54067099 1.21401012
0.00000000 0.00000000 0.00000000 1.00000000
521 172.542016 5.407259
-0.96876711 -0.06778525 -0.23852578 1.42818272
-0.23187701 0.58852476 0.77451366 -2.21729922
0.08787753 0.80563235 -0.58586121 4.83600473
0.00000000 0.00000000 0.00000000 1.00000000
524 96.617429 1.316891
0.23761299 0.23008066 -0.94371772 1.89969218
-0.66109759 0.75012028 0.01642692 -0.27835700
0.71168208 0.61998570 0.33034375 0.99416590
0.00000000 0.00000000 0.00000000 1.00000000
525 83.539054 3.100783
0.80641019 -0.26905605 0.52660382 -1.37912345
0.35242999 0.93374151 -0.06261700 0.52427852
-0.47486457 0.23608589 0.84780204 0.84864259
0.00000000 0.00000000 0.00000000 1.00000000
526 84.066341 3.061523
0.84519207 -0.11227574 0.52253687 -2.00049782
0.09541498 0.99367708 0.05917611 0.11264093
-0.52587694 -0.00015728 0.85056090 0.51379466
0.00000000 0.00000000 0.00000000 1.00000000
527 107.573844 2.666709
0.08883724 -0.85055590 -0.51832682 0.65385181
-0.79107046 0.25595811 -0.55560172 1.28830802
0.60524017 0.45939109 -0.65011114 3.67905378
0.00000000 0.00000000 0.00000000 1.00000000
528 173.579474 3.601881
-0.38060904 -0.38921744 0.83883572 -2.11087751
0.15337178 0.86797523 0.47232851 -0.97374994
-0.91192842 0.30842665 -0.27066505 3.78831577
0.00000000 0.00000000 0.00000000 1.00000000
531 172.977641 1.355410
0.02273580 0.37308538 -0.92751825 0.36679220
0.12321395 -0.92172956 -0.36773694 0.57466125
-0.99211925 -0.10592216 -0.06692570 2.66598535
0.00000000 0.00000000 0.00000000 1.00000000
533 153.963457 3.179256
0.12400897 -0.96671963 -0.22377378 -0.63528645
0.86518413 -0.00508508 0.50142950 -0.34491670
-0.48587927 -0.25578713 0.83575976 0.23569894
0.00000000 0.00000000 0.00000000 1.00000000
534 26.833891 1.276059
-0.49846122 0.32208169 -0.80485970 1.17956734
0.22817147 0.94442946 0.23662314 0.73917031
0.83634531 -0.06569868 -0.54425144 4.46920633
0.00000000 0.00000000 0.00000000 1.00000000
535 45.579495 0.912232
0.67412299 0.45856386 -0.57903177 0.17441928
-0.26398760 0.88174057 0.39095318 -0.99462539
0.68983293 -0.11069332 0.71545643 2.10770798
0.00000000 0.00000000 0.00000000 1.00000000
541 54.549094 1.245305
0.49349904 -0.84390509 -0.21043852 -0.55487746
0.85550267 0.42738456 0.29233235 -0.43494576
-0.15676190 -0.32429647 0.93287671 1.11567438
0.00000000 0.00000000 0.00000000 1.00000000
548 63.034240 1.205440
0.03621478 0.99804175 -0.05099159 0.09735397
-0.99728888 0.03282327 -0.06585601 -0.79579788
-0.06405352 0.05323824 0.99652451 -0.63004208
0.00000000 0.00000000 0.00000000 1.00000000
552 89.907628 1.481289
0.98245400 0.18430166 -0.02857716 0.49994063
-0.17137285 0.95254266 0.25158259 -0.00257795
0.07358818 -0.24227110 0.96741378 -0.06924713
0.00000000 0.00000000 0.00000000 1.00000000
553 88.049269 1.431321
0.97969371 -0.04059961 0.19634554 0.01456270
-0.03732479 0.92523438 0.37755588 0.08597523
-0.19699490 -0.37721786 0.90493083 -0.30241990
0.00000000 0.00000000 0.00000000 1.00000000
556 93.994223 1.503145
0.85037386 -0.29449427 0.43604758 -0.74910045
0.22748396 0.95301998 0.20000824 0.60738397
-0.47446370 -0.07088780 0.87741613 -0.45021391
0.00000000 0.00000000 0.00000000 1.00000000
557 173.588153 1.877674
-0.41175348 -0.62958378 0.65884924 -1.92973828
0.87903482 -0.46505952 0.10495868 -0.34069511
0.24032289 0.62236893 0.74491608 0.37251210
0.00000000 0.00000000 0.00000000 1.00000000
558 155.902683 4.121341
0.32131210 0.91969621 0.22565055 -1.80921149
-0.55353785 0.37574533 -0.74324405 1.85231936
-0.76834542 0.11390723 0.62981772 1.02732503
0.00000000 0.00000000 0.00000000 1.00000000
560 3.171138 2.359066
0.48757860 0.40901887 -0.77134335 2.52888203
-0.60806388 0.79306370 0.03616966 -0.76542145
0.62651861 0.45139053 0.63539070 0.82023364
0.00000000 0.00000000 0.00000000 1.00000000
563 84.349646 3.260955
0.45351759 -0.85791528 -0.24146217 -0.67399675
0.62228233 0.11085686 0.77490389 -1.21334374
-0.63803381 -0.50169021 0.58414078 1.38820374
0.00000000 0.00000000 0.00000000 1.00000000
564 63.544399 2.489614
-0.98461515 -0.00741974 -0.17457750 0.51881981
-0.06839541 0.93574762 0.34597659 -0.94808406
0.16079295 0.35259414 -0.92185885 5.56105709
0.00000000 0.00000000 0.00000000 1.00000000
565 8.020079 0.333762
