0 5.657696 0.320745
0.92650652 -0.11120795 0.35947019 0.65419030
0.14871028 0.98577422 -0.07832305 0.11011100
-0.34564626 0.12602372 0.92986387 -0.48425055
0.00000000 0.00000000 0.00000000 1.00000000
7 15.014115 0.632658
0.82454395 0.00489184 -0.56577647 -0.46166953
0.02183557 0.99894166 0.04046080 -0.35991704
0.56537533 -0.04571694 0.82356513 0.47710323
0.00000000 0.00000000 0.00000000 1.00000000
11 96.064906 1.165422
0.60808802 0.34153560 -0.71664560 1.57734418
-0.35789865 0.92372298 0.13653931 -0.52506924
0.70861620 0.17345978 0.68393987 1.02530646
0.00000000 0.00000000 0.00000000 1.00000000
15 90.596638 1.750047
0.75482666 0.12461826 -0.64397633 0.39672178
-0.07771175 0.99186206 0.10085030 0.28774253
0.65130341 -0.02607990 0.75836909 -0.44566417
0.00000000 0.00000000 0.00000000 1.00000000
18 3.549610 2.153820
0.65378296 -0.31258926 0.68909770 -1.90139556
0.30676740 0.94198120 0.13625666 0.03093849
-0.69170928 0.12231022 0.71174353 0.38930011
0.00000000 0.00000000 0.00000000 1.00000000
20 97.532445 1.613577
0.88019508 0.00297160 -0.47460198 0.84285444
-0.03868166 0.99710250 -0.06549603 0.19637626
0.47303224 0.07600740 0.87775964 -0.24530721
0.00000000 0.00000000 0.00000000 1.00000000
22 3.135877 2.091145
0.38338342 -0.23809257 0.89237249 -1.83425391
0.37695318 0.92240107 0.08415666 0.05790372
-0.84316254 0.30411831 0.44338322 0.20526659
0.00000000 0.00000000 0.00000000 1.00000000
26 99.911313 1.483237
0.77649802 0.11904569 -0.61877120 1.32091475
0.02045950 0.97670984 0.21358475 -0.38092259
0.62978595 -0.17850879 0.75597823 0.68970686
0.00000000 0.00000000 0.00000000 1.00000000
27 8.005919 0.322977
0.53706217 -0.10938439 0.83642101 -0.06368387
0.32013482 0.94380581 -0.08212942 0.07624413
-0.78043467 0.31187657 0.54189992 -0.16278577
0.00000000 0.00000000 0.00000000 1.00000000
29 93.085728 1.993976
0.59733343 0.41130978 -0.68848801 1.67194605
-0.48142210 0.87049133 0.10235742 -0.60935342
0.64142370 0.27031249 0.71798754 0.60023379
0.00000000 0.00000000 0.00000000 1.00000000
35 94.995112 2.905669
0.39422807 0.60660946 -0.69036996 2.23956656
-0.70495158 0.68154806 0.19630402 -1.10303617
0.58959925 0.40928832 0.69631630 0.39725649
0.00000000 0.00000000 0.00000000 1.00000000
38 6.732836 0.404774
0.55563968 -0.44042152 0.70519096 -0.75624812
0.27586782 0.89778388 0.34333920 -0.20237093
-0.78432262 0.00376619 0.62034208 -0.32457542
0.00000000 0.00000000 0.00000000 1.00000000
41 6.176158 0.394711
0.71881860 -0.38235477 0.58060712 0.17721015
0.25469846 0.92194170 0.29180932 0.13661033
-0.64686030 -0.06187827 0.76009393 -0.67497635
0.00000000 0.00000000 0.00000000 1.00000000
