0 5.571407 0.316192
0.92708075 -0.11125161 0.35797060 0.65881550
0.14851969 0.98580706 -0.07826798 0.10961568
-0.34418240 0.12572634 0.93044615 -0.48399711
0.00000000 0.00000000 0.00000000 1.00000000
7 15.767270 0.646714
0.81724221 -0.00251991 -0.57628697 -0.44738492
0.03272021 0.99857938 0.04203559 -0.36955792
0.57536238 -0.05321085 0.81616533 0.48244405
0.00000000 0.00000000 0.00000000 1.00000000
11 94.116939 1.195629
0.63063121 0.32431790 -0.70506930 1.59582424
-0.32125568 0.93609589 0.14324656 -0.55001509
0.70646977 0.13617156 0.69452018 1.05329883
0.00000000 0.00000000 0.00000000 1.00000000
15 90.512922 1.752682
0.75664765 0.12535843 -0.64169526 0.38953406
-0.08171011 0.99188346 0.09742229 0.29781586
0.64869964 -0.02128109 0.76074743 -0.44457340
0.00000000 0.00000000 0.00000000 1.00000000
18 3.308905 2.076149
0.69062781 -0.31260240 0.65216023 -1.83322191
0.34275097 0.93553048 0.08546323 0.13520928
-0.63683188 0.16450529 0.75324821 0.24116838
0.00000000 0.00000000 0.00000000 1.00000000
20 97.382032 1.609991
0.88178456 0.00507146 -0.47162467 0.83401859
-0.03964582 0.99720001 -0.06340224 0.18951061
0.46998271 0.07460490 0.87951654 -0.25134873
0.00000000 0.00000000 0.00000000 1.00000000
22 4.640723 2.015399
0.39499927 -0.31493592 0.86301243 -1.77450824
0.43055153 0.89330947 0.12892947 -0.05492908
-0.81154174 0.32064414 0.48845315 0.09965813
0.00000000 0.00000000 0.00000000 1.00000000
26 91.596241 1.426251
0.85133487 0.25404131 -0.45901197 0.79858994
-0.26057753 0.96414149 0.05031054 0.36772940
0.45533329 0.07677701 0.88700473 -1.19366312
0.00000000 0.00000000 0.00000000 1.00000000
27 8.030500 0.323243
0.53707308 -0.10858558 0.83651710 -0.06381470
0.31985071 0.94383913 -0.08283791 0.07694493
-0.78054309 0.31204951 0.54164237 -0.16255260
0.00000000 0.00000000 0.00000000 1.00000000
29 91.750819 2.026546
0.61978763 0.38232261 -0.68533969 1.69902933
-0.42051080 0.89914143 0.12130435 -0.59221202
0.66259545 0.21301037 0.71804792 0.63597524
0.00000000 0.00000000 0.00000000 1.00000000
31 4.212869 0.639708
0.58724213 -0.44099805 0.67872548 -0.22571146
0.46682361 0.86955571 0.16108739 0.06238273
-0.66122812 0.22224779 0.71650791 -0.07311988
0.00000000 0.00000000 0.00000000 1.00000000
35 91.791933 2.810001
0.46548903 0.50908595 -0.72398311 2.35921526
-0.68914384 0.72175431 0.06442937 -0.69915801
0.55533797 0.46893743 0.68680215 0.40602577
0.00000000 0.00000000 0.00000000 1.00000000
38 8.680866 0.516745
0.52946097 -0.44065917 0.72490776 -0.84174168
0.26352495 0.89766550 0.35320151 -0.24390936
-0.80636609 0.00402465 0.59140325 -0.26405931
0.00000000 0.00000000 0.00000000 1.00000000
41 6.853862 0.438021
0.71014637 -0.38166675 0.59162462 0.13712257
0.24984007 0.92223674 0.29505676 0.12150183
-0.65823162 -0.06172228 0.75028092 -0.66096735
0.00000000 0.00000000 0.00000000 1.00000000
44 3.203324 0.887422
0.89044416 -0.07789887 0.44837493 -0.00360817
0.00580582 0.98710537 0.15996471 -0.26821786
-0.45505416 -0.13983601 0.87941509 -0.32915950
0.00000000 0.00000000 0.00000000 1.00000000
46 178.996825 6.101842
-0.74656492 0.29746929 -0.59510726 2.10925436
-0.32741717 0.61439383 0.71785682 -2.50750566
0.57917047 0.73077524 -0.36128822 4.94782782
0.00000000 0.00000000 0.00000000 1.00000000
49 20.041059 1.723286
0.81501287 -0.30687758 0.49150878 -0.33777088
0.25257194 0.95156461 0.17530628 -0.26017481
-0.52150005 -0.01873530 0.85304570 -0.09914637
0.00000000 0.00000000 0.00000000 1.00000000
51 178.888468 5.943003
-0.77993619 0.29744843 -0.55065739 1.53252959
-0.27225399 0.63098615 0.72645289 -2.63187075
0.56353998 0.71650553 -0.41114730 4.95009708
0.00000000 0.00000000 0.00000000 1.00000000
54 3.208820 2.233551
0.97035748 0.04316190 0.23778661 -0.73455894
-0.05264980 0.99804372 0.03368855 -0.01709121
-0.23586792 -0.04521039 0.97073263 -0.42865062
0.00000000 0.00000000 0.00000000 1.00000000
55 3.858539 2.103103
0.97134256 0.22330895 -0.08140306 0.39435041
-0.23444417 0.95651156 -0.17355460 0.46275282
0.03910658 0.18766549 0.98145384 -0.94855058
0.00000000 0.00000000 0.00000000 1.00000000
57 2.714979 2.189687
0.99080569 -0.08520257 0.10509159 -0.01292843
0.06827845 0.98550987 0.15526521 -0.03901511
-0.11679807 -0.14666280 0.98226649 -0.52213812
0.00000000 0.00000000 0.00000000 1.00000000
59 94.231536 4.048949
-0.33058286 0.38771856 -0.86045766 1.49605012
-0.42057014 0.75566858 0.50208199 -1.98312688
0.84488714 0.52786297 -0.08674929 3.71536303
0.00000000 0.00000000 0.00000000 1.00000000
60 2.097045 1.274069
0.96627146 0.09970519 -0.23744443 1.01286578
-0.07314390 0.99029553 0.11817659 -0.28161481
0.24692318 -0.09682278 0.96418607 -0.11318719
0.00000000 0.00000000 0.00000000 1.00000000
61 94.835291 4.105083
-0.22974274 0.55592650 -0.79885095 1.89350653
-0.29696879 0.74162012 0.60150492 -1.64533901
0.92683673 0.37542588 -0.00528923 2.85368323
0.00000000 0.00000000 0.00000000 1.00000000
62 92.954336 3.158633
-0.24071881 0.42511612 -0.87254274 1.43025613
-0.44872826 0.74838924 0.48842281 -1.58459413
0.86063778 0.50910729 0.01061007 2.46492600
0.00000000 0.00000000 0.00000000 1.00000000
66 96.433064 4.228202
-0.01373959 0.38366416 -0.92337012 2.92361689
-0.28585055 0.88341093 0.37131441 -0.80366063
0.95817459 0.26904771 0.09753266 2.64093399
0.00000000 0.00000000 0.00000000 1.00000000
68 95.811162 2.300199
0.99263161 -0.00199762 0.12115896 0.80738890
0.02515686 0.98147637 -0.18992552 0.45778528
-0.11853528 0.19157404 0.97429430 0.32723570
0.00000000 0.00000000 0.00000000 1.00000000
69 87.006370 4.793303
0.40117937 -0.54591870 0.73554623 -1.90852070
0.61628926 0.75493836 0.22417697 -0.59210783
-0.67767441 0.36337376 0.63930953 0.19300413
0.00000000 0.00000000 0.00000000 1.00000000
74 89.587139 2.880963
0.94657379 0.18766719 -0.26225662 -0.21716094
-0.19617860 0.98054671 -0.00641051 0.15594716
0.25595194 0.05751652 0.96497673 -0.08605146
0.00000000 0.00000000 0.00000000 1.00000000
79 98.479348 1.992547
0.91374236 -0.40592140 -0.01739329 0.26970208
0.40321720 0.90073341 0.16154204 -0.00365216
-0.04990642 -0.15462117 0.98671287 -0.31219840
0.00000000 0.00000000 0.00000000 1.00000000
81 94.215274 2.320241
0.97026742 0.02498515 -0.24074230 0.11213744
-0.04204070 0.99693549 -0.06597033 0.17464888
0.23835599 0.07412988 0.96834445 -0.67684996
0.00000000 0.00000000 0.00000000 1.00000000
82 93.902758 2.217048
0.61948597 -0.41604650 0.66568965 -2.04213333
0.52661914 0.84913051 0.04062578 -0.22834739
-0.58215976 0.32539761 0.74512172 0.90150952
0.00000000 0.00000000 0.00000000 1.00000000
84 83.048537 1.911234
0.94026244 -0.05790269 -0.33549219 0.80232286
0.12365094 0.97622079 0.17805885 -0.15309933
0.31720516 -0.20890471 0.92506242 0.06498551
0.00000000 0.00000000 0.00000000 1.00000000
85 88.210333 2.307260
-0.95718807 0.18011285 -0.22660504 -0.24931920
-0.08167696 0.58297557 0.80837417 -1.95397401
0.27770355 0.79227483 -0.54330605 3.67067695
0.00000000 0.00000000 0.00000000 1.00000000
87 92.897582 1.564476
0.97934127 -0.00178565 -0.20220551 0.74179357
-0.03391212 0.98434842 -0.17293873 -0.02039096
0.19934936 0.17622335 0.96395248 -0.23994958
0.00000000 0.00000000 0.00000000 1.00000000
88 89.092472 2.161632
-0.55592805 0.58451313 -0.59100556 0.70786905
-0.16389117 0.61996675 0.76732028 -1.99146914
0.81491363 0.52343529 -0.24886023 3.31428027
0.00000000 0.00000000 0.00000000 1.00000000
89 87.633743 2.323987
-0.99322063 0.10513853 -0.04959330 -0.25385985
0.02258837 0.59303761 0.80485785 -1.61897922
0.11403199 0.79828072 -0.59139228 3.38885736
0.00000000 0.00000000 0.00000000 1.00000000
91 94.784577 1.016136
0.98998988 -0.11950763 0.07508934 0.38034877
0.11931118 0.99283141 0.00711063 -0.50889319
-0.07540074 0.00191957 0.99715167 0.42034233
0.00000000 0.00000000 0.00000000 1.00000000
93 94.143499 0.966426
0.99713755 -0.06995802 0.02862725 0.82221365
0.07096054 0.99684179 -0.03565523 -0.48526341
-0.02604249 0.03758436 0.99895287 0.11422420
0.00000000 0.00000000 0.00000000 1.00000000
94 93.778381 1.002289
0.89207846 -0.45008641 -0.04023916 0.88790143
0.44779804 0.89245003 -0.05486369 -0.66693121
0.06060523 0.03092360 0.99768347 0.98428488
0.00000000 0.00000000 0.00000000 1.00000000
95 91.964488 1.166760
0.73343384 -0.28512654 0.61707187 -1.04468489
0.35536209 0.93468046 0.00950868 -0.58491665
-0.57947636 0.21230988 0.78684914 1.21082735
0.00000000 0.00000000 0.00000000 1.00000000
98 93.909597 0.597565
0.96933210 0.18539228 -0.16131930 0.20943508
-0.15300958 0.96896291 0.19415891 -0.69983059
0.19230774 -0.16352031 0.96761394 0.93564355
0.00000000 0.00000000 0.00000000 1.00000000
99 93.766277 0.562114
0.99018383 0.11025185 -0.08590955 0.65078712
-0.08672792 0.96665877 0.24093452 -0.75142682
0.10960862 -0.23111880 0.96673155 0.87699783
0.00000000 0.00000000 0.00000000 1.00000000
100 93.948988 0.564584
0.95133531 0.26337606 -0.15998173 0.58900344
-0.23375234 0.95505655 0.18228386 -0.70384997
0.20080075 -0.13601691 0.97014368 0.61549699
0.00000000 0.00000000 0.00000000 1.00000000
104 97.873112 0.613248
0.80033767 0.49105197 -0.34398758 0.20806158
-0.25400835 0.79742134 0.54735589 -0.78956354
0.54308319 -0.35069397 0.76293778 0.89582765
0.00000000 0.00000000 0.00000000 1.00000000
106 88.447120 0.838977
0.65457684 0.66173565 -0.36556348 0.86879551
-0.38498682 0.70793247 0.59212965 -0.80896282
0.65062720 -0.24685705 0.71815473 0.56543660
0.00000000 0.00000000 0.00000000 1.00000000
107 91.564448 1.664522
0.85984725 -0.35866755 0.36334515 -0.16449061
0.18623351 0.88297701 0.43089250 -0.34098518
-0.47537258 -0.30283457 0.82602173 0.55139148
0.00000000 0.00000000 0.00000000 1.00000000
111 92.161547 0.627001
0.93158758 0.26775035 -0.24587584 1.11385691
-0.08839231 0.82292509 0.56123209 -0.46818852
0.35260695 -0.50110328 0.79029375 0.66656125
0.00000000 0.00000000 0.00000000 1.00000000
114 48.086964 0.825086
0.83836293 0.48394871 -0.25088030 -1.00911176
-0.28016126 0.77733099 0.56326360 -0.02483785
0.46760732 -0.40193281 0.78726947 0.22118533
0.00000000 0.00000000 0.00000000 1.00000000
115 112.935612 1.343977
0.56114864 -0.73765391 0.37547225 -0.19625908
0.57863081 0.67396510 0.45930266 -0.64235163
-0.59186113 -0.04047699 0.80502307 0.53095484
0.00000000 0.00000000 0.00000000 1.00000000
116 177.530302 1.905571
0.94446164 -0.04982687 -0.32482111 0.25417817
0.16299321 0.92931545 0.33136961 -0.09440076
0.28534973 -0.36590967 0.88582480 0.05614698
0.00000000 0.00000000 0.00000000 1.00000000
122 174.113786 1.858023
0.93731272 -0.31506929 0.14891987 -1.29377401
0.24553336 0.90031075 0.35937867 -0.26630574
-0.24730343 -0.30028549 0.92123258 0.48444009
0.00000000 0.00000000 0.00000000 1.00000000
124 174.726154 1.836748
0.88960660 0.25266454 -0.38047376 0.72306228
-0.01142810 0.84509754 0.53449053 -0.31799376
0.45658433 -0.47113794 0.75469148 0.11572933
0.00000000 0.00000000 0.00000000 1.00000000
136 87.826673 1.865329
0.96775192 -0.12240107 -0.22016720 -0.74183476
0.15526634 0.97808462 0.13871974 -0.58464265
0.19836238 -0.16843092 0.96554810 0.04837108
0.00000000 0.00000000 0.00000000 1.00000000
137 94.875299 0.417965
0.96869123 0.08568135 -0.23301828 -0.31736547
-0.06692524 0.99393535 0.08725420 -0.64671260
0.23908070 -0.06892738 0.96855044 0.63314581
0.00000000 0.00000000 0.00000000 1.00000000
138 94.513315 0.351318
0.98986530 0.02260294 -0.14020064 0.08996478
-0.00961239 0.99565274 0.09265144 -0.66586429
0.14168534 -0.09036499 0.98577881 0.61991704
0.00000000 0.00000000 0.00000000 1.00000000
140 98.968579 1.704506
0.89915591 -0.17418487 -0.40147084 -0.12349679
0.22306766 0.97167563 0.07801704 -0.54548264
0.37651041 -0.15970467 0.91254282 -0.09319139
0.00000000 0.00000000 0.00000000 1.00000000
141 91.858048 2.386024
-0.55829787 -0.46599227 0.68640655 -0.06012833
0.51370043 0.45550829 0.72706473 -1.60323489
-0.65147132 0.75852609 -0.01492873 2.54734421
0.00000000 0.00000000 0.00000000 1.00000000
142 95.519641 0.210559
0.51976764 -0.41774684 0.74520373 -0.38182202
0.46151879 0.87135375 0.16656208 -1.09135818
-0.71891701 0.25735199 0.64569962 1.85814381
0.00000000 0.00000000 0.00000000 1.00000000
143 159.923842 2.224971
-0.92949247 0.36710152 0.03579313 1.03144884
-0.14517254 -0.27490526 -0.95044899 1.24698257
-0.33907098 -0.88863122 0.30881447 1.44394922
0.00000000 0.00000000 0.00000000 1.00000000
144 94.923551 0.473144
0.97659183 -0.21230656 0.03455094 0.47802699
0.21076711 0.97657275 0.04338716 -0.37782747
-0.04295251 -0.03508964 0.99846059 0.53413248
0.00000000 0.00000000 0.00000000 1.00000000
146 94.232156 0.627565
0.89774907 0.13431932 -0.41953033 0.33822280
-0.06425798 0.98212218 0.17693724 -0.90736502
0.43579584 -0.13188702 0.89033031 1.01935458
0.00000000 0.00000000 0.00000000 1.00000000
148 96.695089 0.638064
0.90310907 0.09451050 -0.41887912 0.56788546
-0.03918320 0.98954582 0.13878842 -0.87872338
0.42761761 -0.10892848 0.89737248 0.86037374
0.00000000 0.00000000 0.00000000 1.00000000
150 8.823030 2.069780
0.96738791 -0.14667340 0.20651427 -0.93733817
0.10364018 0.97312135 0.20565532 -1.05209780
-0.23112768 -0.17754520 0.95658666 1.39516544
0.00000000 0.00000000 0.00000000 1.00000000
151 78.312448 1.922323
-0.11373738 -0.63077068 0.76758868 -1.34778690
0.51454985 0.62351179 0.58861846 -0.80202848
-0.84988379 0.46191046 0.25364619 1.24041581
0.00000000 0.00000000 0.00000000 1.00000000
152 94.898916 0.653665
0.66725749 -0.41064250 0.62140077 -0.60326904
0.33182371 0.91081321 0.24558493 -0.89287490
-0.66682827 0.04232719 0.74400818 1.42025340
0.00000000 0.00000000 0.00000000 1.00000000
153 85.482571 2.036855
-0.55581325 0.66488981 -0.49899232 0.38764530
-0.30811763 0.39273018 0.86650234 -1.88707232
0.77209795 0.63536185 -0.01342064 2.84951615
0.00000000 0.00000000 0.00000000 1.00000000
156 96.469486 0.711366
0.98447323 -0.05985591 -0.16501266 0.90057009
0.09540515 0.97154772 0.21677741 -0.28635678
0.14734244 -0.22915439 0.96217334 0.25244772
0.00000000 0.00000000 0.00000000 1.00000000
163 90.240881 1.923755
0.11710446 -0.77918625 0.61575592 -1.36284983
0.53323925 0.57239830 0.62290961 -0.92836547
-0.83782005 0.25539964 0.48252308 1.15941978
0.00000000 0.00000000 0.00000000 1.00000000
164 6.036892 2.430048
0.99797511 0.00974542 0.06285179 -0.47389317
-0.02899978 0.94921786 0.31328017 -0.74497187
-0.05660683 -0.31446850 0.94757843 0.90454316
0.00000000 0.00000000 0.00000000 1.00000000
165 3.693213 2.205474
0.84822559 -0.37069076 0.37828672 -0.46651530
0.26221487 0.91448319 0.30816141 -0.38300943
-0.46016985 -0.16219811 0.87288910 0.54061651
0.00000000 0.00000000 0.00000000 1.00000000
167 93.610926 1.339782
0.75611395 -0.22730617 0.61369789 -1.01767838
0.09711799 0.96633297 0.23826230 -0.22386807
-0.64719486 -0.12055263 0.75273311 0.51272154
0.00000000 0.00000000 0.00000000 1.00000000
168 91.728652 1.233593
-0.06369439 -0.64341587 0.76286262 -1.54194999
0.80840790 0.41495505 0.41748056 -0.33024371
-0.58516723 0.64329481 0.49371171 0.23812962
0.00000000 0.00000000 0.00000000 1.00000000
171 12.436363 1.828121
0.37297547 0.85977584 -0.34881860 0.30058008
-0.81051558 0.48489764 0.32854089 -1.25472331
0.45161298 0.16018502 0.87771654 0.90722132
0.00000000 0.00000000 0.00000000 1.00000000
172 93.360886 1.489975
0.93504739 0.22622740 -0.27295884 1.43011880
-0.14436740 0.94618249 0.28964877 -0.19577810
0.32379556 -0.23142862 0.91738552 0.10256338
0.00000000 0.00000000 0.00000000 1.00000000
177 18.263467 0.634274
0.94525188 0.31761912 0.07495061 -1.71978164
-0.31878987 0.94781750 0.00389077 0.66427302
-0.06980366 -0.02757136 0.99717975 -0.38996792
0.00000000 0.00000000 0.00000000 1.00000000
178 10.433979 0.637929
0.97170150 0.19656409 0.13099420 -1.38814819
-0.21323021 0.96852994 0.12838590 0.22843850
-0.10163574 -0.15268467 0.98303503 -0.26930904
0.00000000 0.00000000 0.00000000 1.00000000
180 88.703417 1.706829
0.83119726 -0.23148367 0.50549579 -0.65341175
0.14334619 0.96768987 0.20743090 -0.40326273
-0.53718042 -0.09995514 0.83752376 0.63164306
0.00000000 0.00000000 0.00000000 1.00000000
182 154.996925 2.239909
0.96905881 -0.01206908 0.24653488 -1.26575518
0.08711213 0.95125532 -0.29584607 0.29278666
-0.23094696 0.30816856 0.92287374 -0.21442139
0.00000000 0.00000000 0.00000000 1.00000000
188 85.657561 4.341199
-0.58962709 0.24751060 -0.76881641 1.63670456
-0.46860772 0.67045689 0.57523382 -1.94749701
0.65783364 0.69944692 -0.27933383 1.89676738
0.00000000 0.00000000 0.00000000 1.00000000
189 82.609910 4.367402
0.53231823 0.17637581 -0.82796681 1.50114012
-0.45715106 0.88307464 -0.10579813 -0.52875090
0.71249568 0.43482372 0.55070698 1.10379338
0.00000000 0.00000000 0.00000000 1.00000000
190 84.413552 3.358240
0.98577327 -0.04231805 0.16266745 -1.29334843
0.12918025 0.80992222 -0.57213521 1.49910402
-0.10753641 0.58500844 0.80386627 -1.42040920
0.00000000 0.00000000 0.00000000 1.00000000
191 95.405581 3.168213
0.85857040 0.20183730 0.47129285 -2.06057644
0.16589272 0.76042914 -0.62787485 1.14944792
-0.48511413 0.61725938 0.61939901 -0.28789103
0.00000000 0.00000000 0.00000000 1.00000000
193 10.767170 0.668047
0.76387733 -0.02117780 -0.64501333 0.30169034
-0.17809178 0.95373380 -0.24222581 0.46318224
0.62030184 0.29990286 0.72476393 -0.46379828
0.00000000 0.00000000 0.00000000 1.00000000
197 29.806957 2.079903
0.32540354 0.34686100 -0.87965935 2.15496945
-0.75603133 0.65417486 -0.02172159 0.16147113
0.56791639 0.67211783 0.47510886 -0.54262185
0.00000000 0.00000000 0.00000000 1.00000000
199 122.492231 1.768313
0.40937147 -0.21546125 0.88656187 -2.73072386
-0.90218246 0.04919808 0.42854065 -0.65899670
-0.13595089 -0.97527260 -0.17424524 2.97020912
0.00000000 0.00000000 0.00000000 1.00000000
201 94.224659 3.293045
0.99910009 0.01556629 -0.03944787 -0.87709522
-0.03804316 0.74002558 -0.67150205 1.65591562
0.01873922 0.67239892 0.73995161 -1.20014989
0.00000000 0.00000000 0.00000000 1.00000000
203 13.637937 0.692028
0.71754175 -0.13684186 -0.68293989 0.17106295
-0.11490946 0.94381714 -0.30984616 0.40767670
0.68697053 0.30080345 0.66150337 -0.19519329
0.00000000 0.00000000 0.00000000 1.00000000
207 8.056127 1.232790
0.72403282 0.13819154 -0.67578089 1.14503479
-0.50396872 0.77490622 -0.38149115 0.51253784
0.47094801 0.61678463 0.63070166 -0.44417167
0.00000000 0.00000000 0.00000000 1.00000000
209 129.704425 1.554800
0.43257797 -0.27202949 0.85957891 -2.10910821
-0.90154999 -0.12082683 0.41546199 -0.76343191
-0.00915782 -0.95467305 -0.29751527 3.11665726
0.00000000 0.00000000 0.00000000 1.00000000
211 117.326527 2.375055
0.94305754 -0.02876106 -0.33138406 -0.51734948
-0.19585317 0.75723749 -0.62308365 1.05452311
0.26885670 0.65250665 0.70848542 -0.62000799
0.00000000 0.00000000 0.00000000 1.00000000
212 25.556377 0.922889
0.69188404 -0.29938939 -0.65700936 0.12361783
-0.00375754 0.90846956 -0.41793203 0.43633235
0.72199863 0.29162908 0.62743121 0.33099127
0.00000000 0.00000000 0.00000000 1.00000000
213 105.924213 1.809357
-0.21240522 -0.95111912 0.22418062 -0.29828626
0.54885125 -0.30592957 -0.77792752 1.38597190
0.80848503 -0.04219453 0.58700264 0.54037333
0.00000000 0.00000000 0.00000000 1.00000000
217 9.958386 1.362800
0.71069813 0.10369995 -0.69581312 1.05955458
-0.51955175 0.74422860 -0.41975036 0.40776268
0.47431535 0.65982616 0.58279920 -0.08857346
0.00000000 0.00000000 0.00000000 1.00000000
219 22.707404 0.788423
0.93668973 0.27512133 0.21661630 -1.97946727
-0.06196245 0.73908091 -0.67076105 0.10111755
-0.34463742 0.61487389 0.70933628 2.11816883
0.00000000 0.00000000 0.00000000 1.00000000
222 164.043135 3.107223
0.38824216 -0.88772511 -0.24741088 -0.07100350
-0.92129987 -0.36753720 -0.12697637 0.76289093
0.02178723 0.27723691 -0.96055472 3.48079395
0.00000000 0.00000000 0.00000000 1.00000000
224 26.537655 0.664690
0.63977331 -0.35688502 -0.68067825 -0.22583479
0.04545245 0.90166920 -0.43003070 0.19103739
0.76721847 0.24418379 0.59308523 0.60009241
0.00000000 0.00000000 0.00000000 1.00000000
228 20.538189 0.860381
0.78186631 0.51025593 -0.35822183 0.29656816
-0.62007791 0.69610101 -0.36186543 0.17855427
0.06471488 0.50505579 0.86065692 0.01897156
0.00000000 0.00000000 0.00000000 1.00000000
229 17.566919 0.315277
0.98734999 0.04817939 -0.15106225 -0.10011506
-0.08639288 0.96234542 -0.25773671 -0.76697743
0.13295531 0.26752764 0.95433366 0.94814610
0.00000000 0.00000000 0.00000000 1.00000000
230 157.919079 1.630318
-0.07446178 -0.34857869 0.93431741 -1.47084892
-0.82435024 -0.50571048 -0.25437009 0.59721917
0.56116188 -0.78914583 -0.24969463 2.79341054
0.00000000 0.00000000 0.00000000 1.00000000
237 91.525662 1.967187
0.00045824 -0.98220098 -0.18783076 0.73316348
0.59871548 0.15071422 -0.78665447 0.64184642
0.80096185 -0.11209670 0.58812827 0.97478724
0.00000000 0.00000000 0.00000000 1.00000000
238 16.221855 2.145318
0.99625462 0.05616967 -0.06574000 0.44459814
-0.07775491 0.91455275 -0.39692235 0.65445644
0.03782768 0.40054742 0.91549480 0.97257435
0.00000000 0.00000000 0.00000000 1.00000000
243 10.214228 0.356605
0.97912270 0.19330581 -0.06285834 -0.97708935
-0.20152423 0.88271588 -0.42450035 -0.10287970
-0.02657247 0.42830563 0.90324318 0.30526149
0.00000000 0.00000000 0.00000000 1.00000000
244 45.204054 1.669603
0.74124348 -0.48909616 -0.45972267 0.29468814
0.47507691 0.86610574 -0.15544753 -0.41747501
0.47419697 -0.10317867 0.87435210 1.08494616
0.00000000 0.00000000 0.00000000 1.00000000
245 95.731770 2.330675
-0.29290128 -0.18380238 0.93831038 -2.63004160
0.88013989 0.33160111 0.33969939 -0.81978023
-0.37358135 0.92534220 0.06464498 1.59481549
0.00000000 0.00000000 0.00000000 1.00000000
252 18.269983 1.604163
0.98161256 -0.14675632 0.12206786 0.54369175
0.16775723 0.96834755 -0.18482660 -0.10161558
-0.09107971 0.20190543 0.97516090 0.84783852
0.00000000 0.00000000 0.00000000 1.00000000
253 40.851807 1.698954
0.74146521 -0.64584291 -0.18197390 0.31498218
0.57525665 0.75146139 -0.32308680 -0.33017915
0.34541029 0.13487644 0.92870861 0.88481605
0.00000000 0.00000000 0.00000000 1.00000000
254 175.213858 3.029893
-0.41047564 -0.90945977 -0.06627679 1.21763146
-0.84986115 0.40789509 -0.33370176 -0.02291399
0.33052266 -0.08065039 -0.94034564 3.95985126
0.00000000 0.00000000 0.00000000 1.00000000
255 4.259104 1.130715
0.88735950 -0.15758921 0.43331075 -0.09082919
0.21848232 0.97128558 -0.09417722 -0.51290828
-0.40602726 0.17823941 0.89630997 1.08125269
0.00000000 0.00000000 0.00000000 1.00000000
261 168.634829 1.662890
-0.84890211 0.02197213 -0.52809405 -0.29511321
0.39626160 -0.63473237 -0.66339409 0.86850476
-0.34977394 -0.77241957 0.53011894 1.42077422
0.00000000 0.00000000 0.00000000 1.00000000
262 172.724126 1.600310
-0.95206362 -0.13204679 -0.27593061 -0.31134999
0.29229641 -0.65869617 -0.69331223 0.70212615
-0.09020457 -0.74073112 0.66571784 1.69167638
0.00000000 0.00000000 0.00000000 1.00000000
263 91.189160 0.819902
0.01015115 0.63790840 0.77004653 -0.16128701
-0.79009950 0.47712326 -0.38483539 -0.21452194
-0.61289668 -0.60450572 0.50885296 1.11144388
0.00000000 0.00000000 0.00000000 1.00000000
264 85.633473 0.896471
-0.19418815 0.52236342 0.83031809 -1.63990295
-0.71538407 0.50374395 -0.48421967 -0.21203309
-0.67120665 -0.68802601 0.27586937 2.14930010
0.00000000 0.00000000 0.00000000 1.00000000
265 86.540149 1.049610
0.37746835 0.90262413 0.20685047 -0.86076319
-0.83409184 0.42843652 -0.34746671 -0.58050454
-0.40225413 -0.04137450 0.91459250 1.77320123
0.00000000 0.00000000 0.00000000 1.00000000
270 176.101826 1.466693
-0.97769934 0.02562907 0.20844261 -0.55390579
-0.16315097 -0.71765232 -0.67702091 0.45665169
0.13223764 -0.69593084 0.70582879 1.66766119
0.00000000 0.00000000 0.00000000 1.00000000
271 73.838899 0.975497
0.25090092 0.62908733 0.73572987 -0.72288346
-0.73723584 0.61672705 -0.27591944 -0.49184108
-0.62732166 -0.47317785 0.61852318 1.44758677
0.00000000 0.00000000 0.00000000 1.00000000
272 11.749922 1.253096
0.99034506 -0.07672164 0.11545922 -0.75993407
0.08776602 0.99171293 -0.09382460 -0.60665298
-0.10730398 0.10305209 0.98887146 1.01195717
0.00000000 0.00000000 0.00000000 1.00000000
277 59.460256 1.450638
0.99560803 0.00287435 0.09357619 -1.11777258
-0.05127236 0.85304528 0.51931214 -1.54056525
-0.07833233 -0.52182901 0.84944606 1.13969994
0.00000000 0.00000000 0.00000000 1.00000000
278 56.300258 0.644225
0.89446831 -0.44705403 -0.00828287 -0.40352288
0.42047045 0.83468908 0.35566646 -1.04011393
-0.15208837 -0.32161531 0.93457597 0.79418600
0.00000000 0.00000000 0.00000000 1.00000000
284 13.128134 0.322744
0.25149807 -0.26780373 0.93006957 -1.36554778
0.54594660 0.83273649 0.09214963 -1.31041980
-0.79918224 0.48459291 0.35563797 2.26270342
0.00000000 0.00000000 0.00000000 1.00000000
291 33.840545 0.603357
0.77550215 -0.58951014 0.22599286 -0.91108155
0.62002861 0.77860475 -0.09663363 -0.98434854
-0.11899194 0.21506169 0.96932340 1.31087542
0.00000000 0.00000000 0.00000000 1.00000000
296 114.061934 2.900740
-0.35236761 0.89601350 0.27018082 -0.92853755
0.88419616 0.41333568 -0.21760470 -0.76582342
-0.30665171 0.16221589 -0.93789756 4.06921864
0.00000000 0.00000000 0.00000000 1.00000000
303 108.002212 3.420949
-0.32539946 0.86961180 0.37133515 0.17565745
-0.79907459 -0.04292679 -0.59969765 1.22150826
-0.50556421 -0.49186584 0.70885336 1.66288626
0.00000000 0.00000000 0.00000000 1.00000000
310 14.087943 1.053868
0.48386496 -0.17814796 0.85681736 -0.44393843
0.02674708 0.98161358 0.18899070 -0.20701998
-0.87473261 -0.06852812 0.47973496 1.28197896
0.00000000 0.00000000 0.00000000 1.00000000
314 10.581691 0.313114
0.85522062 0.01553863 0.51803046 -1.34242558
0.09700091 0.97708738 -0.18944806 -0.63964802
-0.50910479 0.21226928 0.83411837 1.59136188
0.00000000 0.00000000 0.00000000 1.00000000
315 35.316737 1.377426
0.95156384 0.26619369 0.15384093 -0.68147516
-0.17429423 0.87925643 -0.44331679 -0.58463138
-0.25327376 0.39503056 0.88306445 1.41089976
0.00000000 0.00000000 0.00000000 1.00000000
325 163.803035 3.220122
-0.60170388 0.79480892 -0.07893777 0.32178226
0.74169624 0.51933789 -0.42447069 0.63243973
-0.29637721 -0.31395346 -0.90199441 3.16108799
0.00000000 0.00000000 0.00000000 1.00000000
326 121.015336 3.746344
-0.57799745 0.79852563 0.16815621 0.54867637
-0.35524297 -0.06070352 -0.93280041 1.30123782
-0.73465705 -0.59889293 0.31875733 2.38194799
0.00000000 0.00000000 0.00000000 1.00000000
332 103.754987 2.193789
0.78445792 0.38349542 0.48739794 -1.40777624
0.61967027 -0.51659161 -0.59088248 0.90529871
0.02518511 0.76554835 -0.64288533 2.36404943
0.00000000 0.00000000 0.00000000 1.00000000
336 12.791077 0.303991
0.87052381 -0.10928590 0.47983992 -1.01550627
0.18978646 0.97416151 -0.12243950 -0.81388515
-0.45406067 0.19765425 0.86877108 1.52009201
0.00000000 0.00000000 0.00000000 1.00000000
337 13.095587 0.569510
0.83926058 -0.06357250 0.54000020 -1.28289402
0.14788228 0.98239142 -0.11418320 -0.88213408
-0.52323264 0.17568605 0.83388346 1.45380437
0.00000000 0.00000000 0.00000000 1.00000000
338 177.902861 3.522027
-0.34865656 0.90177709 -0.25541204 0.90414703
0.67710173 0.43077409 0.59662825 -1.90869248
0.64805192 0.03507890 -0.76078719 2.75269079
0.00000000 0.00000000 0.00000000 1.00000000
339 171.381330 1.698973
-0.03249765 0.99695837 0.07083526 -0.79495180
0.62625867 -0.03492320 0.77883267 -1.70882344
0.77893740 0.06967108 -0.62321860 3.24325991
0.00000000 0.00000000 0.00000000 1.00000000
342 175.167057 1.692856
0.18664655 0.96609700 0.17837781 -1.02764630
0.57555377 -0.25467598 0.77709484 -1.14117348
0.79617792 -0.04237676 -0.60357517 2.65419364
0.00000000 0.00000000 0.00000000 1.00000000
359 135.461651 1.965790
-0.61263430 -0.56740791 -0.55020750 0.58115655
0.78751260 -0.49733460 -0.36398232 -0.09375972
-0.06711096 -0.65628290 0.75152457 1.94679308
0.00000000 0.00000000 0.00000000 1.00000000
360 16.611458 1.055411
0.87464452 -0.36077476 0.32378703 -0.72307801
0.43493205 0.87898833 -0.19548206 -0.82147878
-0.21407980 0.31180236 0.92571521 1.56728768
0.00000000 0.00000000 0.00000000 1.00000000
363 62.257599 0.597915
0.33670247 -0.93847984 -0.07672554 -1.13646126
0.94100285 0.33243841 0.06322986 -0.78464699
-0.03383332 -0.09348858 0.99504501 2.20922923
0.00000000 0.00000000 0.00000000 1.00000000
367 36.138833 1.247942
0.88272786 -0.44814467 0.14127216 0.11332987
0.46726009 0.86891705 -0.16325361 -0.37700281
-0.04959266 0.21011913 0.97641742 1.77190375
0.00000000 0.00000000 0.00000000 1.00000000
377 176.467226 1.590394
0.09200841 0.96591687 0.24194939 -0.98282552
0.67753899 -0.23878883 0.69564450 -1.15650392
0.72970957 0.09992513 -0.67641687 2.57056975
0.00000000 0.00000000 0.00000000 1.00000000
378 12.660822 1.066812
0.80040443 -0.20082669 0.56481951 -0.71336061
0.15272877 0.97943723 0.13181633 -0.81216067
-0.57967776 -0.01924232 0.81461805 1.35541224
0.00000000 0.00000000 0.00000000 1.00000000
385 10.291971 2.631610
0.98962963 -0.03030346 -0.14041124 0.33881128
-0.00468842 0.97015971 -0.24242288 -0.95032662
0.14356759 0.24056721 0.95995653 2.44952369
0.00000000 0.00000000 0.00000000 1.00000000
386 46.973097 2.707130
0.82411110 0.56545389 -0.03319103 0.02419823
-0.56471449 0.82476115 0.02942843 0.07430738
0.04401550 -0.00550857 0.99901521 0.98489499
0.00000000 0.00000000 0.00000000 1.00000000
392 166.590903 2.018991
0.70048541 -0.16614604 0.69405740 -1.28007460
-0.50955516 -0.79734838 0.32340160 -0.05756232
0.49967390 -0.58019853 -0.64319164 2.97600603
0.00000000 0.00000000 0.00000000 1.00000000
401 104.968552 2.735322
0.69636273 0.15836877 -0.69999897 -0.09632427
-0.29997540 0.95029223 -0.08342209 0.26505595
0.65199268 0.26807466 0.70925450 -0.47852933
0.00000000 0.00000000 0.00000000 1.00000000
406 47.021681 1.201831
0.55822426 -0.28374487 0.77966344 -0.83216667
0.35405329 0.93131447 0.08544055 -0.60912275
-0.75035506 0.22834828 0.62034309 1.74560404
0.00000000 0.00000000 0.00000000 1.00000000
407 60.822250 1.659510
0.47585785 -0.32430384 0.81754827 -1.66585517
0.37769979 0.91481197 0.14304478 -0.86371768
-0.79429305 0.24071856 0.55780965 1.97221386
0.00000000 0.00000000 0.00000000 1.00000000
408 13.237420 0.494030
0.97115779 0.21998490 0.09197746 -2.45770502
-0.20116776 0.96302116 -0.17922594 0.25228775
-0.12800314 0.15555367 0.97949904 0.76892257
0.00000000 0.00000000 0.00000000 1.00000000
422 27.766225 0.649963
0.35639125 -0.52240723 0.77464545 -0.29293698
0.34255174 0.84441131 0.41185835 -0.39131024
-0.86927783 0.11857381 0.47989243 0.04004848
0.00000000 0.00000000 0.00000000 1.00000000
425 3.389343 2.488342
0.25757989 -0.32528171 0.90985954 -2.58573341
0.48104411 0.85981631 0.17120832 0.25513887
-0.83800310 0.39358276 0.37794611 0.11821020
0.00000000 0.00000000 0.00000000 1.00000000
426 176.812759 4.995725
-0.32589006 0.52079868 -0.78902751 2.63592672
-0.35272086 0.70735061 0.61257076 -2.07200122
0.87714505 0.47793719 -0.04682221 4.22887182
0.00000000 0.00000000 0.00000000 1.00000000
428 3.475362 2.079604
-0.77126068 -0.21482590 0.59917265 -2.64484119
0.31227154 0.69255990 0.65026760 -1.31619287
-0.55465704 0.68862998 -0.46705955 3.61751437
0.00000000 0.00000000 0.00000000 1.00000000
430 34.512196 1.956289
0.52127206 0.11085529 0.84616059 -0.92918706
0.14709492 0.96501583 -0.21704310 1.76898277
-0.84061867 0.23760417 0.48672867 0.07263160
0.00000000 0.00000000 0.00000000 1.00000000
431 22.207345 0.804080
0.10356238 -0.54000688 0.83526492 -0.34948742
0.43442389 0.78000098 0.45041528 -0.16931492
-0.89473510 0.31621313 0.31537050 0.29776645
0.00000000 0.00000000 0.00000000 1.00000000
447 174.226723 1.927779
-0.05938963 -0.42177460 0.90475368 -1.73582387
0.82622212 0.48787186 0.28166911 -0.60614121
-0.56020463 0.76425576 0.31950518 0.96348095
0.00000000 0.00000000 0.00000000 1.00000000
449 6.773900 0.723988
0.54644608 -0.40424567 0.73347366 -0.57007945
0.27300361 0.91393679 0.30031478 0.31652853
-0.79174900 0.03613515 0.60977679 -0.43114758
0.00000000 0.00000000 0.00000000 1.00000000
462 10.846873 0.306156
0.40242869 -0.52963638 0.74668336 -2.48944592
0.44316524 0.82641011 0.34734342 -0.06199774
-0.80103385 0.19112283 0.56728858 0.52639174
0.00000000 0.00000000 0.00000000 1.00000000
467 164.935609 1.906427
0.04275132 -0.47019830 0.88152480 -1.72649872
0.79537332 0.54997230 0.25477752 -0.47820455
-0.60461026 0.69024926 0.39749527 0.86266637
0.00000000 0.00000000 0.00000000 1.00000000
470 12.356440 0.384130
0.73106003 -0.36393726 0.57714957 0.40748292
0.26287478 0.93080491 0.25396779 0.47355640
-0.62964147 -0.03394771 0.77614355 -0.53995371
0.00000000 0.00000000 0.00000000 1.00000000
471 114.540018 4.292719
0.92968512 -0.36046872 -0.07581379 2.38527918
0.20314723 0.67343068 -0.71079010 2.66177130
0.30727303 0.64540958 0.69930679 1.19770885
0.00000000 0.00000000 0.00000000 1.00000000
477 96.143678 2.329461
0.99347508 0.11405622 -0.00130476 -0.09499073
-0.11348800 0.98954356 0.08901627 0.65330935
0.01144345 -0.08828725 0.99602938 -0.79186606
0.00000000 0.00000000 0.00000000 1.00000000
486 134.312144 1.794211
-0.00049460 0.39773491 0.91750008 -1.52151084
-0.74228412 0.61465782 -0.26685363 0.06479658
-0.67008603 -0.68117720 0.29492825 -0.03353441
0.00000000 0.00000000 0.00000000 1.00000000
488 74.956505 3.354111
-0.53635192 -0.71855193 0.44272870 -1.18616199
0.22270897 0.38547698 0.89543724 -1.62368345
-0.81408036 0.57886899 -0.04672325 2.08343697
0.00000000 0.00000000 0.00000000 1.00000000
489 168.976430 4.711775
-0.33564991 -0.00953814 -0.94193935 4.00570488
-0.74255610 -0.61259723 0.27080527 -1.19835877
-0.57961202 0.79033852 0.19853607 1.66046083
0.00000000 0.00000000 0.00000000 1.00000000
490 17.650954 0.320013
0.30545133 -0.52013439 0.79759616 -0.29946059
0.34285975 0.84152222 0.41747674 0.00574243
-0.88833934 0.14594449 0.43537754 0.77974546
0.00000000 0.00000000 0.00000000 1.00000000
491 175.793039 2.634226
-0.12423958 -0.17584820 0.97654605 -1.07895923
-0.22787099 -0.95281100 -0.20056471 0.51225722
0.96573281 -0.24744441 0.07830614 1.82677197
0.00000000 0.00000000 0.00000000 1.00000000
495 94.726772 0.626600
0.97788084 0.06658605 -0.19828647 0.24831790
-0.06080352 0.99753183 0.03511363 -0.40320322
0.20013416 -0.02228102 0.97951531 1.10320210
0.00000000 0.00000000 0.00000000 1.00000000
498 92.638094 0.602083
0.96786332 0.24344051 -0.06306645 0.11403817
-0.24565691 0.96889085 -0.03004595 -0.08998147
0.05379018 0.04457302 0.99755692 0.53033662
0.00000000 0.00000000 0.00000000 1.00000000
499 91.785752 0.621270
0.98521590 0.16830537 0.03199548 0.49025288
-0.16769448 0.98561722 -0.02092841 -0.04790512
-0.03505725 0.01525334 0.99926960 0.46973073
0.00000000 0.00000000 0.00000000 1.00000000
500 114.282928 3.076178
0.91317266 0.40047514 0.07573032 0.15633354
-0.03811675 0.26890814 -0.96241105 2.25115347
-0.40578640 0.87596095 0.26082498 2.29161310
0.00000000 0.00000000 0.00000000 1.00000000
508 94.996093 0.640474
0.98423016 -0.03871523 0.17260823 0.86207384
0.03222455 0.99867010 0.04025155 0.16902825
-0.17393777 -0.03405458 0.98416793 0.50149107
0.00000000 0.00000000 0.00000000 1.00000000
509 101.384823 0.870440
0.40629974 0.79758912 -0.44583982 0.61407912
-0.91366673 0.36083975 -0.18710847 1.08800936
0.01164162 0.48337078 0.87533879 -0.19948649
0.00000000 0.00000000 0.00000000 1.00000000
510 8.899648 1.987256
0.81143498 -0.22522089 0.53930491 1.64673305
0.05225854 0.94703037 0.31686455 0.01329917
-0.58210272 -0.22893175 0.78022313 0.87796760
0.00000000 0.00000000 0.00000000 1.00000000
512 115.053738 4.225308
0.09585455 0.19885257 -0.97533077 4.22957039
0.71876675 0.66402477 0.20602237 -0.19084780
0.68861103 -0.72078371 -0.07927892 0.87870914
0.00000000 0.00000000 0.00000000 1.00000000
513 141.230723 4.297664
-0.73032296 0.68309712 -0.00241455 0.85225534
0.44537681 0.47348279 -0.75990295 2.97159338
-0.51794440 -0.55605036 -0.65003127 2.70620847
0.00000000 0.00000000 0.00000000 1.00000000
517 70.132220 1.578898
0.84427148 0.10691006 -0.52514362 1.92551863
-0.09323286 0.99425697 0.05252261 0.35704070
0.52774340 0.00461723 0.84939128 0.05991590
0.00000000 0.00000000 0.00000000 1.00000000
520 97.683510 2.996655
0.44127452 0.34485710 -0.82846284 2.71206450
-0.45249537 0.88275754 0.12643984 -0.15816966
0.77493572 0.31908116 0.54558468 1.19702315
0.00000000 0.00000000 0.00000000 1.00000000
521 98.874464 1.327601
0.18086746 0.27630013 -0.94389880 1.81606770
-0.49760151 0.85353476 0.15449995 0.05434540
0.84833896 0.44174147 0.29186392 1.15817702
0.00000000 0.00000000 0.00000000 1.00000000
524 96.682209 1.308908
0.23403163 0.24055174 -0.94199979 1.89225841
-0.66411412 0.74718463 0.02580947 -0.29997808
0.71005791 0.61955512 0.33461821 0.98223841
0.00000000 0.00000000 0.00000000 1.00000000
525 63.325861 3.760363
-0.29853141 0.05843883 -0.95260978 4.82438326
-0.01088939 0.99785072 0.06462678 0.45505738
0.95433766 0.02966657 -0.29725423 3.32318926
0.00000000 0.00000000 0.00000000 1.00000000
527 78.763163 1.913490
-0.47114608 -0.05144754 -0.88055325 2.02879953
-0.53715253 0.80857146 0.24016453 -0.11123264
0.69963467 0.58614391 -0.40859088 3.85745478
0.00000000 0.00000000 0.00000000 1.00000000
528 87.661732 1.392990
-0.32635444 0.92735124 -0.18306610 0.36833763
-0.90358943 -0.24920441 0.34845865 -1.56693351
0.27752265 0.27913719 0.91927361 0.69640613
0.00000000 0.00000000 0.00000000 1.00000000
531 103.140304 1.480577
0.54055882 -0.53994203 0.64518231 -1.27738583
0.27310580 0.83796954 0.47246245 -0.68760222
-0.79574472 -0.07919073 0.60043257 1.92019653
0.00000000 0.00000000 0.00000000 1.00000000
533 158.430784 2.577785
0.14124332 -0.77906078 -0.61082953 0.63884443
0.70545691 -0.35367227 0.61420202 -1.23299861
-0.69453591 -0.51766676 0.49964091 0.61224937
0.00000000 0.00000000 0.00000000 1.00000000
535 3.765564 0.304467
-0.10740125 0.64646596 -0.75534546 0.16118062
-0.31618559 0.69808632 0.64241892 -1.45591402
0.94259882 0.30782568 0.12942728 3.23160791
0.00000000 0.00000000 0.00000000 1.00000000
541 54.493434 1.244996
0.49196532 -0.84602118 -0.20547381 -0.55748540
0.85437024 0.42376727 0.30078951 -0.44623744
-0.16740048 -0.32352898 0.93129426 1.11093521
0.00000000 0.00000000 0.00000000 1.00000000
548 63.352297 1.209917
0.03018671 0.99846321 -0.04648153 0.08594671
-0.99762148 0.02721290 -0.06332450 -0.80321044
-0.06196226 0.04828238 0.99690974 -0.63215435
0.00000000 0.00000000 0.00000000 1.00000000
552 89.866599 1.480908
0.98230571 0.18505833 -0.02878742 0.50098735
-0.17211750 0.95262170 0.25077534 -0.00182362
0.07383169 -0.24138327 0.96761763 -0.06817091
0.00000000 0.00000000 0.00000000 1.00000000
553 88.071877 1.431665
0.97949773 -0.04015716 0.19741344 0.01352912
-0.03808811 0.92534477 0.37720886 0.08619910
-0.19782305 -0.37699383 0.90484357 -0.30253780
0.00000000 0.00000000 0.00000000 1.00000000
556 97.360155 1.534875
0.82338923 -0.35637021 0.44162422 -0.81703264
0.29188165 0.93334818 0.20896848 0.61959755
-0.48665917 -0.04315963 0.87252641 -0.43091536
0.00000000 0.00000000 0.00000000 1.00000000
557 174.451081 1.869825
-0.40164220 -0.64056504 0.65449297 -1.93062830
0.88236356 -0.46201992 0.08929124 -0.31975740
0.24519289 0.61336356 0.75077766 0.35627723
0.00000000 0.00000000 0.00000000 1.00000000
558 112.252552 2.293818
0.91859311 -0.11268688 -0.37879971 0.11313897
0.15005976 0.98615849 0.07053012 -0.27886826
0.36560875 -0.12163043 0.92278796 0.48542452
0.00000000 0.00000000 0.00000000 1.00000000
560 56.435703 1.670583
0.96503091 0.26187190 -0.01179168 1.49805832
-0.25415158 0.92366683 -0.28678578 0.22569022
-0.06420954 0.27975395 0.95792210 -0.51276219
0.00000000 0.00000000 0.00000000 1.00000000
563 177.263048 3.859217
-0.98647916 -0.04400576 0.15786165 -0.38100344
-0.04941122 -0.83857977 -0.54253268 1.51193261
0.15625507 -0.54299790 0.82506788 2.38152838
0.00000000 0.00000000 0.00000000 1.00000000
565 7.720954 0.325052
-0.72302490 -0.15330075 0.67359877 -1.18168330
0.11838953 0.93314552 0.33944619 -0.55106330
-0.68060297 0.32517481 -0.65653753 4.35400772
0.00000000 0.00000000 0.00000000 1.00000000
566 8.468955 0.390291
-0.70692205 -0.19163340 0.68083638 -1.82026756
0.17779505 0.88354123 0.43329501 -0.90691006
-0.68458021 0.42735505 -0.59052312 3.78528595
0.00000000 0.00000000 0.00000000 1.00000000
567 12.190681 0.432961
-0.85555577 -0.22735161 0.46511966 -1.58404231
0.21339053 0.66368634 0.71692801 -1.36197913
-0.47168761 0.71262348 -0.51930583 2.29589272
0.00000000 0.00000000 0.00000000 1.00000000
568 86.752580 4.924989
0.81730872 0.51188242 -0.26454440 0.79584062
