0 1.073014 0.043879
0.99951923 0.02035201 0.02339711 -0.72856987
-0.02157627 0.99834538 0.05330342 0.19980609
-0.02227315 -0.05378267 0.99830425 -0.20021498
0.00000000 0.00000000 0.00000000 1.00000000
1 0.963474 0.037270
0.97400802 0.22384621 -0.03466737 -0.41752326
-0.22274636 0.97432089 0.03291738 0.32172552
0.04114559 -0.02433977 0.99885690 -0.40659261
0.00000000 0.00000000 0.00000000 1.00000000
2 0.697735 0.023884
0.98525184 0.15347989 0.07563893 -0.17557815
-0.15469778 0.98790538 0.01048347 0.36339042
-0.07311550 -0.02203110 0.99707973 -0.65569150
0.00000000 0.00000000 0.00000000 1.00000000
3 0.000000 0.026506
0.97552520 0.12914808 0.17796475 0.03634970
-0.13129371 0.99134326 0.00027850 0.39894643
-0.17638814 -0.02363852 0.98403621 -0.70889807
0.00000000 0.00000000 0.00000000 1.00000000
4 0.096913 0.041428
0.96688449 0.24949589 0.05372748 0.33568713
-0.24524418 0.96655715 -0.07499042 0.57454693
-0.07064034 0.05933142 0.99573636 -0.92075086
0.00000000 0.00000000 0.00000000 1.00000000
5 3.917867 0.148925
0.90029466 0.34922439 -0.25983202 0.46969616
-0.38339332 0.91884458 -0.09346130 0.65002966
0.20610631 0.18376088 0.96112061 -0.88905728
0.00000000 0.00000000 0.00000000 1.00000000
6 1.169356 0.056105
0.81880963 0.41745871 -0.39405358 0.05000615
-0.38055801 0.90864843 0.17185196 0.17226802
0.42979735 0.00924569 0.90287781 -0.33770716
0.00000000 0.00000000 0.00000000 1.00000000
7 0.000000 0.009889
0.99711835 -0.06570053 0.03793125 0.11665319
0.06633331 0.99767506 -0.01566461 0.05059001
-0.03681372 0.01813614 0.99915791 -0.12259912
0.00000000 0.00000000 0.00000000 1.00000000
8 4.101694 0.154094
0.80927008 -0.12075099 0.57489228 -2.33562016
0.13311455 0.99088389 0.02074242 0.01873980
-0.57215577 0.05974039 0.81796634 0.85312414
0.00000000 0.00000000 0.00000000 1.00000000
9 7.477166 0.166239
0.29269019 -0.21498305 0.93172729 -2.10492373
0.21780708 0.96377313 0.15395629 -0.18235856
-0.93107104 0.15787506 0.32891151 1.63329220
0.00000000 0.00000000 0.00000000 1.00000000
10 1.726464 0.102970
0.17306802 -0.28917354 0.94150239 -2.15820026
0.31950954 0.92071378 0.22405592 -0.01704305
-0.93164450 0.26204199 0.25173998 1.27533245
0.00000000 0.00000000 0.00000000 1.00000000
11 178.675661 3.912924
-0.39406013 0.24337162 -0.88627708 1.39572525
0.53230369 -0.72567439 -0.43594566 1.41811681
-0.74924558 -0.64355767 0.15641162 0.89067829
0.00000000 0.00000000 0.00000000 1.00000000
12 1.625821 0.067453
0.96110719 -0.09312102 0.26000494 0.26971534
0.10732153 0.99338108 -0.04093187 0.24410520
-0.25447237 0.06724418 0.96473932 -0.40719974
0.00000000 0.00000000 0.00000000 1.00000000
13 46.244638 1.786769
0.24907206 0.06343141 0.96640539 -2.82416391
0.54113418 0.81844556 -0.19318649 1.24679482
-0.80320412 0.57107234 0.16952699 1.39830470
0.00000000 0.00000000 0.00000000 1.00000000
14 178.029995 3.418869
0.99120468 -0.00264615 0.13231263 1.02375293
-0.05108592 -0.92995501 0.36410835 -1.04961169
0.12208129 -0.36766499 -0.92191035 3.39155626
0.00000000 0.00000000 0.00000000 1.00000000
15 92.597013 2.587214
0.91180366 -0.06632937 0.40523630 -0.83498138
0.13333312 0.98121911 -0.13939776 1.08339381
-0.38838068 0.18113425 0.90352207 -0.67081606
0.00000000 0.00000000 0.00000000 1.00000000
16 4.671603 0.162117
0.68191987 0.43068710 -0.59117955 0.99618644
-0.60751247 0.78362018 -0.12987493 0.56965679
0.40732473 0.44771317 0.79601419 -0.00993264
0.00000000 0.00000000 0.00000000 1.00000000
17 2.005255 0.081306
0.70193183 0.32814097 -0.63215071 0.65475702
-0.48807269 0.86800611 -0.09137926 0.46102914
0.51872557 0.37267762 0.76943815 0.11851478
0.00000000 0.00000000 0.00000000 1.00000000
18 1.524954 0.065474
0.93298542 -0.13308588 0.33440351 -0.00036860
0.10467149 0.98929459 0.10168687 0.48967746
-0.34435648 -0.05986980 0.93692791 -0.69532037
0.00000000 0.00000000 0.00000000 1.00000000
19 2.922216 0.104419
0.96069723 0.01550707 0.27716643 0.46679538
-0.12469642 0.91614592 0.38095683 0.11568183
-0.24801768 -0.40054530 0.88207197 -0.21371245
0.00000000 0.00000000 0.00000000 1.00000000
20 1.392408 0.051085
0.98202968 0.09377614 -0.16378164 0.19447604
-0.08162745 0.99349439 0.07940796 0.44017935
0.17016305 -0.06461176 0.98329556 -0.52683485
0.00000000 0.00000000 0.00000000 1.00000000
21 1.452391 0.059426
0.94739556 0.24971572 -0.20020887 -0.03661825
-0.22116050 0.96292269 0.15449122 0.20156059
0.23136458 -0.10208625 0.96749628 -0.38495803
0.00000000 0.00000000 0.00000000 1.00000000
22 2.164103 0.043995
0.96544969 0.14085695 -0.21923983 -0.38522545
-0.12275745 0.98795843 0.09416658 0.03550890
0.22986403 -0.06400064 0.97111595 -0.40615618
0.00000000 0.00000000 0.00000000 1.00000000
23 1.856883 0.063032
0.99636441 0.08514377 0.00306616 -0.89141607
-0.08514394 0.99378896 0.07165948 0.16796756
0.00305462 -0.07165921 0.99742472 -0.06391943
0.00000000 0.00000000 0.00000000 1.00000000
24 1.439127 0.040296
0.95552301 0.28725848 -0.06676728 -0.54121226
-0.28397954 0.95728070 0.05448562 0.31704554
0.07956630 -0.03310177 0.99627978 -0.28626156
0.00000000 0.00000000 0.00000000 1.00000000
25 0.748081 0.023692
0.97419298 0.22235785 0.03879188 -0.28222153
-0.22366771 0.97408980 0.03348181 0.33872360
-0.03034186 -0.04129454 0.99868613 -0.51829278
0.00000000 0.00000000 0.00000000 1.00000000
26 0.000000 0.015166
0.97232437 0.18095434 0.14778686 -0.07717048
-0.18789619 0.98158872 0.03433451 0.35042369
-0.13885312 -0.06115275 0.98842287 -0.56031132
0.00000000 0.00000000 0.00000000 1.00000000
27 0.566482 0.045723
0.95257074 0.30139884 0.04202783 0.16251230
-0.30062252 0.95344383 -0.02385980 0.50034040
-0.04726268 0.01009265 0.99883115 -0.80556858
0.00000000 0.00000000 0.00000000 1.00000000
28 172.343947 4.445998
-0.38065344 -0.81721717 -0.43273264 0.79143816
-0.62037325 0.57270896 -0.53585380 0.23748024
0.68573999 0.06448153 -0.72498417 4.20639229
0.00000000 0.00000000 0.00000000 1.00000000
29 119.149596 1.839987
-0.25624633 0.77123404 0.58269918 -0.72767109
-0.96280223 -0.15018055 -0.22463052 0.21152493
-0.08573313 -0.61858469 0.78102696 0.55912971
0.00000000 0.00000000 0.00000000 1.00000000
30 180.000000 3.414181
-0.94949114 -0.29124063 -0.11681595 0.11931226
0.25307548 -0.49062681 -0.83380884 2.46463346
0.18552594 -0.82125700 0.53955221 1.66723573
0.00000000 0.00000000 0.00000000 1.00000000
31 174.735227 3.910971
-0.45478863 0.33232045 -0.82627469 1.41336024
0.60114360 -0.56999326 -0.56012088 1.54778051
-0.65711141 -0.75144643 0.05945382 1.21987605
0.00000000 0.00000000 0.00000000 1.00000000
32 1.364870 0.039111
0.97066021 -0.04481097 0.23624220 0.14962831
0.05261450 0.99825490 -0.02682847 0.19944501
-0.23462757 0.03847155 0.97132409 -0.26776540
0.00000000 0.00000000 0.00000000 1.00000000
33 100.602741 2.496143
0.95682663 0.22168800 0.18798140 -1.00557053
-0.19610618 0.96973717 -0.14543700 1.12918615
-0.21453428 0.10229355 0.97134501 -0.98544562
0.00000000 0.00000000 0.00000000 1.00000000
34 179.676149 3.285302
0.99956179 -0.00192305 0.02954221 1.03258681
-0.00848231 -0.97465634 0.22354507 -0.73569024
0.02836359 -0.22369772 -0.97424579 3.36658120
0.00000000 0.00000000 0.00000000 1.00000000
35 1.110651 0.038118
0.95405126 -0.07358079 0.29046726 -0.05382344
0.03856680 0.99147063 0.12448250 0.41924745
-0.29714984 -0.10756029 0.94875336 -0.53722298
0.00000000 0.00000000 0.00000000 1.00000000
36 2.186238 0.067077
0.98233914 0.04698037 0.18111344 0.39813620
-0.11836448 0.90569979 0.40705949 0.04049796
-0.14491066 -0.42130798 0.89526552 0.29319906
0.00000000 0.00000000 0.00000000 1.00000000
37 1.849068 0.073816
0.96836954 0.04992817 0.24447271 0.36849013
-0.15082875 0.89763874 0.41411883 0.12463462
-0.19877172 -0.43789384 0.87677741 -0.04980350
0.00000000 0.00000000 0.00000000 1.00000000
38 2.169342 0.069665
0.96818405 0.16287610 -0.18997625 0.03745076
-0.14715427 0.98461664 0.09421161 0.43238202
0.20239861 -0.06325814 0.97725779 -0.42606437
0.00000000 0.00000000 0.00000000 1.00000000
39 2.309528 0.061421
0.92204702 0.32172918 -0.21522224 -0.19572368
-0.28028756 0.93841827 0.20201609 0.17449942
0.26696306 -0.12594372 0.95544195 -0.28462744
0.00000000 0.00000000 0.00000000 1.00000000
40 0.928727 0.018516
0.97566003 0.20943788 -0.06500169 0.24217077
-0.21128917 0.97715312 -0.02298096 -0.00913584
0.05870333 0.03615558 0.99762058 -0.17839575
0.00000000 0.00000000 0.00000000 1.00000000
41 0.290740 0.005882
0.98904127 0.14074695 0.04457664 0.52571118
-0.13853288 0.98912448 -0.04939204 0.07446748
-0.05104417 0.04267436 0.99778390 -0.51309204
0.00000000 0.00000000 0.00000000 1.00000000
42 1.826063 0.053375
0.97691685 0.14592236 0.15601337 0.74538094
-0.14047951 0.98904020 -0.04542345 0.07457295
-0.16093180 0.02245679 0.98670948 -0.64469242
0.00000000 0.00000000 0.00000000 1.00000000
43 0.659679 0.026127
0.97421652 0.22426090 0.02468137 0.97610199
-0.22005919 0.96865016 -0.11527795 0.18876532
-0.04976024 0.10687342 0.99302626 -0.79582930
0.00000000 0.00000000 0.00000000 1.00000000
44 2.290466 0.059369
0.88830930 0.32871801 -0.32070437 1.06764674
-0.38855752 0.91021371 -0.14329639 0.16769916
0.24480549 0.25190353 0.93627715 -0.54382420
0.00000000 0.00000000 0.00000000 1.00000000
45 2.343348 0.033857
0.62621939 0.41544116 -0.65974069 1.15382481
-0.53035140 0.84724301 0.03010771 -0.10486788
0.57146877 0.33104041 0.75088984 -0.08726430
0.00000000 0.00000000 0.00000000 1.00000000
46 3.084388 0.032277
0.36075637 0.39483380 -0.84496140 1.02811289
-0.44893914 0.86761951 0.21374601 -0.17942932
0.81750083 0.30222619 0.49025577 0.34779310
0.00000000 0.00000000 0.00000000 1.00000000
47 1.100740 0.018918
0.59673858 0.37229213 -0.71084660 0.88379276
-0.39077049 0.90854824 0.14779377 -0.12051900
0.70085829 0.18958381 0.68764567 0.22861826
0.00000000 0.00000000 0.00000000 1.00000000
48 0.625576 0.019268
0.81075239 0.37377915 -0.45051941 0.52664059
-0.36155379 0.92500615 0.11679226 -0.23647667
0.46038848 0.06819618 0.88509357 0.18229938
0.00000000 0.00000000 0.00000000 1.00000000
49 1.184321 0.026821
0.83672142 0.22423559 -0.49961528 0.13874298
-0.28273582 0.95821345 -0.04344454 -0.14015475
0.46899644 0.17761016 0.86515731 0.77587676
0.00000000 0.00000000 0.00000000 1.00000000
50 0.606518 0.027811
0.94781089 0.07130012 0.31076482 -1.63239408
-0.02724917 0.98922449 -0.14385861 0.03713071
-0.31767124 0.12788095 0.93953866 0.50228524
0.00000000 0.00000000 0.00000000 1.00000000
51 1.247411 0.072085
0.78943181 -0.11376113 0.60320443 -1.65296769
0.16470592 0.98589736 -0.02962077 -0.07000791
-0.59132838 0.12273425 0.79703575 0.60544646
0.00000000 0.00000000 0.00000000 1.00000000
52 3.926654 0.114612
0.34162629 -0.26883897 0.90056551 -1.58312130
0.35072178 0.92546386 0.14322728 -0.19205061
-0.87194419 0.26691788 0.41045046 0.90910745
0.00000000 0.00000000 0.00000000 1.00000000
53 2.495910 0.044225
0.17463931 0.52468264 -0.83319139 1.81030881
-0.64174223 0.70242864 0.30782676 -0.16896957
0.74677110 0.48093560 0.45938224 0.24710500
0.00000000 0.00000000 0.00000000 1.00000000
54 2.006036 0.056432
0.36130583 0.46064505 -0.81071854 1.56648374
-0.65079772 0.74723643 0.13453925 -0.14803435
0.66777283 0.47900417 0.56976771 0.44314063
0.00000000 0.00000000 0.00000000 1.00000000
55 0.000000 0.015124
0.63785523 0.36265165 -0.67942941 1.36877155
-0.60052741 0.78653920 -0.14395839 -0.10495633
0.48219079 0.49984062 0.71948004 0.46404040
0.00000000 0.00000000 0.00000000 1.00000000
56 1.029456 0.030393
0.67735994 0.27310342 -0.68307918 1.02583230
-0.47762144 0.86948401 -0.12599194 -0.09918970
0.55951810 0.41159534 0.71939403 0.62597251
0.00000000 0.00000000 0.00000000 1.00000000
57 5.200364 0.237855
0.95182562 -0.07750466 0.29668415 1.03133464
-0.01858388 0.95117122 0.30810374 0.10534167
-0.30607715 -0.29877388 0.90390861 -0.19764638
0.00000000 0.00000000 0.00000000 1.00000000
58 0.483760 0.009770
0.99087727 -0.06044708 0.12045109 0.28662169
0.06334916 0.99778318 -0.02040601 0.05852672
-0.11895040 0.02785069 0.99250960 -0.31428123
0.00000000 0.00000000 0.00000000 1.00000000
59 1.376861 0.017191
0.97207308 -0.10156532 0.21156459 0.55132091
0.10900570 0.99375689 -0.02377230 0.11452422
-0.20782973 0.04617050 0.97707474 -0.41117144
0.00000000 0.00000000 0.00000000 1.00000000
60 1.796894 0.026591
0.99484259 0.01052068 0.10089190 0.74096262
-0.00154755 0.99606675 -0.08860061 0.18140766
-0.10142717 0.08798847 0.99094486 -0.60199749
0.00000000 0.00000000 0.00000000 1.00000000
61 2.613892 0.036023
0.95501870 0.15695220 -0.25160587 0.80497086
-0.19346662 0.97278500 -0.12751520 0.19186851
0.22474442 0.17045641 0.95939291 -0.43724227
0.00000000 0.00000000 0.00000000 1.00000000
62 1.886786 0.013777
0.71208775 0.25488991 -0.65418929 0.58415949
-0.19973490 0.96681756 0.15928745 -0.03832971
0.67308122 0.01723833 0.73936808 0.18521559
0.00000000 0.00000000 0.00000000 1.00000000
63 0.585506 0.010464
0.89972252 0.20675382 -0.38438433 0.23981848
-0.17302270 0.97748375 0.12078035 -0.15308107
0.40070134 -0.04216230 0.91523778 0.24328518
0.00000000 0.00000000 0.00000000 1.00000000
64 2.664033 0.097709
0.88334113 0.03750578 -0.46722764 -0.10519606
-0.05958557 0.99769199 -0.03256443 -0.10606995
0.46492785 0.05660519 0.88353717 0.84664834
0.00000000 0.00000000 0.00000000 1.00000000
65 0.848576 0.021073
0.91739464 -0.14038558 0.37239540 -1.80113006
0.19889826 0.97220951 -0.12348235 -0.01276207
-0.34471121 0.18735075 0.91982228 0.75242567
0.00000000 0.00000000 0.00000000 1.00000000
66 1.295129 0.062278
0.69823188 -0.29110041 0.65401191 -1.72887444
0.36103737 0.93208671 0.02942300 -0.16838558
-0.61816132 0.21557802 0.75591123 0.90423977
0.00000000 0.00000000 0.00000000 1.00000000
67 2.196242 0.060802
0.19444335 -0.33227193 0.92292333 -1.50894547
0.51443046 0.83565354 0.19247165 -0.27334189
-0.83519673 0.43735468 0.33341807 1.22907114
0.00000000 0.00000000 0.00000000 1.00000000
68 85.926418 3.680565
-0.96270025 0.17699686 0.20464309 -0.95069104
0.26816672 0.52365452 0.80862349 -1.91111016
0.03596190 0.83334148 -0.55158675 3.98742652
0.00000000 0.00000000 0.00000000 1.00000000
69 3.214428 0.064671
0.51265734 0.40665254 -0.75618505 1.28211379
-0.51163960 0.85196131 0.11129034 -0.00184129
0.68949759 0.32984024 0.64482415 0.38793039
0.00000000 0.00000000 0.00000000 1.00000000
70 1.004831 0.056683
0.74027646 0.24771364 -0.62500286 1.11775398
-0.42136729 0.89534837 -0.14422080 -0.04248914
0.52387017 0.37011868 0.76718444 0.49683940
0.00000000 0.00000000 0.00000000 1.00000000
71 2.031243 0.052133
0.76555592 0.15057771 -0.62550032 0.73360133
-0.28475571 0.95111662 -0.11955130 -0.06080803
0.57692158 0.26963857 0.77101070 0.62888932
0.00000000 0.00000000 0.00000000 1.00000000
72 10.178538 0.482634
0.84035516 -0.28810948 0.45912340 0.53739715
0.06414151 0.89394361 0.44356325 -0.25698653
-0.53822649 -0.34330246 0.76971126 0.12440324
0.00000000 0.00000000 0.00000000 1.00000000
73 0.357180 0.008044
0.99417257 -0.03679149 0.10132381 0.28703877
0.03774454 0.99925900 -0.00750625 0.03643666
-0.10097248 0.01128665 0.99482489 -0.07217884
0.00000000 0.00000000 0.00000000 1.00000000
74 1.731445 0.015606
0.99792993 0.06164457 -0.01831970 0.43985605
-0.06261621 0.99633372 -0.05828950 0.12836534
0.01465923 0.05931532 0.99813163 -0.30093622
0.00000000 0.00000000 0.00000000 1.00000000
75 3.128627 0.066918
0.91651285 0.20757645 -0.34192884 0.38050094
-0.25121945 0.96390164 -0.08821280 0.21209309
0.31127432 0.16674697 0.93557644 -0.25939333
0.00000000 0.00000000 0.00000000 1.00000000
76 2.376687 0.034225
0.85021567 0.25574625 -0.46013764 -0.20069367
-0.19463283 0.96484137 0.17663109 -0.10710019
0.48913255 -0.06061709 0.87010038 0.34740746
0.00000000 0.00000000 0.00000000 1.00000000
77 2.909057 0.035372
0.81035757 -0.23602152 0.53629434 -1.79570985
0.28543383 0.95834935 -0.00953603 -0.30669293
-0.51170826 0.16080472 0.84397626 1.32541299
0.00000000 0.00000000 0.00000000 1.00000000
78 93.925823 1.966114
0.93720883 0.19085668 -0.29191095 0.56332844
-0.19985284 0.97982532 -0.00101784 -0.29376686
0.28582740 0.05929334 0.95644486 1.02011442
0.00000000 0.00000000 0.00000000 1.00000000
79 5.036762 0.125969
0.23692735 -0.34086221 0.90976822 -1.37706053
0.50203586 0.84466857 0.18572786 -0.14097981
-0.83176035 0.41273201 0.37125033 1.13434005
0.00000000 0.00000000 0.00000000 1.00000000
80 89.885157 3.121130
-0.92509860 0.12464532 0.35868508 -0.80704159
0.37543592 0.44181186 0.81477004 -1.54293811
-0.05691406 0.88840586 -0.45551577 3.17167783
0.00000000 0.00000000 0.00000000 1.00000000
81 81.977194 0.992418
0.97547978 -0.11282885 0.18896721 0.06454495
0.15055850 0.96836174 -0.19901440 0.47201702
-0.16053410 0.22258502 0.96160531 0.00072765
0.00000000 0.00000000 0.00000000 1.00000000
82 4.401308 0.028627
0.96223867 -0.23269475 0.14123696 0.79650122
0.16622685 0.91320366 0.37205669 -0.01336357
-0.21555346 -0.33453089 0.91740161 0.82036161
0.00000000 0.00000000 0.00000000 1.00000000
83 2.625250 0.079155
0.96769404 -0.16878042 0.18730265 0.84131801
0.08775875 0.92190969 0.37733760 0.03883475
-0.23636326 -0.34870893 0.90693724 0.47307038
0.00000000 0.00000000 0.00000000 1.00000000
84 2.325237 0.096197
0.98348331 -0.14177579 0.11252442 0.70956993
0.09557396 0.93470395 0.34234166 0.11530992
-0.15371333 -0.32593104 0.93281412 0.03832912
0.00000000 0.00000000 0.00000000 1.00000000
85 2.298995 0.103445
0.96660250 -0.15803422 0.20175803 0.60878605
0.08529522 0.94073999 0.32822663 0.16185662
-0.24167237 -0.30005535 0.92280090 -0.45738173
0.00000000 0.00000000 0.00000000 1.00000000
86 1.799288 0.074746
0.99390614 -0.07594761 -0.07988949 0.86239392
0.09620991 0.95142090 0.29247862 0.20825362
0.05379509 -0.29838157 0.95292985 -0.61171973
0.00000000 0.00000000 0.00000000 1.00000000
87 1.011818 0.017744
0.98669535 0.10162079 -0.12690724 0.17038855
-0.10826192 0.99303144 -0.04656273 0.13006003
0.12129094 0.05968237 0.99082112 -0.26131761
0.00000000 0.00000000 0.00000000 1.00000000
88 0.993866 0.082989
0.83692539 0.29228014 -0.46273944 0.24049881
-0.34545833 0.93787372 -0.03241842 0.23832424
0.42451549 0.18698865 0.88590121 -0.28949618
0.00000000 0.00000000 0.00000000 1.00000000
89 117.543015 2.528039
-0.74275267 0.34441206 0.57419336 -1.45800900
-0.07345021 0.81047386 -0.58115041 1.09518039
-0.66552436 -0.47382614 -0.57668549 3.49547482
0.00000000 0.00000000 0.00000000 1.00000000
90 92.816986 2.184520
0.89909339 0.27278474 -0.34237295 0.59333801
-0.28740123 0.95777386 0.00836872 -0.21597683
0.33019865 0.09087417 0.93952698 0.91738248
0.00000000 0.00000000 0.00000000 1.00000000
91 0.490189 0.021437
0.28430948 -0.30934691 0.90745419 -1.46877646
0.47633743 0.86700261 0.14631885 -0.30227730
-0.83202857 0.39065483 0.39385039 1.48084044
0.00000000 0.00000000 0.00000000 1.00000000
92 91.609421 2.280288
0.93059325 0.22071506 -0.29202992 0.39767313
-0.21991640 0.97485441 0.03599851 0.32484955
0.29263207 0.03072214 0.95573163 -0.15129447
0.00000000 0.00000000 0.00000000 1.00000000
93 2.219114 0.252037
0.19014458 -0.35022420 0.91716325 -1.79866040
0.50167906 0.83768678 0.21586947 0.12012978
-0.84389877 0.41907513 0.33498228 0.68327057
0.00000000 0.00000000 0.00000000 1.00000000
94 3.418790 0.077903
0.98900753 -0.14602669 0.02321717 0.57811201
0.12875789 0.92774528 0.35029921 -0.07022938
-0.07269247 -0.34345940 0.93634987 0.92692745
0.00000000 0.00000000 0.00000000 1.00000000
95 2.414759 0.065370
0.98736513 -0.12430897 0.09827426 0.54342932
0.07972029 0.92564458 0.36990401 0.02828676
-0.13694963 -0.35739478 0.92385840 0.57513285
0.00000000 0.00000000 0.00000000 1.00000000
96 2.274344 0.065709
0.99387997 -0.11046796 0.00022234 0.44495279
0.10334386 0.93048954 0.35143852 0.05119374
-0.03902952 -0.34926474 0.93621087 0.13673520
0.00000000 0.00000000 0.00000000 1.00000000
97 1.832055 0.053251
0.98901886 -0.10266168 0.10630590 0.33752331
0.06030300 0.93706292 0.34391212 0.08462942
-0.13492242 -0.33372563 0.93296432 -0.33750474
0.00000000 0.00000000 0.00000000 1.00000000
98 1.197466 0.021788
0.98621726 -0.02467842 -0.16360477 0.53661394
0.07486325 0.94836301 0.30822733 0.13572279
0.14755008 -0.31622642 0.93713927 -0.58556068
0.00000000 0.00000000 0.00000000 1.00000000
99 2.715844 0.103939
0.93541652 0.04446596 -0.35074013 0.71496105
0.06551699 0.95307428 0.29556030 0.16586618
0.34742409 -0.29945177 0.88860869 -0.75422037
0.00000000 0.00000000 0.00000000 1.00000000
100 0.806971 0.017423
0.92320204 0.19537514 -0.33095089 -0.10646609
-0.21603873 0.97602612 -0.02645621 0.16768713
0.31784832 0.09592240 0.94327790 -0.12006414
0.00000000 0.00000000 0.00000000 1.00000000
101 4.819060 0.122620
0.82441694 0.30342311 -0.47777683 -0.60835212
-0.19849437 0.94554037 0.25797957 -0.08904864
0.53003407 -0.11784711 0.83974755 0.40522075
0.00000000 0.00000000 0.00000000 1.00000000
102 113.954476 3.910548
0.43456835 0.89695209 0.08140852 0.21649256
0.34032118 -0.07984874 -0.93691278 1.86658096
-0.83386528 0.43485799 -0.33995155 3.44990683
0.00000000 0.00000000 0.00000000 1.00000000
103 2.261226 0.069988
0.76944798 -0.34187794 0.53950638 -1.95987833
0.36677083 0.92803705 0.06499207 -0.57494134
-0.52290201 0.14786653 0.83946872 1.80674398
0.00000000 0.00000000 0.00000000 1.00000000
104 92.994241 1.316995
0.95720863 0.22349334 -0.18385462 -0.14754346
-0.21065252 0.97369158 0.08689177 -0.34460840
0.19843747 -0.04444471 0.97910577 1.20558345
0.00000000 0.00000000 0.00000000 1.00000000
105 85.402264 2.595266
-0.94441718 0.14046785 0.29722774 -0.08829937
0.32761836 0.47704566 0.81553251 -1.72319317
-0.02723515 0.86758053 -0.49655008 3.60347962
0.00000000 0.00000000 0.00000000 1.00000000
106 86.241240 2.582214
-0.93234569 0.09855762 0.34787604 -0.33666009
0.35255826 0.46125430 0.81421548 -1.41265702
-0.08021218 0.88177681 -0.46479589 3.09224319
0.00000000 0.00000000 0.00000000 1.00000000
107 91.862784 1.026751
0.89508635 -0.30958772 0.32089692 -0.55314618
0.33942023 0.93978000 -0.04009280 0.22971398
-0.28916001 0.14480534 0.94626546 0.21600485
0.00000000 0.00000000 0.00000000 1.00000000
108 3.778335 0.060943
0.69766259 0.31795979 -0.64200252 0.11320764
-0.44953394 0.89204019 -0.04671371 0.15197149
0.55783904 0.32119367 0.76527745 0.44044328
0.00000000 0.00000000 0.00000000 1.00000000
109 4.702946 0.136757
0.68870467 0.23250467 -0.68675077 -0.17941523
-0.35612950 0.93353301 -0.04108848 0.07602048
0.63155109 0.27287024 0.72573066 0.59712875
0.00000000 0.00000000 0.00000000 1.00000000
110 3.803747 0.071668
0.94992566 -0.28729382 0.12289461 0.49329653
0.20747669 0.87398714 0.43943068 -0.14642265
-0.23365414 -0.39192879 0.88982987 1.25951838
0.00000000 0.00000000 0.00000000 1.00000000
111 3.610970 0.065973
0.95712203 -0.22167331 0.18648930 0.51782101
0.11654434 0.88402766 0.45267177 -0.06222543
-0.26520693 -0.41152820 0.87195718 0.91328204
0.00000000 0.00000000 0.00000000 1.00000000
112 2.865803 0.069216
0.96912766 -0.21715182 0.11677448 0.33529809
0.15258251 0.90024447 0.40777239 0.03463241
-0.19367367 -0.37736565 0.90558541 0.45426822
0.00000000 0.00000000 0.00000000 1.00000000
113 179.911531 3.881460
0.73777139 -0.32463256 0.59186560 -2.39121938
-0.34691793 -0.93446791 -0.08010742 0.19432160
0.57908523 -0.14622827 -0.80204535 2.54307318
0.00000000 0.00000000 0.00000000 1.00000000
114 0.871330 0.032579
0.90361106 0.22099589 -0.36694467 -0.04874235
-0.19161794 0.97469151 0.11515181 0.00806363
0.38310623 -0.03373885 0.92308819 0.01150012
0.00000000 0.00000000 0.00000000 1.00000000
115 1.988397 0.118101
0.70312977 0.35430828 -0.61650121 -0.09020162
-0.20411873 0.93109870 0.30230939 0.04468954
0.68113410 -0.08672342 0.72700429 0.08940470
0.00000000 0.00000000 0.00000000 1.00000000
116 3.113573 0.059711
0.87940645 0.22893070 -0.41741502 -0.32060936
-0.12088871 0.95543391 0.26931837 -0.01788164
0.46046743 -0.18637955 0.86788964 0.23176479
0.00000000 0.00000000 0.00000000 1.00000000
117 1.556706 0.043692
0.98863238 0.07561416 -0.12995911 -0.61316133
-0.03976689 0.96506387 0.25898623 -0.21038474
0.14500163 -0.25087255 0.95709920 0.58269155
0.00000000 0.00000000 0.00000000 1.00000000
118 1.286944 0.080295
0.97987491 -0.05730972 -0.19120805 -1.00870717
0.08393178 0.98739696 0.13417825 -0.31329468
0.18110836 -0.14752591 0.97233558 1.11673224
0.00000000 0.00000000 0.00000000 1.00000000
119 156.851243 3.352251
-0.63767785 -0.57479441 -0.51281410 1.91584945
0.31731638 -0.80263412 0.50506425 -0.51201940
-0.70190966 0.15934387 0.69421375 1.44448304
0.00000000 0.00000000 0.00000000 1.00000000
120 1.061647 0.026843
0.75216711 -0.38394243 0.53556782 -2.12656116
0.39032754 0.91439807 0.10733384 -0.46471483
-0.53093231 0.12831371 0.83764338 1.52322149
0.00000000 0.00000000 0.00000000 1.00000000
121 5.218418 0.077366
0.50007057 -0.49274153 0.71213460 -1.71934271
0.46609014 0.84621620 0.25822046 -0.59747171
-0.72985590 0.20279059 0.65282971 1.73440611
0.00000000 0.00000000 0.00000000 1.00000000
122 95.887432 1.157136
0.99346036 0.03098397 0.10989174 0.05021724
-0.04225816 0.99390692 0.10179684 -0.49070850
-0.10606802 -0.10577458 0.98871648 1.31637609
0.00000000 0.00000000 0.00000000 1.00000000
123 8.185852 0.212099
0.56829011 0.45455033 -0.68587995 0.84618688
-0.30432051 0.89056641 0.33805469 0.23382309
0.76448417 0.01661471 0.64442885 -0.04431903
0.00000000 0.00000000 0.00000000 1.00000000
124 0.000000 0.027625
0.73166341 0.37427208 -0.56972712 0.43204162
-0.35664767 0.92244744 0.14796737 0.17559625
0.58092272 0.09492996 0.80840433 0.26558363
0.00000000 0.00000000 0.00000000 1.00000000
125 0.988338 0.057956
0.90979797 0.16532181 -0.38070360 0.16124135
-0.21479735 0.97240466 -0.09104802 -0.05662706
0.35514647 0.16460924 0.92020375 0.56423295
0.00000000 0.00000000 0.00000000 1.00000000
126 0.984370 0.063618
0.91216290 0.07527114 -0.40285587 -0.17618322
-0.09454212 0.99512231 -0.02813432 -0.16753426
0.39877373 0.06374794 0.91482991 0.70124912
0.00000000 0.00000000 0.00000000 1.00000000
127 177.665648 3.557719
0.44031638 -0.42621955 0.79022783 -2.43534613
-0.42864406 -0.87315112 -0.23210269 0.32426339
0.78891397 -0.23652688 -0.56715971 2.19511223
0.00000000 0.00000000 0.00000000 1.00000000
128 0.716005 0.025473
0.94153100 0.13372868 -0.30925053 -0.08599134
-0.08140275 0.98095471 0.17635652 0.04722006
0.32694465 -0.14087138 0.93448520 0.03593612
0.00000000 0.00000000 0.00000000 1.00000000
129 1.742486 0.047356
0.99677134 -0.01788830 -0.07828222 -0.25734842
0.03240364 0.98157793 0.18829586 -0.03795484
0.07347181 -0.19022417 0.97898757 0.21166825
0.00000000 0.00000000 0.00000000 1.00000000
130 1.749659 0.037066
0.95879287 -0.14692295 0.24316719 -0.56846839
0.10077103 0.97612125 0.19244459 -0.21281087
-0.26563466 -0.16000921 0.95070302 0.54508734
0.00000000 0.00000000 0.00000000 1.00000000
131 0.935027 0.030681
0.94107914 -0.27683669 0.19424739 -0.98916662
0.25485954 0.95810068 0.13073239 -0.32155746
-0.22230010 -0.07352310 0.97220248 1.08476853
0.00000000 0.00000000 0.00000000 1.00000000
132 1.956848 0.072955
0.98932236 -0.12860775 -0.06857558 -1.21038914
0.13303289 0.98901713 0.06441182 -0.15442796
0.05953871 -0.07284582 0.99556470 0.60999620
0.00000000 0.00000000 0.00000000 1.00000000
133 7.985492 0.273584
0.95728916 -0.08096091 -0.27756566 -1.41469216
0.10109569 0.99312639 0.05898994 0.09848231
0.27088177 -0.08453116 0.95889395 -0.02287865
0.00000000 0.00000000 0.00000000 1.00000000
134 2.044113 0.128369
0.99682516 -0.07957022 0.00319178 -2.18089581
0.07906058 0.99364746 0.08008493 0.25312585
-0.00954369 -0.07957849 0.99678296 0.04636550
0.00000000 0.00000000 0.00000000 1.00000000
135 3.360220 0.095199
0.83628803 -0.33103114 0.43708211 -2.31871676
0.29246333 0.94361818 0.15508299 -0.10106036
-0.46377569 -0.00186374 0.88595086 0.66555250
0.00000000 0.00000000 0.00000000 1.00000000
136 0.380522 0.075827
0.38888270 -0.44774014 0.80517042 -2.13293147
0.48908985 0.84097123 0.23142725 -0.46802783
-0.78074461 0.30380237 0.54602456 1.50271893
0.00000000 0.00000000 0.00000000 1.00000000
137 0.559531 0.020541
-0.00436461 -0.49174958 0.87072545 -1.69574857
0.51919192 0.74306226 0.42225319 -0.60215271
-0.85464609 0.45391634 0.25206923 1.73675764
0.00000000 0.00000000 0.00000000 1.00000000
138 4.715675 0.136583
0.46786422 0.68237007 -0.56166977 0.82743025
-0.63521469 0.70149624 0.32311863 -0.10767877
0.61449611 0.20560482 0.76165652 0.12403786
0.00000000 0.00000000 0.00000000 1.00000000
139 0.000000 0.036623
0.86453784 0.35089868 -0.35978502 0.79308379
-0.33178419 0.93621600 0.11583769 0.31307575
0.37748411 0.01922509 0.92581654 -0.11493361
0.00000000 0.00000000 0.00000000 1.00000000
140 0.000000 0.032586
0.95775968 0.15286990 -0.24357250 0.45746157
-0.16916552 0.98445022 -0.04732719 0.18447781
0.23255059 0.08653185 0.96872699 0.26478362
0.00000000 0.00000000 0.00000000 1.00000000
141 0.000000 0.013970
0.99847090 -0.05293924 -0.01594601 0.20354357
0.04910803 0.98167449 -0.18413050 -0.07684350
0.02540152 0.18306594 0.98277253 0.53478408
0.00000000 0.00000000 0.00000000 1.00000000
142 1.146713 0.035605
0.98499334 -0.16668198 -0.04477701 -0.12588130
0.16226920 0.98275113 -0.08870849 -0.16467246
0.05879121 0.08011162 0.99505043 0.66881466
0.00000000 0.00000000 0.00000000 1.00000000
143 2.092748 0.069841
0.98096919 -0.06543432 -0.18280306 0.78411299
0.09767222 0.98000652 0.17334306 0.31643662
0.16780576 -0.18789904 0.96774763 -0.59476447
0.00000000 0.00000000 0.00000000 1.00000000
144 1.254606 0.031755
0.85593754 0.17258106 -0.48742884 0.82986212
-0.06593131 0.97138995 0.22815722 0.17139249
0.51285875 -0.16315120 0.84282750 -0.27665699
0.00000000 0.00000000 0.00000000 1.00000000
145 0.892629 0.038631
0.62810409 0.34830335 -0.69582373 0.74800515
-0.25738442 0.93688732 0.23663542 -0.07010000
0.73432904 0.03046283 0.67811012 0.05575871
0.00000000 0.00000000 0.00000000 1.00000000
146 1.045675 0.024865
0.51964933 0.43804842 -0.73353845 0.62154156
-0.36510950 0.89007491 0.27287811 -0.27604228
0.77243781 0.12602150 0.62246203 0.21764004
0.00000000 0.00000000 0.00000000 1.00000000
147 0.755370 0.022227
0.67063260 0.32166326 -0.66841942 0.48306000
-0.29220086 0.94278759 0.16052875 -0.32531172
0.68181396 0.08765641 0.72625470 0.27511144
0.00000000 0.00000000 0.00000000 1.00000000
148 1.386492 0.028020
0.87006277 0.17679358 -0.46014690 0.37872794
-0.16926819 0.98386490 0.05795299 -0.21874760
0.46296814 0.02746576 0.88594943 0.09087229
0.00000000 0.00000000 0.00000000 1.00000000
149 1.024884 0.018170
0.95939839 -0.10392390 0.26221117 -0.19543251
0.09628685 0.99447376 0.04184607 -0.06340767
-0.26511103 -0.01489946 0.96410280 0.15445471
0.00000000 0.00000000 0.00000000 1.00000000
150 2.840142 0.028478
0.82217175 -0.14150734 0.55137062 -0.51826531
0.12727599 0.98978537 0.06423834 -0.23108156
-0.55482858 0.01736176 0.83178389 0.45931530
0.00000000 0.00000000 0.00000000 1.00000000
151 1.183329 0.012630
0.79453218 -0.30519974 0.52494961 -0.94042063
0.32838514 0.94314897 0.05131170 -0.31207725
-0.51076627 0.13161689 0.84958506 0.99538720
0.00000000 0.00000000 0.00000000 1.00000000
152 1.508439 0.037591
0.93646252 -0.19853534 0.28917387 -1.12968481
0.21883723 0.97496915 -0.03930852 -0.17815354
-0.27413145 0.10009286 0.95646918 0.57148063
0.00000000 0.00000000 0.00000000 1.00000000
153 2.610895 0.080491
0.98068231 -0.10509249 0.16497655 -1.48107040
0.11860601 0.99015778 -0.07429507 0.13531226
-0.15554473 0.09242657 0.98349541 0.04675412
0.00000000 0.00000000 0.00000000 1.00000000
154 2.526620 0.098291
0.95353794 -0.12402053 0.27456391 -1.89382803
0.14406551 0.98809338 -0.05400559 0.25599888
-0.26459724 0.09105185 0.96005118 -0.07508445
0.00000000 0.00000000 0.00000000 1.00000000
155 2.844825 0.093406
0.64701152 -0.35133684 0.67671090 -2.17353916
0.38343221 0.91705257 0.10951400 -0.12699929
-0.65905619 0.18861593 0.72805822 0.45881784
0.00000000 0.00000000 0.00000000 1.00000000
156 1.130558 0.056466
0.08351412 -0.32128629 0.94329250 -2.14078140
0.51457733 0.82453281 0.23527867 -0.42276162
-0.85336709 0.46574765 0.23418671 1.36360919
0.00000000 0.00000000 0.00000000 1.00000000
157 0.000000 0.029800
0.63337570 0.56667960 -0.52698064 1.02255523
-0.64881778 0.76002032 0.03746426 -0.26422018
0.42174691 0.31818506 0.84905088 0.17885947
0.00000000 0.00000000 0.00000000 1.00000000
158 0.467300 0.015830
0.97555649 0.19391319 -0.10338208 0.86698037
-0.20662279 0.96959686 -0.13111043 0.27219337
0.07481447 0.14926684 0.98596293 -0.15659010
0.00000000 0.00000000 0.00000000 1.00000000
159 1.308657 0.032602
0.99882561 0.02870539 0.03904226 0.56828737
-0.01899612 0.97312278 -0.22950211 0.14142293
-0.04458106 0.22849101 0.97252458 0.20399225
0.00000000 0.00000000 0.00000000 1.00000000
160 1.414439 0.025174
0.94331229 -0.12721774 0.30655718 0.27486837
0.21926728 0.93223882 -0.28784263 -0.08505885
-0.24916545 0.33874357 0.90728688 0.44913065
0.00000000 0.00000000 0.00000000 1.00000000
161 1.273493 0.029529
0.92149168 -0.24185224 0.30390701 -0.05111703
0.30086797 0.93932712 -0.16475257 -0.17518017
-0.24562240 0.24325374 0.93834823 0.60039425
0.00000000 0.00000000 0.00000000 1.00000000
162 1.932493 0.063668
0.97255820 -0.16872627 0.16019186 0.90234643
0.16386829 0.98553729 0.04316612 0.30191854
-0.16515815 -0.01573108 0.98614156 -0.61681747
0.00000000 0.00000000 0.00000000 1.00000000
163 0.659679 0.011955
0.97842485 0.01809785 -0.20580627 0.94202602
-0.00501713 0.99794316 0.06390539 0.10626073
0.20653984 -0.06149402 0.97650355 -0.27315164
0.00000000 0.00000000 0.00000000 1.00000000
164 1.631828 0.067331
0.86154950 0.18868439 -0.47130892 0.77545619
-0.20586535 0.97845984 0.01539618 -0.16293174
0.46406174 0.08376223 0.88183415 0.09856462
0.00000000 0.00000000 0.00000000 1.00000000
165 0.758988 0.016772
0.87394667 0.15376182 -0.46105802 0.59644979
-0.21539870 0.97292131 -0.08382586 -0.37103507
0.43568438 0.17257029 0.88340181 0.27824616
0.00000000 0.00000000 0.00000000 1.00000000
166 1.789035 0.047854
0.98163956 0.03710339 -0.18710101 0.49277717
-0.06052129 0.99080092 -0.12104860 -0.28448507
0.18088830 0.13015021 0.97485411 0.05514514
0.00000000 0.00000000 0.00000000 1.00000000
167 1.064592 0.014981
0.94506979 -0.05411243 0.32235745 -0.37904379
0.05463902 0.99847782 0.00742140 -0.15427183
-0.32226858 0.01059911 0.94658846 0.24650943
0.00000000 0.00000000 0.00000000 1.00000000
168 1.129519 0.039672
0.93993372 -0.19758961 0.27835616 -0.77645963
0.21863382 0.97470385 -0.04637995 -0.20217654
-0.26215050 0.10445172 0.95935756 0.79656804
0.00000000 0.00000000 0.00000000 1.00000000
169 1.147395 0.023942
0.99276865 -0.10914506 0.04996604 -0.98860526
0.11407073 0.98741174 -0.10956690 -0.08901542
-0.03737814 0.11447331 0.99272251 0.42492938
0.00000000 0.00000000 0.00000000 1.00000000
170 6.657850 0.260916
0.99607933 0.05322099 -0.07067829 -1.29620588
-0.06566557 0.98007965 -0.18743895 0.41434294
0.05929384 0.19134432 0.97973061 0.05406570
0.00000000 0.00000000 0.00000000 1.00000000
171 1.564731 0.032172
0.99953413 -0.02133223 0.02184440 -1.73940897
0.02330652 0.99525368 -0.09448215 0.29631713
-0.01972526 0.09494731 0.99528688 -0.20563293
0.00000000 0.00000000 0.00000000 1.00000000
172 1.644015 0.039766
0.83115971 -0.25072995 0.49629498 -2.13920856
0.29141647 0.95658517 -0.00477201 -0.01590562
-0.47355130 0.14859504 0.86814106 0.26667762
0.00000000 0.00000000 0.00000000 1.00000000
173 0.548226 0.040304
0.36021271 -0.27575362 0.89118278 -2.21579838
0.46353513 0.88194072 0.08553395 -0.30254239
-0.80955660 0.38228399 0.44550806 1.15301621
0.00000000 0.00000000 0.00000000 1.00000000
174 1.496194 0.030478
-0.02474726 -0.32397678 0.94574058 -1.91365767
0.48132285 0.82529902 0.29531279 -0.48701593
-0.87619412 0.46251482 0.13551323 1.43511367
0.00000000 0.00000000 0.00000000 1.00000000
175 5.502601 0.053473
0.45231065 0.54753083 -0.70400643 1.25271797
-0.61549759 0.76289207 0.19788340 -0.45421222
0.64542830 0.34380901 0.68206805 0.21025443
0.00000000 0.00000000 0.00000000 1.00000000
176 0.000000 0.013898
0.88600594 0.28460014 -0.36605433 1.12432671
-0.33869070 0.93641508 -0.09172961 0.27129030
0.31667268 0.20525138 0.92606145 -0.20918036
0.00000000 0.00000000 0.00000000 1.00000000
177 0.942115 0.030686
0.96705735 0.13719842 -0.21442209 0.79610401
-0.18746579 0.95367908 -0.23526977 0.20217304
0.17221145 0.26771581 0.94798267 0.12230480
0.00000000 0.00000000 0.00000000 1.00000000
178 0.253338 0.038924
0.99744588 -0.02309417 0.06758091 0.43814951
0.04659160 0.92759049 -0.37067977 0.06503791
-0.05412672 0.37288129 0.92629880 0.33865213
0.00000000 0.00000000 0.00000000 1.00000000
179 0.000000 0.027346
0.98852968 -0.13705212 0.06344244 0.09811631
0.14893943 0.95424891 -0.25927925 -0.03281689
-0.02500515 0.26575455 0.96371615 0.46436286
0.00000000 0.00000000 0.00000000 1.00000000
180 1.699502 0.055554
0.88723844 0.10766454 -0.44857055 1.16474223
-0.09522751 0.99418467 0.05026969 0.14138287
0.45137459 -0.00188568 0.89233243 -0.32481146
0.00000000 0.00000000 0.00000000 1.00000000
181 1.875758 0.040396
0.89135569 0.10476390 -0.44103181 0.73799664
-0.18806607 0.97070915 -0.14950959 -0.19314577
0.41245055 0.21620902 0.88495064 0.01528466
0.00000000 0.00000000 0.00000000 1.00000000
182 1.488589 0.021510
0.99069667 -0.13414167 -0.02295514 -0.44761413
0.13095671 0.98555231 -0.10741249 0.03285468
0.03703211 0.10340697 0.99394965 0.58630204
0.00000000 0.00000000 0.00000000 1.00000000
183 1.571719 0.011257
0.95221061 -0.06950489 -0.29743183 -0.53207821
0.03152025 0.99092746 -0.13065308 0.09865445
0.30381453 0.11503482 0.94576132 0.31496429
0.00000000 0.00000000 0.00000000 1.00000000
184 5.601087 0.097868
0.97364539 -0.11913487 0.19447517 -1.81913304
0.13796403 0.98667049 -0.08629271 0.30072898
-0.18160319 0.11084846 0.97710407 -0.01810980
0.00000000 0.00000000 0.00000000 1.00000000
185 0.843023 0.050388
0.64586407 -0.24430878 0.72330666 -2.19718862
0.41736284 0.90629864 -0.06655902 0.02472287
-0.63927144 0.34486917 0.68731117 0.79450822
0.00000000 0.00000000 0.00000000 1.00000000
186 2.576483 0.081976
0.32905477 -0.32111955 0.88803452 -2.05682898
0.52211511 0.84545547 0.11225685 -0.16117562
-0.78684115 0.42671770 0.44586259 1.04817402
0.00000000 0.00000000 0.00000000 1.00000000
187 1.532124 0.011317
0.69548911 0.36141288 -0.62102753 1.59224892
-0.43204704 0.90094310 0.04046291 0.24414793
0.57413423 0.24017152 0.78274333 -0.16378891
0.00000000 0.00000000 0.00000000 1.00000000
188 1.076292 0.023449
0.82778925 0.18937856 -0.52810985 1.28988159
-0.30809170 0.94011837 -0.14579567 0.27231187
0.46887577 0.28339449 0.83656609 0.13151944
0.00000000 0.00000000 0.00000000 1.00000000
189 1.881384 0.032547
0.96468568 0.02365028 -0.26233917 0.89292288
-0.11672851 0.93120944 -0.34528959 0.22961110
0.23612642 0.36371899 0.90108484 0.25287557
0.00000000 0.00000000 0.00000000 1.00000000
190 1.324117 0.028870
0.96230799 -0.07900836 -0.26023254 0.52400434
0.00331316 0.96020561 -0.27927285 0.18149757
0.27194151 0.26788336 0.92427564 0.37963951
0.00000000 0.00000000 0.00000000 1.00000000
191 4.508847 0.181933
0.70267123 0.11702082 -0.70182461 1.56741822
-0.11910069 0.99180889 0.04612741 0.31263003
0.70147473 0.05117576 0.71085405 -0.31379509
0.00000000 0.00000000 0.00000000 1.00000000
192 3.857626 0.089102
0.69917452 0.18504319 -0.69058913 1.17088366
-0.28993520 0.95631903 -0.03729385 -0.17716381
0.65352291 0.22630088 0.72228491 0.10732758
0.00000000 0.00000000 0.00000000 1.00000000
193 2.779674 0.085340
0.90197456 0.30566788 -0.30497405 -0.76939237
-0.25489408 0.94703501 0.19532856 0.12621807
0.34852713 -0.09844556 0.93211424 -0.08161783
0.00000000 0.00000000 0.00000000 1.00000000
194 1.837602 0.016668
0.94036293 0.29527551 -0.16890818 -0.53110987
-0.27878898 0.95347691 0.11471176 0.23850681
0.19492134 -0.06078102 0.97893387 -0.27247524
0.00000000 0.00000000 0.00000000 1.00000000
195 1.419135 0.036754
0.96755314 0.24434862 -0.06429210 -0.30298057
-0.23693398 0.96583122 0.10503350 0.24909301
0.08776060 -0.08639264 0.99238813 -0.29562593
0.00000000 0.00000000 0.00000000 1.00000000
196 0.000000 0.019048
0.92041862 0.34081218 -0.19151405 -0.03141183
-0.33526975 0.94010216 0.06166637 0.42126453
0.20105931 0.00744988 0.97955084 -0.55986321
0.00000000 0.00000000 0.00000000 1.00000000
197 177.444648 3.954652
-0.96465069 -0.10234089 -0.24285117 0.37330437
0.15882891 0.50957549 -0.84564006 1.77043533
0.21029431 -0.85431826 -0.47530812 3.39841700
0.00000000 0.00000000 0.00000000 1.00000000
198 122.862270 1.962495
