11 178.675661 3.912924
-0.39406013 0.24337162 -0.88627708 1.39572525
0.53230369 -0.72567439 -0.43594566 1.41811681
-0.74924558 -0.64355767 0.15641162 0.89067829
0.00000000 0.00000000 0.00000000 1.00000000
13 46.244638 1.786769
0.24907206 0.06343141 0.96640539 -2.82416391
0.54113418 0.81844556 -0.19318649 1.24679482
-0.80320412 0.57107234 0.16952699 1.39830470
0.00000000 0.00000000 0.00000000 1.00000000
14 178.029995 3.418869
0.99120468 -0.00264615 0.13231263 1.02375293
-0.05108592 -0.92995501 0.36410835 -1.04961169
0.12208129 -0.36766499 -0.92191035 3.39155626
0.00000000 0.00000000 0.00000000 1.00000000
15 92.597013 2.587214
0.91180366 -0.06632937 0.40523630 -0.83498138
0.13333312 0.98121911 -0.13939776 1.08339381
-0.38838068 0.18113425 0.90352207 -0.67081606
0.00000000 0.00000000 0.00000000 1.00000000
28 172.343947 4.445998
-0.38065344 -0.81721717 -0.43273264 0.79143816
-0.62037325 0.57270896 -0.53585380 0.23748024
0.68573999 0.06448153 -0.72498417 4.20639229
0.00000000 0.00000000 0.00000000 1.00000000
29 119.149596 1.839987
-0.25624633 0.77123404 0.58269918 -0.72767109
-0.96280223 -0.15018055 -0.22463052 0.21152493
-0.08573313 -0.61858469 0.78102696 0.55912971
0.00000000 0.00000000 0.00000000 1.00000000
30 180.000000 3.414181
-0.94949114 -0.29124063 -0.11681595 0.11931226
0.25307548 -0.49062681 -0.83380884 2.46463346
0.18552594 -0.82125700 0.53955221 1.66723573
0.00000000 0.00000000 0.00000000 1.00000000
31 174.735227 3.910971
-0.45478863 0.33232045 -0.82627469 1.41336024
0.60114360 -0.56999326 -0.56012088 1.54778051
-0.65711141 -0.75144643 0.05945382 1.21987605
0.00000000 0.00000000 0.00000000 1.00000000
33 100.602741 2.496143
0.95682663 0.22168800 0.18798140 -1.00557053
-0.19610618 0.96973717 -0.14543700 1.12918615
-0.21453428 0.10229355 0.97134501 -0.98544562
0.00000000 0.00000000 0.00000000 1.00000000
34 179.676149 3.285302
0.99956179 -0.00192305 0.02954221 1.03258681
-0.00848231 -0.97465634 0.22354507 -0.73569024
0.02836359 -0.22369772 -0.97424579 3.36658120
0.00000000 0.00000000 0.00000000 1.00000000
68 85.926418 3.680565
-0.96270025 0.17699686 0.20464309 -0.95069104
0.26816672 0.52365452 0.80862349 -1.91111016
0.03596190 0.83334148 -0.55158675 3.98742652
0.00000000 0.00000000 0.00000000 1.00000000
72 10.178538 0.482634
0.84035516 -0.28810948 0.45912340 0.53739715
0.06414151 0.89394361 0.44356325 -0.25698653
-0.53822649 -0.34330246 0.76971126 0.12440324
0.00000000 0.00000000 0.00000000 1.00000000
78 93.925823 1.966114
0.93720883 0.19085668 -0.29191095 0.56332844
-0.19985284 0.97982532 -0.00101784 -0.29376686
0.28582740 0.05929334 0.95644486 1.02011442
0.00000000 0.00000000 0.00000000 1.00000000
80 89.885157 3.121130
-0.92509860 0.12464532 0.35868508 -0.80704159
0.37543592 0.44181186 0.81477004 -1.54293811
-0.05691406 0.88840586 -0.45551577 3.17167783
0.00000000 0.00000000 0.00000000 1.00000000
81 81.977194 0.992418
0.97547978 -0.11282885 0.18896721 0.06454495
0.15055850 0.96836174 -0.19901440 0.47201702
-0.16053410 0.22258502 0.96160531 0.00072765
0.00000000 0.00000000 0.00000000 1.00000000
89 117.543015 2.528039
-0.74275267 0.34441206 0.57419336 -1.45800900
-0.07345021 0.81047386 -0.58115041 1.09518039
-0.66552436 -0.47382614 -0.57668549 3.49547482
0.00000000 0.00000000 0.00000000 1.00000000
90 92.816986 2.184520
0.89909339 0.27278474 -0.34237295 0.59333801
-0.28740123 0.95777386 0.00836872 -0.21597683
0.33019865 0.09087417 0.93952698 0.91738248
0.00000000 0.00000000 0.00000000 1.00000000
92 91.609421 2.280288
0.93059325 0.22071506 -0.29202992 0.39767313
-0.21991640 0.97485441 0.03599851 0.32484955
0.29263207 0.03072214 0.95573163 -0.15129447
0.00000000 0.00000000 0.00000000 1.00000000
102 113.954476 3.910548
0.43456835 0.89695209 0.08140852 0.21649256
0.34032118 -0.07984874 -0.93691278 1.86658096
-0.83386528 0.43485799 -0.33995155 3.44990683
0.00000000 0.00000000 0.00000000 1.00000000
104 92.994241 1.316995
0.95720863 0.22349334 -0.18385462 -0.14754346
-0.21065252 0.97369158 0.08689177 -0.34460840
0.19843747 -0.04444471 0.97910577 1.20558345
0.00000000 0.00000000 0.00000000 1.00000000
105 85.402264 2.595266
-0.94441718 0.14046785 0.29722774 -0.08829937
0.32761836 0.47704566 0.81553251 -1.72319317
-0.02723515 0.86758053 -0.49655008 3.60347962
0.00000000 0.00000000 0.00000000 1.00000000
106 86.241240 2.582214
-0.93234569 0.09855762 0.34787604 -0.33666009
0.35255826 0.46125430 0.81421548 -1.41265702
-0.08021218 0.88177681 -0.46479589 3.09224319
0.00000000 0.00000000 0.00000000 1.00000000
107 91.862784 1.026751
0.89508635 -0.30958772 0.32089692 -0.55314618
0.33942023 0.93978000 -0.04009280 0.22971398
-0.28916001 0.14480534 0.94626546 0.21600485
0.00000000 0.00000000 0.00000000 1.00000000
113 179.911531 3.881460
0.73777139 -0.32463256 0.59186560 -2.39121938
-0.34691793 -0.93446791 -0.08010742 0.19432160
0.57908523 -0.14622827 -0.80204535 2.54307318
0.00000000 0.00000000 0.00000000 1.00000000
119 156.851243 3.352251
-0.63767785 -0.57479441 -0.51281410 1.91584945
0.31731638 -0.80263412 0.50506425 -0.51201940
-0.70190966 0.15934387 0.69421375 1.44448304
0.00000000 0.00000000 0.00000000 1.00000000
122 95.887432 1.157136
0.99346036 0.03098397 0.10989174 0.05021724
-0.04225816 0.99390692 0.10179684 -0.49070850
-0.10606802 -0.10577458 0.98871648 1.31637609
0.00000000 0.00000000 0.00000000 1.00000000
127 177.665648 3.557719
0.44031638 -0.42621955 0.79022783 -2.43534613
-0.42864406 -0.87315112 -0.23210269 0.32426339
0.78891397 -0.23652688 -0.56715971 2.19511223
0.00000000 0.00000000 0.00000000 1.00000000
197 177.444648 3.954652
-0.96465069 -0.10234089 -0.24285117 0.37330437
0.15882891 0.50957549 -0.84564006 1.77043533
0.21029431 -0.85431826 -0.47530812 3.39841700
0.00000000 0.00000000 0.00000000 1.00000000
198 122.862270 1.962495
-0.23175550 0.75045097 0.61896116 -0.60477388
-0.96580482 -0.25353387 -0.05422908 0.49498615
0.11623177 -0.61036372 0.78354716 0.83497977
0.00000000 0.00000000 0.00000000 1.00000000
208 110.336686 2.830495
0.87669206 -0.01960374 0.48065192 -0.61676896
0.11133137 0.98031056 -0.16308302 -0.17172617
-0.46799159 0.19648573 0.86161292 0.12620234
0.00000000 0.00000000 0.00000000 1.00000000
209 116.188456 2.793289
0.24090098 -0.94316596 0.22892395 -0.30666643
0.95586497 0.18968326 -0.22437730 0.78154051
0.16820312 0.27287254 0.94723314 0.49398088
0.00000000 0.00000000 0.00000000 1.00000000
218 108.000533 3.148754
0.48327321 -0.86049509 -0.16122748 0.53655082
0.69333482 0.48863053 -0.52964741 1.44316864
0.53453910 0.14417973 0.83275390 0.60315394
0.00000000 0.00000000 0.00000000 1.00000000
219 176.081459 1.789262
-0.83288628 0.02565742 -0.55285037 1.72059178
0.37600449 -0.70675743 -0.59926319 1.25590968
-0.40610617 -0.70699203 0.57899976 0.55177474
0.00000000 0.00000000 0.00000000 1.00000000
220 163.704044 2.542217
-0.94189590 -0.33510685 0.02313520 0.69703907
0.20543426 -0.62917304 -0.74962479 1.69293654
0.26576060 -0.70131588 0.66145825 0.46566999
0.00000000 0.00000000 0.00000000 1.00000000
238 176.149335 4.098134
-0.99231696 0.04990450 -0.11320832 0.34424010
0.09162650 -0.31842241 -0.94351017 2.35145760
-0.08313429 -0.94663388 0.31140345 0.92200589
0.00000000 0.00000000 0.00000000 1.00000000
243 154.636236 3.963407
-0.80662656 0.52747864 -0.26668566 0.32599205
-0.20729944 -0.67500603 -0.70809156 1.62275743
-0.55351722 -0.51588088 0.65382403 -0.10143673
0.00000000 0.00000000 0.00000000 1.00000000
254 121.312502 2.560448
-0.21007718 -0.97741717 0.02289066 0.90251416
0.85596466 -0.19518594 -0.47877675 1.42625928
0.47243208 -0.08098669 0.87763834 0.64457130
0.00000000 0.00000000 0.00000000 1.00000000
255 117.481431 2.071684
-0.10626330 -0.99329776 -0.04547146 1.16901040
0.96975625 -0.09342240 -0.22548842 0.86620516
0.21972913 -0.06805733 0.97318417 0.17483163
0.00000000 0.00000000 0.00000000 1.00000000
258 118.287294 2.359198
-0.14604843 -0.98641980 0.07515207 1.04771817
0.82035947 -0.16321641 -0.54806173 1.65507364
0.55288398 -0.01839228 0.83305520 1.18034375
0.00000000 0.00000000 0.00000000 1.00000000
260 93.910753 3.410197
-0.79551971 0.16262920 -0.58369547 1.71984434
0.53366601 0.64427060 -0.54782784 1.54435730
0.28696576 -0.74730647 -0.59931952 4.18185043
0.00000000 0.00000000 0.00000000 1.00000000
261 15.241965 0.554158
0.49233496 0.55758625 -0.66836023 1.62783420
0.00566658 0.76580191 0.64305347 -0.80176544
0.87038785 -0.32038426 0.37387189 0.75027883
0.00000000 0.00000000 0.00000000 1.00000000
268 118.938460 1.387388
-0.14792702 0.81616324 0.55856478 -0.95270908
-0.97178113 -0.22487336 0.07121953 0.35636631
0.18373343 -0.53226727 0.82639730 1.28439021
0.00000000 0.00000000 0.00000000 1.00000000
281 27.569975 0.520027
0.81138396 -0.09329323 0.57702076 -0.33097616
0.22481149 0.96105349 -0.16073707 -0.12841159
-0.53955215 0.26013985 0.80075675 -0.16670465
0.00000000 0.00000000 0.00000000 1.00000000
282 96.097583 0.830120
0.84145397 -0.53436214 0.08007666 1.41401529
0.42635536 0.74767143 0.50912511 -0.35383445
-0.33192831 -0.39426428 0.85695928 1.46656108
0.00000000 0.00000000 0.00000000 1.00000000
283 174.619409 2.221632
0.39333007 -0.89546448 0.20841236 0.69103450
-0.83432359 -0.25240827 0.49009788 -0.31060272
-0.38625947 -0.36665231 -0.84638691 3.98112679
0.00000000 0.00000000 0.00000000 1.00000000
284 91.407507 0.857851
0.91485381 -0.40013587 0.05416346 0.73939979
0.36918449 0.88322830 0.28915432 -0.16042310
-0.16353959 -0.24453782 0.95574880 0.90659535
0.00000000 0.00000000 0.00000000 1.00000000
286 7.486398 0.597037
0.39169541 -0.57471770 0.71852291 -0.60437602
0.76839453 0.63387966 0.08813205 0.03926876
-0.50610781 0.51758879 0.68989694 0.00979269
0.00000000 0.00000000 0.00000000 1.00000000
329 89.858273 2.063943
0.95067197 0.30749673 0.04084799 0.29342857
-0.30453843 0.95023924 -0.06559139 -0.54068840
-0.05898425 0.04991618 0.99701047 0.73281169
0.00000000 0.00000000 0.00000000 1.00000000
375 169.269076 3.673803
0.11204231 0.16941144 -0.97915685 1.35836935
0.67571461 -0.73547113 -0.04992969 -0.55646420
-0.72859985 -0.65603584 -0.19687673 3.33918190
0.00000000 0.00000000 0.00000000 1.00000000
399 132.226689 2.483104
0.13631991 0.71949840 0.68098348 -0.89726263
0.56361467 0.50898314 -0.65059537 1.22876716
-0.81471139 0.47250134 -0.33613580 2.02755165
0.00000000 0.00000000 0.00000000 1.00000000
405 168.444275 3.538109
-0.09631318 -0.96485478 -0.24449496 0.56257206
-0.01980785 -0.24372999 0.96964061 -1.83660400
-0.99515378 0.09823221 0.00436246 2.92812157
0.00000000 0.00000000 0.00000000 1.00000000
406 151.080030 3.303217
-0.15943296 -0.44256735 0.88244849 -1.60651267
0.41794002 0.77956641 0.46647915 -2.32948971
-0.89437556 0.44318283 0.06067806 2.18259931
0.00000000 0.00000000 0.00000000 1.00000000
407 128.182953 2.895586
0.06411456 -0.45715189 0.88707471 -1.80449557
0.47543493 0.79553545 0.37561452 -2.33146501
-0.87741154 0.39766419 0.26835155 1.82200289
0.00000000 0.00000000 0.00000000 1.00000000
408 165.663610 3.731323
0.14508748 0.42084238 -0.89545679 1.30271006
0.79322869 -0.59042370 -0.14896135 -0.63230038
-0.59138751 -0.68868899 -0.41948628 3.47571135
0.00000000 0.00000000 0.00000000 1.00000000
437 177.160892 2.974591
-0.98940980 -0.12560821 0.07273383 0.12639344
-0.05098501 -0.16841164 -0.98439693 1.54352915
0.13589759 -0.97768062 0.16022351 2.04702425
0.00000000 0.00000000 0.00000000 1.00000000
442 42.093647 1.355688
0.88661575 0.20788804 -0.41315252 1.26885939
-0.43072394 0.69655645 -0.57383418 1.72067988
0.16849083 0.68672484 0.70712066 -0.24751949
0.00000000 0.00000000 0.00000000 1.00000000
460 64.647430 1.277123
0.31236142 0.91991186 -0.23705056 0.84145153
-0.94163811 0.33279437 0.05066501 -0.25792140
0.12549633 0.20739001 0.97017527 0.46797466
0.00000000 0.00000000 0.00000000 1.00000000
499 162.430575 2.077419
-0.16346025 -0.97134608 0.17253152 -0.67537153
0.93588614 -0.09735347 0.33858341 -1.18497705
-0.31208554 0.21681492 0.92498302 0.49954033
0.00000000 0.00000000 0.00000000 1.00000000
509 96.693442 3.889942
0.06723808 0.96674216 -0.24675600 -0.37087053
-0.87836736 -0.05994878 -0.47421241 2.54928398
-0.47323394 0.24862732 0.84512377 1.50938857
0.00000000 0.00000000 0.00000000 1.00000000
512 102.679263 5.086274
0.95463395 -0.12907025 0.26835650 -0.64253104
0.16319543 0.98056251 -0.10892293 -0.07075924
-0.24908164 0.14777599 0.95714188 -0.09617591
0.00000000 0.00000000 0.00000000 1.00000000
551 92.816511 3.874106
0.24966550 0.95031649 -0.18591617 -0.19002736
-0.78951728 0.08861190 -0.60729504 2.45931411
-0.56064790 0.29840544 0.77241641 1.35497451
0.00000000 0.00000000 0.00000000 1.00000000
552 75.785053 4.774373
0.42902777 -0.84741580 -0.31276444 -1.48899484
0.59593433 0.52574289 -0.60700577 2.01738954
0.67882001 0.07403558 0.73056239 0.61569786
0.00000000 0.00000000 0.00000000 1.00000000
578 11.127656 1.168196
-0.04692772 0.02800307 -0.99850607 2.32164049
-0.54382563 0.83776462 0.04905394 -0.82410914
0.83788580 0.54531556 -0.02408621 2.13583708
0.00000000 0.00000000 0.00000000 1.00000000
579 179.137813 5.063677
-0.99608612 -0.08762532 -0.01158747 -0.73455906
0.08402155 -0.89800823 -0.43188077 2.57020664
0.02743806 -0.43116403 0.90185618 0.76279187
0.00000000 0.00000000 0.00000000 1.00000000
580 32.047749 1.664011
0.24926591 -0.15501843 0.95594740 -1.46862483
0.22173031 0.97001934 0.09948365 -0.23484814
-0.94270998 0.18716486 0.27616474 0.87077129
0.00000000 0.00000000 0.00000000 1.00000000
581 151.102898 4.121560
0.18377912 0.04203531 -0.98206854 2.81005406
-0.94937605 -0.25136414 -0.18842012 -0.05334386
-0.25477654 0.96697950 -0.00628802 2.71569610
0.00000000 0.00000000 0.00000000 1.00000000
592 166.542304 4.657196
-0.41941863 -0.47351664 0.77451217 -3.12955379
0.30669183 0.72910506 0.61183774 -1.43563890
-0.85441673 0.49415311 -0.16057695 1.86544776
0.00000000 0.00000000 0.00000000 1.00000000
611 108.158790 3.681071
0.58707821 -0.60638213 0.53632092 -2.19414473
-0.43805337 0.31917420 0.84037960 -1.30652618
-0.68077075 -0.72830546 -0.07824762 3.47614717
0.00000000 0.00000000 0.00000000 1.00000000
612 37.002340 0.417786
0.99801892 0.03317893 -0.05345096 -0.34364223
-0.01381296 0.94445777 0.32834387 -0.34869969
0.06137672 -0.32695490 0.94304466 0.56029153
0.00000000 0.00000000 0.00000000 1.00000000
640 94.685742 2.711117
0.66940165 -0.53039545 -0.52017474 0.43898624
0.56701249 -0.08763406 0.81903386 -2.58127451
-0.47999695 -0.84320879 0.24207820 0.99161768
0.00000000 0.00000000 0.00000000 1.00000000
655 117.939847 3.163049
0.97582525 0.07915051 -0.20370999 -0.46350995
-0.08603933 0.99597365 -0.02516942 -0.10147549
0.20089725 0.04208849 0.97870666 0.38199604
0.00000000 0.00000000 0.00000000 1.00000000
656 108.328511 2.981213
0.97061944 -0.09068730 0.22287804 0.12899113
0.10600460 0.99268889 -0.05772616 -0.17329937
-0.21601325 0.07965612 0.97313607 0.34026504
0.00000000 0.00000000 0.00000000 1.00000000
657 105.523702 2.635458
0.89008522 -0.36453497 0.27361050 0.68344849
0.35934460 0.93051916 0.07075416 -0.26390317
-0.28039160 0.03534304 0.95923519 0.19295526
0.00000000 0.00000000 0.00000000 1.00000000
658 110.808147 2.936285
0.99265796 -0.08888757 -0.08203196 -0.01456905
0.06877231 0.97267413 -0.22175710 -0.31968686
0.09950173 0.21448715 0.97164595 0.40353823
0.00000000 0.00000000 0.00000000 1.00000000
661 115.280245 2.391980
0.95089304 0.09048200 -0.29599738 0.19948407
-0.21146816 0.88823497 -0.40782249 -0.05158126
0.22601447 0.45039004 0.86375070 0.95217991
0.00000000 0.00000000 0.00000000 1.00000000
665 95.165603 2.398733
0.98126256 -0.06676160 0.18074146 -0.61310792
0.06636052 0.99776143 0.00827150 0.65948606
-0.18088949 0.00387765 0.98349607 0.60737967
0.00000000 0.00000000 0.00000000 1.00000000
666 142.346129 3.648462
0.28185594 0.71131372 0.64388710 -1.14020193
0.34851074 0.54935503 -0.75944036 1.73088217
-0.89392257 0.43845412 -0.09306166 1.75307143
0.00000000 0.00000000 0.00000000 1.00000000
667 9.707456 0.399563
0.42846975 0.41627401 -0.80195302 1.43685722
-0.49439037 0.85091424 0.17754449 -0.67930239
0.75630039 0.32040554 0.57039344 1.13854563
0.00000000 0.00000000 0.00000000 1.00000000
670 114.813758 2.754938
-0.24257010 -0.96893674 0.04817763 -0.14610356
-0.96346283 0.24641871 0.10496294 0.13844180
-0.11357433 -0.02095647 -0.99330837 4.83396816
0.00000000 0.00000000 0.00000000 1.00000000
671 138.471255 4.191388
0.39015651 -0.12919617 0.91163987 -1.84848714
0.83516419 -0.36720482 -0.40946618 1.24486995
0.38766000 0.92112434 -0.03536811 1.99254370
0.00000000 0.00000000 0.00000000 1.00000000
678 119.317318 3.945877
-0.82844543 0.54657185 -0.12221691 -0.86665726
-0.35854280 -0.34992862 0.86544597 -2.22424412
0.43026191 0.76079464 0.48586625 0.98901796
0.00000000 0.00000000 0.00000000 1.00000000
681 140.427798 3.177613
-0.12654820 -0.88207942 0.45378572 -1.27327061
0.11246520 0.44175547 0.89005822 -1.06274259
-0.98556483 0.16367024 0.04329976 1.94849133
0.00000000 0.00000000 0.00000000 1.00000000
682 122.628826 2.808316
0.45647106 -0.82377130 0.33620828 -0.67272007
0.19235404 -0.27756840 -0.94125265 1.34867322
0.86869717 0.49432585 0.03175417 1.43235922
0.00000000 0.00000000 0.00000000 1.00000000
683 123.969592 3.282684
-0.97373760 -0.12324454 -0.19143213 -0.66141194
0.13855326 0.34642008 -0.92779082 2.50809503
0.18066099 -0.92994851 -0.32024628 2.93107271
0.00000000 0.00000000 0.00000000 1.00000000
689 179.494290 1.935412
-0.89463127 -0.42387840 0.14128289 -0.58605170
-0.04956943 0.40841496 0.91144931 -0.35328734
-0.44404587 0.80840802 -0.38639188 1.92836809
0.00000000 0.00000000 0.00000000 1.00000000
691 46.571235 0.486111
0.79674578 0.39325643 -0.45885217 1.36787105
-0.51929945 0.83387333 -0.18704006 0.67357677
0.30906981 0.38730502 0.86860263 1.64985418
0.00000000 0.00000000 0.00000000 1.00000000
692 168.671367 2.235155
-0.80643153 -0.58841836 -0.05858719 -0.25216287
-0.58733463 0.80853981 -0.03608380 -0.35696685
0.06860229 0.00531128 -0.99763036 2.95868731
0.00000000 0.00000000 0.00000000 1.00000000
693 150.456382 2.100368
-0.62050802 0.55693954 -0.55207568 -0.45313513
0.57686979 -0.15271279 -0.80243343 1.45977020
-0.53121626 -0.81639206 -0.22652210 1.96490097
0.00000000 0.00000000 0.00000000 1.00000000
699 20.277951 0.307533
0.99027687 0.13347998 -0.03916350 0.48891863
-0.13776967 0.98003531 -0.14335340 -0.96138400
0.01924656 0.14735512 0.98889643 1.28309643
0.00000000 0.00000000 0.00000000 1.00000000
703 84.575087 1.693532
0.28951570 -0.64046115 -0.71132934 0.29622960
0.94249165 0.06109004 0.32859737 0.47202480
-0.16699865 -0.76555622 0.62131584 0.97743857
0.00000000 0.00000000 0.00000000 1.00000000
711 130.380172 2.144618
-0.41313165 0.90714818 -0.08002002 -0.53966308
-0.75085407 -0.38903335 -0.53373331 1.22335565
-0.51530546 -0.16041882 0.84185809 0.97500533
0.00000000 0.00000000 0.00000000 1.00000000
717 94.852328 0.868506
0.27877524 0.65797746 -0.69953573 0.01208812
-0.90828168 0.41724688 0.03049532 0.85396087
0.31194401 0.62687397 0.71394664 0.43524492
0.00000000 0.00000000 0.00000000 1.00000000
718 144.131517 1.784473
-0.78234214 -0.50156772 -0.36928427 -0.27503559
0.33530751 0.16048753 -0.92833871 0.68985158
0.52488983 -0.85010242 0.04262335 1.42699146
0.00000000 0.00000000 0.00000000 1.00000000
719 131.668217 0.429407
-0.45686120 0.81934392 0.34634137 0.58161616
-0.60184002 -0.57141709 0.55791748 -0.71164978
0.65503192 0.04644880 0.75417233 1.76068771
0.00000000 0.00000000 0.00000000 1.00000000
721 95.890817 1.871067
0.97246420 0.00489506 0.23299929 -0.50615203
-0.19992097 -0.49627593 0.84483182 -1.05850244
0.11976762 -0.86815059 -0.48163199 2.39544630
0.00000000 0.00000000 0.00000000 1.00000000
722 154.843011 1.945996
-0.58753997 -0.28414753 0.75766540 -1.46488297
-0.74254984 -0.18278325 -0.64436758 0.20664264
0.32158428 -0.94119620 -0.10360086 1.90143788
0.00000000 0.00000000 0.00000000 1.00000000
724 41.534416 1.609579
0.92100269 0.38954011 0.00361826 -0.01422131
-0.37261143 0.87819248 0.29990095 -0.14094919
0.11364596 -0.27755743 0.95396501 0.25193870
0.00000000 0.00000000 0.00000000 1.00000000
725 54.828838 1.584908
0.52099037 -0.79663002 0.30651239 -0.33238846
0.81612945 0.57009393 0.09447774 0.04530516
-0.25000447 0.20093223 0.94716668 0.54422492
0.00000000 0.00000000 0.00000000 1.00000000
726 93.635584 1.634709
0.71324408 -0.12052343 -0.69047761 -0.53495395
0.50704873 -0.59141624 0.62699944 -1.12269640
-0.48392797 -0.79730922 -0.36071292 2.20162964
0.00000000 0.00000000 0.00000000 1.00000000
728 154.677209 1.443800
-0.87785429 0.18576056 -0.44143483 -0.33710450
0.46259141 0.56755537 -0.68109453 1.15273201
0.12401831 -0.80210590 -0.58416241 2.06920409
0.00000000 0.00000000 0.00000000 1.00000000
730 17.836210 1.700866
0.95908606 0.06830838 0.27475116 0.13981980
-0.09917076 0.99002886 0.10004142 -0.00174401
-0.26517808 -0.12319520 0.95629722 0.28298557
0.00000000 0.00000000 0.00000000 1.00000000
731 18.785828 0.203454
0.93066263 -0.27241632 0.24424842 0.22213867
0.21658632 0.94822097 0.23231268 -0.25824374
-0.29488724 -0.16330263 0.94147491 1.93974280
0.00000000 0.00000000 0.00000000 1.00000000
733 135.885704 2.057269
-0.16208352 -0.37943327 0.91091120 -1.18525326
-0.72105294 -0.58465481 -0.37183467 -0.01964982
0.67365539 -0.71708345 -0.17882863 2.09103751
0.00000000 0.00000000 0.00000000 1.00000000
734 150.110065 2.057094
-0.88215458 -0.40108421 -0.24684912 -0.61320156
0.42513707 -0.90369314 -0.05095974 0.68817365
-0.20263675 -0.14989907 0.96771306 0.95556635
0.00000000 0.00000000 0.00000000 1.00000000
735 92.884270 0.145201
0.65235662 0.58380502 -0.48332459 0.08955544
-0.71075112 0.69266880 -0.12264842 -0.27497855
0.26318127 0.42353439 0.86680704 0.15813744
0.00000000 0.00000000 0.00000000 1.00000000
736 178.225739 2.432500
-0.58726948 -0.25255111 0.76898324 -1.59950280
-0.03990223 -0.93988597 -0.33915153 0.36227894
0.80840880 -0.22985698 0.54188716 1.20070386
0.00000000 0.00000000 0.00000000 1.00000000
737 10.053517 1.436727
0.96412849 0.18487306 -0.19046828 -0.02822757
-0.11195678 0.93384635 0.33969939 -1.05597615
0.24066967 -0.30618942 0.92104578 0.72516799
0.00000000 0.00000000 0.00000000 1.00000000
739 159.406499 1.603372
0.72103316 0.35387003 0.59572351 -0.60439867
0.69040447 -0.29400551 -0.66098559 0.76141679
-0.05875719 0.88788295 -0.45630103 1.90511978
0.00000000 0.00000000 0.00000000 1.00000000
740 161.774925 1.801285
0.53708869 0.14263320 0.83137906 -1.21876776
0.83959419 -0.18544078 -0.51058137 0.60321486
0.08134538 0.97224861 -0.21935210 1.63765359
0.00000000 0.00000000 0.00000000 1.00000000
749 72.358918 2.664032
-0.38422456 0.12088740 -0.91529071 2.13447261
-0.65645653 0.66132843 0.36291635 -0.77466846
0.64917904 0.74029124 -0.17474201 3.74668503
0.00000000 0.00000000 0.00000000 1.00000000
751 135.449906 4.763473
0.86425036 -0.47928351 0.15283643 -1.98779202
-0.25899020 -0.16345164 0.95194948 -2.99276352
-0.43127239 -0.86230588 -0.26539269 3.26948476
0.00000000 0.00000000 0.00000000 1.00000000
752 107.605893 4.703878
0.11042446 0.56709814 0.81621408 -1.84660470
-0.80655938 0.53099740 -0.25981417 0.12247372
-0.58074796 -0.62963492 0.51603401 2.59479237
0.00000000 0.00000000 0.00000000 1.00000000
753 160.721670 6.029910
0.12823814 -0.93261182 0.33732867 0.40425628
-0.98809850 -0.09101325 0.12400860 0.31599346
-0.08495039 -0.34921637 -0.93318355 6.53588915
0.00000000 0.00000000 0.00000000 1.00000000
754 44.798292 1.479247
0.93963689 -0.25717226 -0.22571063 0.49944565
0.31071281 0.91757083 0.24803382 -0.54075348
0.14331825 -0.30319339 0.94208956 0.69947743
0.00000000 0.00000000 0.00000000 1.00000000
755 136.025805 5.534131
-0.40671909 0.08609262 0.90948749 -1.55907106
0.39880383 0.91241252 0.09197392 0.05908406
-0.82190943 0.40011454 -0.40542966 4.52220917
0.00000000 0.00000000 0.00000000 1.00000000
756 106.201060 4.633319
0.09359787 0.62344491 0.77624488 -1.74697351
-0.78696668 0.52390921 -0.32588914 0.63181520
-0.60985583 -0.58037597 0.53966641 2.63055563
0.00000000 0.00000000 0.00000000 1.00000000
757 179.885501 6.778124
0.94410694 -0.22314480 0.24262643 -0.54882067
-0.32388291 -0.76488471 0.55682319 -1.65870404
0.06132895 -0.60428357 -0.79440594 5.83830261
0.00000000 0.00000000 0.00000000 1.00000000
758 50.271248 2.749321
0.24181399 0.12134431 -0.96270525 3.78939819
-0.59492606 0.80232841 -0.04830494 -1.14918792
0.76654440 0.58441937 0.26620489 0.80054271
0.00000000 0.00000000 0.00000000 1.00000000
759 28.764056 1.373624
0.89670944 0.08785799 -0.43381354 0.51622510
-0.21324359 0.94461048 -0.24947657 -0.06696182
0.38786706 0.31621575 0.86577570 0.09089708
0.00000000 0.00000000 0.00000000 1.00000000
774 167.518103 0.729026
-0.93081874 0.17893593 -0.31868210 0.02057028
-0.03571283 -0.91230983 -0.40794033 0.99492472
-0.36373219 -0.36833754 0.85558563 -0.80248487
0.00000000 0.00000000 0.00000000 1.00000000
777 6.833686 0.461198
0.78325480 0.09245721 -0.61478794 0.64996833
-0.23527767 0.95941389 -0.15546462 0.35148883
0.57546246 0.26641417 0.77321863 -0.75054014
0.00000000 0.00000000 0.00000000 1.00000000
778 12.113133 0.443151
0.78397661 0.18761861 -0.59176224 0.25828579
-0.20232065 0.97841161 0.04216843 0.12121624
0.58689773 0.08666669 0.80500972 -0.20305514
0.00000000 0.00000000 0.00000000 1.00000000
816 15.681985 0.906507
0.67777497 0.26050481 -0.68757480 0.92047322
-0.23468453 0.96286571 0.13346648 -0.10922052
0.69681078 0.07090279 0.71374249 0.00541425
0.00000000 0.00000000 0.00000000 1.00000000
822 13.142351 0.452843
0.89149320 0.25193402 -0.37652135 -0.15770221
-0.23677045 0.96767294 0.08687299 0.34408584
0.38623649 0.01170234 0.92232567 -0.64208925
0.00000000 0.00000000 0.00000000 1.00000000
839 95.701946 0.926786
-0.11020247 -0.85953879 -0.49904770 -0.06191748
0.92636245 0.09311417 -0.36493996 0.82054460
0.36014777 -0.50251627 0.78598320 1.06067419
0.00000000 0.00000000 0.00000000 1.00000000
858 1.804068 0.570444
0.99698007 0.07746233 0.00542551 1.24963951
-0.07610162 0.98858273 -0.13004775 0.20247819
-0.01543751 0.12924233 0.99149239 0.12694883
0.00000000 0.00000000 0.00000000 1.00000000
859 0.849498 0.763103
0.89097422 0.29625976 -0.34408623 1.09770286
-0.31277847 0.94979352 0.00786975 0.17412251
0.32914233 0.10061097 0.93890542 0.04333150
0.00000000 0.00000000 0.00000000 1.00000000
862 1.441844 0.691068
0.85453427 -0.17545085 0.48886627 -0.81917435
0.15875167 0.98440486 0.07580161 0.02005486
-0.49454063 0.01283425 0.86906040 -0.29988635
0.00000000 0.00000000 0.00000000 1.00000000
865 19.384389 0.701440
0.66350311 0.57859880 -0.47432756 0.73204058
-0.27436984 0.77798313 0.56521016 -0.39829552
0.69604897 -0.24487738 0.67494440 1.61538017
0.00000000 0.00000000 0.00000000 1.00000000
866 100.860644 3.865215
0.16031224 0.57270491 0.80393511 -1.40692627
-0.85158068 -0.33158922 0.40602976 -1.60348094
0.49911094 -0.74970591 0.43454584 -0.02974343
0.00000000 0.00000000 0.00000000 1.00000000
911 60.307364 1.890033
0.85746300 -0.21852672 0.46583560 -1.01443505
0.10007389 0.95887172 0.26560831 -0.07197362
-0.50472051 -0.18113163 0.84406644 -0.14171433
0.00000000 0.00000000 0.00000000 1.00000000
934 7.016044 0.340948
0.67272151 0.23563604 -0.70137084 2.55223799
-0.08072749 0.96564865 0.24699438 0.08893445
0.73547828 -0.10953854 0.66863459 0.55797172
0.00000000 0.00000000 0.00000000 1.00000000
940 23.585558 0.891647
0.19178824 0.50453800 -0.84181893 1.00118649
-0.37596112 0.83008075 0.41184938 -0.71354938
0.90657139 0.23750338 0.34888607 1.09931457
0.00000000 0.00000000 0.00000000 1.00000000
942 11.647756 0.461468
0.53993261 0.33150738 -0.77367651 2.28894186
-0.12197572 0.94028795 0.31777346 -0.19599110
0.83282280 -0.07720703 0.54812801 0.62332213
0.00000000 0.00000000 0.00000000 1.00000000
950 85.981748 1.945301
0.85931098 -0.34047475 -0.38165537 -0.59184730
0.36291075 0.93171757 -0.01407728 -0.54319710
0.36038786 -0.12640992 0.92419761 0.42042971
0.00000000 0.00000000 0.00000000 1.00000000
972 55.969718 2.206995
0.93014109 -0.13553041 0.34127495 0.07921890
0.05817425 0.97204459 0.22747344 0.11469775
-0.36256438 -0.19172841 0.91202343 -0.28232384
0.00000000 0.00000000 0.00000000 1.00000000
975 179.441519 3.153991
-0.68639320 0.49304006 -0.53458029 1.43226039
0.29073936 -0.48774597 -0.82315040 2.11943197
-0.66658491 -0.72042811 0.19143838 2.11350060
0.00000000 0.00000000 0.00000000 1.00000000
977 55.309668 1.390629
0.83942658 -0.43909714 0.32024413 0.39263391
0.18547103 0.78533256 0.59063667 -0.22535431
-0.51084518 -0.43640071 0.74066961 1.28715754
0.00000000 0.00000000 0.00000000 1.00000000
978 67.384484 2.196838
0.15482637 0.98774940 0.01949018 1.37230730
-0.95614803 0.14484987 0.25455710 0.14995712
0.24861553 -0.05804771 0.96686125 0.38326144
0.00000000 0.00000000 0.00000000 1.00000000
984 86.440740 0.379714
-0.04236269 0.86965162 0.49184498 -0.02228552
-0.99305809 -0.09071955 0.07487321 -0.37923697
0.10973370 -0.48525876 0.86745775 -0.13658822
0.00000000 0.00000000 0.00000000 1.00000000
991 170.866189 2.055453
-0.92045426 0.35138506 0.17114916 -2.22812343
-0.31065238 -0.92345476 0.22522742 0.32481223
0.23719013 0.15414351 0.95915627 0.98903084
0.00000000 0.00000000 0.00000000 1.00000000
992 52.105909 1.250094
0.96713638 -0.19072792 0.16813630 -0.60546196
0.03981143 0.76672208 0.64074469 -0.43043321
-0.25112143 -0.61299324 0.74911791 1.36554122
0.00000000 0.00000000 0.00000000 1.00000000
993 88.805805 2.719792
0.70386380 0.35621926 0.61455941 0.39158410
0.34446287 0.58546871 -0.73387522 1.94239748
-0.62122601 0.72824073 0.28938526 2.01152039
0.00000000 0.00000000 0.00000000 1.00000000
994 121.552980 1.880152
0.74017942 0.64770353 0.18059811 -0.31595773
0.27986878 -0.54097033 0.79311192 -0.11557239
0.61139876 -0.53650033 -0.58168650 2.78033781
0.00000000 0.00000000 0.00000000 1.00000000
999 156.590662 0.460073
-0.21779314 0.29264382 0.93108869 -2.01588464
-0.02437980 -0.95532292 0.29455787 -0.20802063
0.97569066 0.04145254 0.21519732 2.21970797
0.00000000 0.00000000 0.00000000 1.00000000
1023 29.096512 0.562508
0.32087564 0.50566906 -0.80083513 0.40550888
-0.52671862 0.79800504 0.29283851 -1.02549851
0.78714967 0.32785043 0.52240556 2.14856100
0.00000000 0.00000000 0.00000000 1.00000000
1053 76.920809 1.871720
0.67338729 -0.38414532 0.63164973 -2.45793962
0.44016746 0.89478457 0.07492045 0.05981737
-0.59397042 0.22758114 0.77162522 0.37399554
0.00000000 0.00000000 0.00000000 1.00000000
1082 16.384895 0.325378
0.97175688 0.16525444 0.16846237 1.17330205
-0.20394239 0.94725943 0.24719584 -0.46532640
-0.11872751 -0.27457142 0.95420861 0.59337342
0.00000000 0.00000000 0.00000000 1.00000000
1109 177.729833 4.439096
-0.94251120 0.01347016 -0.33390349 -0.76501268
0.19484729 -0.78961051 -0.58185041 1.87391233
-0.27149132 -0.61346066 0.74159193 0.49242699
0.00000000 0.00000000 0.00000000 1.00000000
1111 26.054432 0.561255
0.66276032 -0.32945675 0.67246532 -0.77652109
0.31827807 0.93680060 0.14527696 -0.34944409
-0.67782682 0.11774667 0.72573256 0.63963819
0.00000000 0.00000000 0.00000000 1.00000000
1114 7.573492 0.342485
0.68966609 -0.20986915 0.69304764 -2.16211033
0.36900043 0.92534971 -0.08698532 0.28754240
-0.62305611 0.31572551 0.71562386 0.48152089
0.00000000 0.00000000 0.00000000 1.00000000
1115 176.100972 3.133588
0.90936857 0.21411365 -0.35665765 0.67525131
-0.23985334 0.97037613 -0.02900353 -0.27993760
0.33988172 0.11192039 0.93378508 0.15889859
0.00000000 0.00000000 0.00000000 1.00000000
1116 178.896064 4.210785
-0.81122369 -0.28783488 0.50898606 -0.68612754
-0.25135890 -0.61427104 -0.74799097 1.80816650
0.52795303 -0.73472637 0.42596111 0.58375299
0.00000000 0.00000000 0.00000000 1.00000000
1117 179.657645 3.970542
0.95651305 0.20836790 -0.20411533 -1.79303288
-0.24231562 0.95717919 -0.15840226 0.12799144
0.16236791 0.20097432 0.96604627 0.20092249
0.00000000 0.00000000 0.00000000 1.00000000
1124 150.397067 1.204652
-0.49200141 0.08683705 -0.86625260 0.63153046
-0.27008772 -0.96114326 0.05705079 0.22020110
-0.82763898 0.26203367 0.49633795 1.08732593
0.00000000 0.00000000 0.00000000 1.00000000
1135 81.955735 1.230433
0.35327342 -0.70365107 -0.61650079 1.55814171
0.37352592 0.71027827 -0.59664351 1.00909674
0.85771549 -0.01950057 0.51375437 1.92429996
0.00000000 0.00000000 0.00000000 1.00000000
1136 48.956074 1.058986
-0.48230240 0.44220838 -0.75619900 0.95027649
-0.43304920 0.63002425 0.64462298 -1.95326710
0.76148111 0.63837445 -0.11236346 1.71989369
0.00000000 0.00000000 0.00000000 1.00000000
1146 9.807324 0.590937
0.69793922 -0.09799492 0.70942175 -0.67153823
0.20256476 0.97715598 -0.06430817 -0.42674217
-0.68691266 0.18858637 0.70184481 0.19363070
0.00000000 0.00000000 0.00000000 1.00000000
1149 64.258917 1.492021
0.91511923 -0.23713948 0.32607225 0.21699154
0.18431313 0.96534163 0.18478206 0.10049033
-0.35858995 -0.10899813 0.92711073 -0.01295149
0.00000000 0.00000000 0.00000000 1.00000000
1159 82.837439 2.015884
-0.21898612 -0.91949707 -0.32645148 1.62874186
0.70788503 -0.37997949 0.59541166 -0.04878926
-0.67152429 -0.10070305 0.73410797 1.38393557
0.00000000 0.00000000 0.00000000 1.00000000
1165 117.101859 2.076660
0.96297598 0.20613006 -0.17374545 0.18183458
-0.26948178 0.71802974 -0.64172554 0.33851957
-0.00752488 0.66478729 0.74699438 0.11279333
0.00000000 0.00000000 0.00000000 1.00000000
1172 91.263884 1.196555
0.86861777 0.29668996 -0.39683664 0.75526804
-0.22666162 0.95012355 0.21421893 -0.17334454
0.44060051 -0.09612684 0.89254200 0.35880494
0.00000000 0.00000000 0.00000000 1.00000000
1174 171.752212 1.803814
-0.37717849 0.52972591 -0.75968909 1.18923652
0.14313796 -0.77707505 -0.61291552 0.79321885
-0.91501319 -0.33991873 0.21727186 0.88395476
0.00000000 0.00000000 0.00000000 1.00000000
1175 90.133312 1.229158
0.87501323 0.31806284 -0.36494914 0.73729926
-0.33631638 0.94164109 0.01430397 -0.19352134
0.34820157 0.11022253 0.93091750 0.08384538
0.00000000 0.00000000 0.00000000 1.00000000
1176 178.021519 3.596272
-0.19564262 0.50407404 -0.84121013 1.95157754
-0.24212667 0.80640209 0.53952825 -1.47390723
0.95031536 0.30923378 -0.03571737 2.28889942
0.00000000 0.00000000 0.00000000 1.00000000
1177 89.423034 4.217267
0.47841379 0.59729898 0.64370358 -3.37323022
-0.54403371 -0.37380761 0.75119638 -1.03658795
0.68930990 -0.70957839 0.14611603 1.26491380
0.00000000 0.00000000 0.00000000 1.00000000
1178 48.502570 2.400070
0.99251622 0.08493601 -0.08772645 0.23218858
-0.07410464 0.98999208 0.12009969 -0.22077954
0.09704968 -0.11270034 0.98887813 -0.93813211
0.00000000 0.00000000 0.00000000 1.00000000
1182 89.249730 2.332913
0.93224794 -0.00267130 0.36181158 0.19040120
0.07953769 0.97702605 -0.19772333 0.00635228
-0.35297149 0.21310425 0.91104281 -0.09432495
0.00000000 0.00000000 0.00000000 1.00000000
1185 158.303964 0.474685
-0.92763388 0.36931425 0.05571312 -0.07410324
-0.33860508 -0.76862496 -0.54273629 0.45208493
-0.15761730 -0.52232492 0.83805406 0.32956922
0.00000000 0.00000000 0.00000000 1.00000000
1195 13.705499 0.634732
0.61923546 0.46315312 -0.63406366 0.54772580
-0.01914893 0.81617999 0.57748044 -0.00874227
0.78497201 -0.34545499 0.51427644 0.62208343
0.00000000 0.00000000 0.00000000 1.00000000
1216 179.953606 2.830227
-0.90776169 -0.31227189 0.28009790 0.98062128
-0.27233222 -0.06917399 -0.95971346 1.93787265
0.31906679 -0.94747090 -0.02224806 1.85145640
0.00000000 0.00000000 0.00000000 1.00000000
1235 91.278958 1.114959
0.99784911 0.05491722 -0.03580493 0.48494554
-0.05176646 0.99514782 0.08367169 0.05818579
0.04022622 -0.08163851 0.99585021 0.04644835
0.00000000 0.00000000 0.00000000 1.00000000
1237 179.453561 2.692216
-0.66851020 0.42739481 -0.60862660 0.76280296
-0.44319808 0.42823282 0.78752202 -1.83251524
0.59721702 0.79620945 -0.09685683 1.65910625
0.00000000 0.00000000 0.00000000 1.00000000
1238 178.928720 2.697810
-0.53985131 0.42164701 -0.72854197 1.19773388
-0.05038132 0.84776181 0.52797860 -0.35244989
0.84025049 0.32173482 -0.43642193 2.41417980
0.00000000 0.00000000 0.00000000 1.00000000
1239 179.803666 2.688417
-0.53883320 0.39753979 -0.74271226 1.26235616
-0.24396378 0.77022886 0.58926231 -0.77748978
0.80631292 0.49870890 -0.31803989 2.26876950
0.00000000 0.00000000 0.00000000 1.00000000
1261 85.967211 2.178056
0.49791518 -0.11260092 0.85988390 -1.41525400
0.02423590 0.99295342 0.11599201 0.22473180
-0.86688691 -0.03691524 0.49713525 1.70465779
0.00000000 0.00000000 0.00000000 1.00000000
1262 10.906562 0.431684
0.78173697 0.19694990 -0.59168947 0.23023504
-0.15868942 0.98040950 0.11667782 0.12522224
0.60307902 0.00268291 0.79767644 -0.22744060
0.00000000 0.00000000 0.00000000 1.00000000
1264 7.848429 0.363047
0.64677238 0.16789161 -0.74397576 0.77400523
-0.44998857 0.87159580 -0.19450450 -0.18725365
0.61578929 0.46058056 0.63927370 0.26724553
0.00000000 0.00000000 0.00000000 1.00000000
1267 8.261489 0.349277
0.69667089 0.22970909 -0.67961967 0.76309955
-0.14230844 0.97277439 0.18291530 -0.19960210
0.70313394 -0.03071649 0.71039355 0.44694018
0.00000000 0.00000000 0.00000000 1.00000000
1268 9.633618 0.416902
0.67961729 0.00291063 -0.73356092 0.92557991
-0.02825321 0.99935377 -0.02221072 0.25922701
0.73302281 0.03582053 0.67926019 0.22350717
0.00000000 0.00000000 0.00000000 1.00000000
1276 90.596018 2.704671
0.28161794 -0.16278568 0.94561750 -1.55731356
0.07548992 0.98620856 0.14729121 0.18339556
-0.95655262 0.02990475 0.29002258 2.25275588
0.00000000 0.00000000 0.00000000 1.00000000
1299 2.697330 0.881006
0.82212698 -0.11465612 0.55763978 -0.94425285
0.18895131 0.97894084 -0.07728881 0.20944801
-0.53703427 0.16890763 0.82647717 -0.70473850
0.00000000 0.00000000 0.00000000 1.00000000
1300 98.080171 2.993284
0.73948103 -0.22702429 0.63374019 -2.56825829
0.15867552 0.97367388 0.16364704 -0.16856897
-0.65420830 -0.02045479 0.75603765 0.58557844
0.00000000 0.00000000 0.00000000 1.00000000
1305 173.686053 4.171474
-0.47354275 -0.05349422 -0.87914443 2.55090547
0.29349589 -0.95068949 -0.10024093 2.31187630
-0.83043212 -0.30549353 0.46589264 1.40702426
0.00000000 0.00000000 0.00000000 1.00000000
1309 17.285618 0.517461
0.79219663 0.30979365 -0.52578765 0.33789730
-0.36955994 0.92915976 -0.00935014 -0.04873300
0.48564428 0.20171708 0.85056454 0.32627010
0.00000000 0.00000000 0.00000000 1.00000000
1311 54.272008 1.681503
0.88069063 -0.11373794 0.45983350 -1.34333980
0.16476846 0.98368114 -0.07226092 0.19739345
-0.44411054 0.13940495 0.88506007 -0.18802238
0.00000000 0.00000000 0.00000000 1.00000000
1313 104.164673 6.235942
0.48979548 0.76269972 0.42236227 -2.76641130
0.86615002 -0.37044251 -0.33549407 -0.93867886
-0.09942059 0.53015244 -0.84205335 5.09068966
0.00000000 0.00000000 0.00000000 1.00000000
1316 120.650278 3.956406
0.37337777 -0.70349121 0.60472250 -0.54085243
0.37868488 -0.47949964 -0.79162997 2.44567776
0.84686834 0.52457637 0.08736691 2.72022653
0.00000000 0.00000000 0.00000000 1.00000000
1319 79.321912 2.972021
0.79868621 0.18826483 -0.57153898 0.24830484
-0.25738680 0.96541017 -0.04167464 -0.02182037
0.54392314 0.18039168 0.81951600 0.15705752
0.00000000 0.00000000 0.00000000 1.00000000
1320 75.102171 2.773780
0.96040326 0.07091130 -0.26943824 -0.01876980
-0.10555715 0.98758423 -0.11634068 -0.00745684
0.25784284 0.14017504 0.95596462 0.05325270
0.00000000 0.00000000 0.00000000 1.00000000
1342 6.829035 1.191432
0.99929518 0.02814040 -0.02481878 0.22566661
-0.02232149 0.97752935 0.20961431 0.30634975
0.03015968 -0.20891273 0.97746855 0.13974476
0.00000000 0.00000000 0.00000000 1.00000000
1343 29.736198 2.307822
0.79292297 0.12549528 -0.59626091 -0.22524846
-0.19809775 0.97849464 -0.05749161 -0.33203161
0.57622242 0.16370398 0.80073047 0.60332394
0.00000000 0.00000000 0.00000000 1.00000000
1344 102.222154 4.909278
0.75674909 0.60266840 -0.25321734 0.87455237
-0.12640275 0.51495153 0.84784842 -3.46797562
0.64136571 -0.60960150 0.46586913 0.54062700
0.00000000 0.00000000 0.00000000 1.00000000
1345 5.305260 0.306008
0.80881763 -0.03078924 0.58725250 -2.24387598
0.12767550 0.98400170 -0.12425563 0.53088558
-0.57403183 0.17547818 0.79980922 -0.00142026
0.00000000 0.00000000 0.00000000 1.00000000
1347 11.008360 0.615952
0.98669833 0.11131357 -0.11847264 1.42278361
-0.04163777 0.87752491 0.47772017 -0.40970325
0.15713973 -0.46643290 0.87048709 0.06240559
0.00000000 0.00000000 0.00000000 1.00000000
1348 47.191833 1.124767
0.73218691 0.22251637 -0.64372987 1.67186141
-0.12257452 0.97274464 0.19682792 -0.19637221
