Total: 1623
Successful: 1365
Recall(%%): 84.104
Avg_RRE_of_correct: 2.187915
Avg_RTE_of_correct: 0.068128
