0 0.658491 0.044942
0.99931735 0.03346049 0.01565788 -0.69814426
-0.03437640 0.99745989 0.06239676 0.19194677
-0.01353016 -0.06289220 0.99792892 -0.18813753
0.00000000 0.00000000 0.00000000 1.00000000
1 0.923233 0.039428
0.97389138 0.22424947 -0.03533344 -0.40049180
-0.22311002 0.97421825 0.03347817 0.32400754
0.04192962 -0.02472076 0.99881482 -0.40229559
0.00000000 0.00000000 0.00000000 1.00000000
2 0.343781 0.019905
0.98575830 0.15059583 0.07484362 -0.16305512
-0.15232849 0.98816645 0.01797459 0.34469539
-0.07125105 -0.02911979 0.99703330 -0.66785467
0.00000000 0.00000000 0.00000000 1.00000000
3 0.913431 0.032652
0.97767478 0.10532936 0.18181519 0.02205322
-0.11126894 0.99352956 0.02275497 0.34662414
-0.17824227 -0.04247755 0.98306912 -0.72487354
0.00000000 0.00000000 0.00000000 1.00000000
4 2.657118 0.035314
0.97841954 0.20086956 0.04844538 0.33222610
-0.19869484 0.97897094 -0.04621732 0.52120304
-0.05670998 0.03559464 0.99775594 -0.94651246
0.00000000 0.00000000 0.00000000 1.00000000
5 2.370586 0.066170
0.87713599 0.36717081 -0.30954343 0.66263956
-0.40689775 0.91055810 -0.07292899 0.59406507
0.25507957 0.18992090 0.94808477 -0.85561204
0.00000000 0.00000000 0.00000000 1.00000000
6 1.426287 0.037189
0.81431741 0.42745754 -0.39264145 0.05791819
-0.39066672 0.90395850 0.17389172 0.16255984
0.42926300 0.01178864 0.90310276 -0.31536770
0.00000000 0.00000000 0.00000000 1.00000000
7 0.288036 0.008692
0.99724311 -0.06015195 0.04344071 0.11281119
0.06099156 0.99797022 -0.01827317 0.05420315
-0.04225346 0.02087080 0.99888819 -0.12274909
0.00000000 0.00000000 0.00000000 1.00000000
8 46.579934 2.489175
0.97788465 0.20344637 -0.04847159 -0.01438424
-0.20427895 0.97882879 -0.01282828 0.13124967
0.04483545 0.02244636 0.99874210 0.26955771
0.00000000 0.00000000 0.00000000 1.00000000
9 1.008330 0.094787
0.29290777 -0.30297482 0.90686852 -2.03550887
0.31806949 0.92532527 0.20640866 -0.29167047
-0.90168560 0.22798824 0.36740226 1.55952573
0.00000000 0.00000000 0.00000000 1.00000000
10 2.677519 0.160247
0.18998769 -0.29486915 0.93645990 -2.13258910
0.33250672 0.91678953 0.22121716 -0.01609825
-0.92376584 0.26935017 0.27222490 1.21560168
0.00000000 0.00000000 0.00000000 1.00000000
11 1.770562 0.125753
0.24897650 -0.30272511 0.91998363 -2.25634980
0.30349377 0.92643976 0.22271362 0.28106254
-0.91973060 0.22375883 0.32253695 0.62129712
0.00000000 0.00000000 0.00000000 1.00000000
12 0.848576 0.036799
0.95866036 -0.09728972 0.26740575 0.24359974
0.10920283 0.99356705 -0.03001100 0.23008803
-0.26276606 0.05797225 0.96311724 -0.43444729
0.00000000 0.00000000 0.00000000 1.00000000
13 2.176548 0.104325
-0.26573491 -0.49791953 0.82550681 -2.16580653
0.46283984 0.68525821 0.56231725 -0.26363814
-0.84567440 0.53150499 0.04835913 0.60023612
0.00000000 0.00000000 0.00000000 1.00000000
14 1.394935 0.078307
-0.70704621 -0.36453062 0.60597205 -1.60877740
0.52414376 0.30509663 0.79510361 -1.05147409
-0.47471982 0.87979168 -0.02465161 1.18536878
0.00000000 0.00000000 0.00000000 1.00000000
15 0.000000 0.029896
0.35116464 0.51006526 -0.78518641 1.59878671
-0.68721205 0.70997727 0.15386122 0.42307758
0.63594306 0.48555920 0.59984207 0.00616670
0.00000000 0.00000000 0.00000000 1.00000000
16 1.494886 0.035366
0.64519060 0.41745681 -0.63988924 1.09748960
-0.59899449 0.79628491 -0.08446901 0.47574258
0.47427225 0.43778846 0.76381016 0.03340852
0.00000000 0.00000000 0.00000000 1.00000000
17 2.785864 0.082041
0.71041220 0.31767485 -0.62801141 0.64147329
-0.47530439 0.87465250 -0.09523138 0.44755846
0.51903909 0.36615068 0.77235520 0.12966204
0.00000000 0.00000000 0.00000000 1.00000000
18 0.852257 0.030080
0.93298489 -0.14714284 0.32846373 0.01406723
0.11266382 0.98614544 0.12174916 0.43424481
-0.34182799 -0.07658473 0.93663645 -0.71344411
0.00000000 0.00000000 0.00000000 1.00000000
19 1.997628 0.086272
0.96249491 -0.01218547 0.27102560 0.45671195
-0.10136229 0.91049480 0.40090638 0.09747124
-0.25165254 -0.41334215 0.87511098 -0.21687126
0.00000000 0.00000000 0.00000000 1.00000000
20 1.331486 0.051448
0.98028159 0.10411329 -0.16795090 0.23015909
-0.09149279 0.99248707 0.08122820 0.44467828
0.17514560 -0.06426057 0.98244286 -0.51671410
0.00000000 0.00000000 0.00000000 1.00000000
21 1.315815 0.054558
0.93957818 0.25927693 -0.22353488 0.05045834
-0.22837766 0.96116734 0.15491921 0.20354563
0.25502098 -0.09450930 0.96230537 -0.35973382
0.00000000 0.00000000 0.00000000 1.00000000
22 0.864114 0.042758
0.95333481 0.19223699 -0.23280463 -0.30209768
-0.17122705 0.97934848 0.10751912 0.02738973
0.24866539 -0.06263804 0.96656245 -0.38579464
0.00000000 0.00000000 0.00000000 1.00000000
23 0.594132 0.039012
0.99574989 0.08853148 -0.02536659 -0.81428128
-0.08625595 0.99305940 0.07995227 0.15753016
0.03226862 -0.07742515 0.99647558 -0.06223941
0.00000000 0.00000000 0.00000000 1.00000000
24 0.794262 0.027527
0.95738161 0.28136218 -0.06522664 -0.53738779
-0.27730334 0.95859385 0.06480426 0.30026299
0.08075932 -0.04395518 0.99576378 -0.28158307
0.00000000 0.00000000 0.00000000 1.00000000
25 0.336882 0.013734
0.97545987 0.21618533 0.04173394 -0.27768183
-0.21787485 0.97509992 0.04136649 0.32382396
-0.03175189 -0.04944390 0.99827206 -0.53268790
0.00000000 0.00000000 0.00000000 1.00000000
26 1.160958 0.022362
0.97623795 0.16491958 0.14057094 -0.06056596
-0.17207250 0.98426044 0.04025780 0.33492023
-0.13171935 -0.06349014 0.98925155 -0.57670879
0.00000000 0.00000000 0.00000000 1.00000000
27 2.544375 0.038549
0.96391672 0.26582885 0.01413047 0.22096516
-0.26547152 0.96384364 -0.02301729 0.50160158
-0.01973827 0.01843545 0.99963516 -0.81325054
0.00000000 0.00000000 0.00000000 1.00000000
28 35.636539 0.441983
0.31046191 -0.02159153 0.95033967 -2.26477933
-0.00059052 0.99973714 0.02290630 0.16374478
-0.95058489 -0.00767251 0.31036854 1.45743108
0.00000000 0.00000000 0.00000000 1.00000000
29 1.376008 0.075270
0.33690053 -0.28256321 0.89813983 -1.97946417
0.25675312 0.94532406 0.20109724 -0.32000497
-0.90585589 0.16285029 0.39102978 1.74329913
0.00000000 0.00000000 0.00000000 1.00000000
30 1.687252 0.107534
0.23277801 -0.29972228 0.92519194 -2.05691814
0.28149644 0.93136793 0.23089872 -0.07250827
-0.93090004 0.20669001 0.30117267 1.38397062
0.00000000 0.00000000 0.00000000 1.00000000
31 0.785841 0.058560
0.27740827 -0.28891519 0.91628158 -2.19658470
0.23442127 0.94524306 0.22707526 0.23275365
-0.93171442 0.15180343 0.32994616 0.82756090
0.00000000 0.00000000 0.00000000 1.00000000
32 0.915143 0.018309
0.96932769 -0.04559970 0.24150455 0.13619278
0.05154106 0.99850208 -0.01833927 0.18315685
-0.24030665 0.03022423 0.97022593 -0.27530265
0.00000000 0.00000000 0.00000000 1.00000000
33 2.786426 0.111952
-0.17884278 -0.51206166 0.84012401 -2.04762959
0.46008065 0.71125376 0.53145504 -0.23493078
-0.86967880 0.48157153 0.10838680 0.67352903
0.00000000 0.00000000 0.00000000 1.00000000
34 3.854477 0.122294
-0.60323924 -0.43914369 0.66577441 -1.51429725
0.57459223 0.33963317 0.74464309 -0.99298871
-0.55312449 0.83174658 0.04744846 1.16119862
0.00000000 0.00000000 0.00000000 1.00000000
35 0.757956 0.019704
0.95204246 -0.09179313 0.29187235 -0.05588180
0.05290509 0.98895538 0.13845593 0.38929501
-0.30135772 -0.11637430 0.94638300 -0.54722404
0.00000000 0.00000000 0.00000000 1.00000000
36 2.302398 0.069565
0.98250443 0.03003636 0.18380386 0.39045751
-0.09958607 0.91869956 0.38219738 0.09412789
-0.15738079 -0.39381471 0.90561664 0.27367091
0.00000000 0.00000000 0.00000000 1.00000000
37 0.552493 0.021475
0.96567583 0.03967374 0.25670400 0.33430856
-0.15151262 0.88876069 0.43260616 0.08456767
-0.21098506 -0.45665103 0.86426574 -0.04014611
0.00000000 0.00000000 0.00000000 1.00000000
38 2.024681 0.071490
0.97043616 0.15491167 -0.18508531 0.02696180
-0.13761488 0.98511755 0.10298055 0.42439377
0.19828345 -0.07446593 0.97731185 -0.41935205
0.00000000 0.00000000 0.00000000 1.00000000
39 0.876257 0.035075
0.91369265 0.30554011 -0.26797545 -0.10194680
-0.26243198 0.94704831 0.18501207 0.18383950
0.31031430 -0.09871846 0.94549453 -0.27281189
0.00000000 0.00000000 0.00000000 1.00000000
40 0.096913 0.006851
0.97783601 0.19808084 -0.06782749 0.25341558
-0.19980985 0.97963798 -0.01966277 -0.01616082
0.06255135 0.03278035 0.99750358 -0.18132877
0.00000000 0.00000000 0.00000000 1.00000000
41 0.381549 0.014569
0.98922104 0.13841139 0.04779183 0.52667850
-0.13651785 0.98979563 -0.04085359 0.05730411
-0.05295900 0.03388989 0.99802184 -0.52018857
0.00000000 0.00000000 0.00000000 1.00000000
42 1.592499 0.082441
0.97904187 0.10536197 0.17428686 0.68960476
-0.10012167 0.99422568 -0.03861624 0.07607210
-0.17734897 0.02035666 0.98393756 -0.67184305
0.00000000 0.00000000 0.00000000 1.00000000
43 2.492615 0.047965
0.98051172 0.19482285 0.02532785 0.97872186
-0.19145741 0.97647423 -0.09921077 0.16164884
-0.04406087 0.09242800 0.99474442 -0.81246078
0.00000000 0.00000000 0.00000000 1.00000000
44 1.971594 0.025270
0.88260657 0.33882445 -0.32588875 1.11573172
-0.39740777 0.90807146 -0.13218787 0.13864216
0.25114119 0.24618030 0.93612146 -0.53989458
0.00000000 0.00000000 0.00000000 1.00000000
45 1.652327 0.033160
0.61830395 0.41237253 -0.66906619 1.19408906
-0.52987671 0.84744722 0.03264195 -0.13200009
0.58045793 0.33434024 0.74248600 -0.04672575
0.00000000 0.00000000 0.00000000 1.00000000
46 1.745404 0.041293
0.34315777 0.38624004 -0.85618937 1.03274846
-0.45592073 0.86544895 0.20768398 -0.18511310
0.82120526 0.31908613 0.47308096 0.40857828
0.00000000 0.00000000 0.00000000 1.00000000
47 0.000000 0.048365
0.58512044 0.36746541 -0.72291267 0.92114031
-0.39368328 0.90806448 0.14293486 -0.12642594
0.70897633 0.20096439 0.67599219 0.27429366
0.00000000 0.00000000 0.00000000 1.00000000
48 0.000000 0.022029
0.80930448 0.36413330 -0.46090543 0.55396163
-0.35364413 0.92857337 0.11264497 -0.23418292
0.46900147 0.07183304 0.88027179 0.20063472
0.00000000 0.00000000 0.00000000 1.00000000
49 0.930832 0.084103
0.82818514 0.21961311 -0.51563513 0.18676341
-0.28065503 0.95887363 -0.04238042 -0.15702409
0.48512122 0.17981535 0.85575998 0.80353713
0.00000000 0.00000000 0.00000000 1.00000000
50 0.000000 0.034139
0.95456433 0.06155829 0.29157925 -1.58246982
-0.01837970 0.98873144 -0.14856908 0.03679305
-0.29743913 0.13645986 0.94493943 0.46919823
0.00000000 0.00000000 0.00000000 1.00000000
51 1.364297 0.064686
0.78708893 -0.10745943 0.60740632 -1.65608251
0.15105611 0.98830354 -0.02089554 -0.08342099
-0.59805685 0.10819870 0.79411584 0.60858583
0.00000000 0.00000000 0.00000000 1.00000000
52 3.700205 0.128438
0.34151924 -0.24109069 0.90842736 -1.57264996
0.32844666 0.93621719 0.12498802 -0.16233972
-0.88061798 0.25568435 0.39892155 0.90861607
0.00000000 0.00000000 0.00000000 1.00000000
53 2.266068 0.037344
0.17153265 0.50949442 -0.84320390 1.79988265
-0.62281817 0.71923774 0.30789006 -0.15947311
0.76333153 0.47234949 0.44069523 0.26966107
0.00000000 0.00000000 0.00000000 1.00000000
54 1.565481 0.006763
0.36470392 0.43585157 -0.82281482 1.60149515
-0.64567280 0.75508785 0.11378837 -0.14564919
0.67089266 0.48977053 0.55680102 0.49082243
0.00000000 0.00000000 0.00000000 1.00000000
55 1.133669 0.012446
0.64182121 0.35875711 -0.67776102 1.37163663
-0.59126884 0.79432619 -0.13945726 -0.12399796
0.48833114 0.49024582 0.72193640 0.47764707
0.00000000 0.00000000 0.00000000 1.00000000
56 0.940036 0.030112
0.68251014 0.25339064 -0.68554676 1.03894460
-0.46628675 0.87325174 -0.14145193 -0.09572828
0.56281191 0.41620404 0.71415508 0.66521394
0.00000000 0.00000000 0.00000000 1.00000000
57 1.772551 0.089479
0.95887315 -0.02748728 0.28250146 1.09299016
-0.07006238 0.94157851 0.32942390 -0.03106463
-0.27505308 -0.33566868 0.90092838 -0.18242025
0.00000000 0.00000000 0.00000000 1.00000000
58 1.008718 0.028466
0.99107951 -0.06121992 0.11837177 0.28741163
0.06282210 0.99797523 -0.00985375 0.03894904
-0.11752939 0.01720101 0.99291980 -0.31542659
0.00000000 0.00000000 0.00000000 1.00000000
59 1.315220 0.027211
0.97234702 -0.09792480 0.21202233 0.55309528
0.10441156 0.99434197 -0.01958799 0.09383979
-0.20890349 0.04118437 0.97706896 -0.42017269
0.00000000 0.00000000 0.00000000 1.00000000
60 2.447126 0.029101
0.99567592 -0.00352705 0.09282544 0.75070655
0.01150118 0.99627018 -0.08551499 0.17888011
-0.09217799 0.08621246 0.99200320 -0.60612082
0.00000000 0.00000000 0.00000000 1.00000000
61 3.012074 0.041332
0.95326751 0.15087247 -0.26175982 0.83344615
-0.18721633 0.97498131 -0.11984074 0.16627467
0.23713037 0.16324595 0.95766389 -0.42483509
0.00000000 0.00000000 0.00000000 1.00000000
62 0.000000 0.075439
0.68922257 0.25839347 -0.67690837 0.64280176
-0.21343291 0.96519816 0.15112501 -0.03569769
0.69240057 0.04031572 0.72038627 0.24516249
0.00000000 0.00000000 0.00000000 1.00000000
63 0.556727 0.026097
0.89726615 0.20772569 -0.38956574 0.24229845
-0.17060582 0.97698784 0.12800422 -0.16737486
0.40719205 -0.04839313 0.91205931 0.25685287
0.00000000 0.00000000 0.00000000 1.00000000
64 2.003498 0.120950
0.88063490 0.04905911 -0.47124851 -0.08828187
-0.07609287 0.99635768 -0.03847256 -0.11364031
0.46764433 0.06973878 0.88116074 0.86482286
0.00000000 0.00000000 0.00000000 1.00000000
65 0.985959 0.028716
0.92287934 -0.14693692 0.35595536 -1.76604950
0.20255423 0.97136593 -0.12418011 -0.00819558
-0.32751656 0.18670407 0.92621601 0.73429847
0.00000000 0.00000000 0.00000000 1.00000000
66 1.156906 0.057882
0.70017976 -0.27873403 0.65730941 -1.72754204
0.34820831 0.93704414 0.02643791 -0.15825927
-0.62329751 0.21036923 0.75315672 0.91171694
0.00000000 0.00000000 0.00000000 1.00000000
67 2.790357 0.091049
0.20465805 -0.33381116 0.92015475 -1.48672521
0.51065314 0.83840024 0.19057430 -0.26980516
-0.83507377 0.43087757 0.34204742 1.20399332
0.00000000 0.00000000 0.00000000 1.00000000
68 11.027445 0.331135
0.19587997 -0.35608745 0.91369182 -1.50777757
0.55912066 0.80600834 0.19425482 0.06217816
-0.80561489 0.47281313 0.35697657 0.68239498
0.00000000 0.00000000 0.00000000 1.00000000
69 1.856462 0.037253
0.49665868 0.37435943 -0.78306186 1.35470116
-0.48646897 0.86723781 0.10605797 -0.01204097
0.71880370 0.32826108 0.61283547 0.43797278
0.00000000 0.00000000 0.00000000 1.00000000
70 1.578428 0.033800
0.74458861 0.24642782 -0.62037152 1.04919708
-0.41656503 0.89772934 -0.14337221 -0.03790343
0.52159476 0.36517844 0.77109206 0.47148061
0.00000000 0.00000000 0.00000000 1.00000000
71 1.892585 0.034283
0.76522148 0.11435831 -0.63352835 0.72792888
-0.26217964 0.95414788 -0.14444524 -0.02819127
0.58796054 0.27663153 0.76011717 0.66093802
0.00000000 0.00000000 0.00000000 1.00000000
72 2.578153 0.092336
0.92068052 -0.22838017 0.31652898 0.99546444
0.10807991 0.92840976 0.35549179 0.04707083
-0.37505579 -0.29308379 0.87945145 0.07402706
0.00000000 0.00000000 0.00000000 1.00000000
73 0.564406 0.005031
0.99403447 -0.04000638 0.10146511 0.28595600
0.04080626 0.99915099 -0.00582036 0.02984080
-0.10114619 0.00992641 0.99482298 -0.07486224
0.00000000 0.00000000 0.00000000 1.00000000
74 1.957648 0.025300
0.99808323 0.05630109 -0.02568331 0.46172631
-0.05774086 0.99657089 -0.05926436 0.12192634
0.02225852 0.06063399 0.99791199 -0.29684520
0.00000000 0.00000000 0.00000000 1.00000000
75 2.514972 0.036028
0.90960026 0.22643921 -0.34835619 0.41846880
-0.26659280 0.96116590 -0.07132660 0.17776182
0.31867689 0.15774792 0.93464386 -0.25441480
0.00000000 0.00000000 0.00000000 1.00000000
76 1.744955 0.027484
0.84424329 0.25378951 -0.47206539 -0.19327945
-0.19135316 0.96546257 0.17683324 -0.10937569
0.50063831 -0.05895814 0.86364675 0.35075307
0.00000000 0.00000000 0.00000000 1.00000000
77 4.870012 0.078199
0.76201057 -0.21845198 0.60960531 -1.86058867
0.24698277 0.96826470 0.03824723 -0.35266185
-0.59861445 0.12141711 0.79178202 1.36562407
0.00000000 0.00000000 0.00000000 1.00000000
78 1.541293 0.042795
0.31102750 -0.33143672 0.89073640 -1.32516575
0.46841946 0.86894131 0.15976360 -0.42165715
-0.82694894 0.36754739 0.42551586 1.59101689
0.00000000 0.00000000 0.00000000 1.00000000
79 2.227214 0.086561
0.20423287 -0.30132619 0.93139243 -1.41231096
0.49153101 0.85437763 0.16862920 -0.10680130
-0.84657329 0.42336896 0.32260323 1.17383528
0.00000000 0.00000000 0.00000000 1.00000000
80 2.172047 0.088898
0.26444942 -0.29191911 0.91915679 -1.52884269
0.45199916 0.87944156 0.14926083 0.21584277
-0.85191673 0.37598616 0.36451519 0.63094437
0.00000000 0.00000000 0.00000000 1.00000000
81 4.726049 0.063179
0.40105239 0.45891502 -0.79281408 0.92028016
-0.58375382 0.79501170 0.16488984 0.20091163
0.70596671 0.39667869 0.58673453 0.28606856
0.00000000 0.00000000 0.00000000 1.00000000
82 2.729935 0.049507
0.97608232 -0.16570303 0.14073436 0.81901550
0.10892079 0.93297464 0.34306553 -0.00499889
-0.18814911 -0.31953180 0.92870837 0.82595539
0.00000000 0.00000000 0.00000000 1.00000000
83 1.853930 0.055349
0.96436161 -0.16746967 0.20484076 0.79338944
0.08087124 0.92370999 0.37445897 0.05013311
-0.25192392 -0.34454823 0.90433431 0.45697665
0.00000000 0.00000000 0.00000000 1.00000000
84 2.769797 0.098692
0.98207170 -0.14648813 0.11864246 0.68652296
0.09949718 0.93738091 0.33379194 0.12047273
-0.16011010 -0.31600323 0.93515074 0.03428769
0.00000000 0.00000000 0.00000000 1.00000000
85 1.690497 0.063139
0.96425980 -0.16024779 0.21100929 0.58380657
0.08229763 0.93812889 0.33636770 0.12660879
-0.25185567 -0.30697933 0.91778702 -0.45937502
0.00000000 0.00000000 0.00000000 1.00000000
86 1.507660 0.067307
0.99595577 -0.06545959 -0.06154078 0.82308471
0.08033028 0.95556533 0.28362155 0.22125448
0.04024051 -0.28741848 0.95695961 -0.62554133
0.00000000 0.00000000 0.00000000 1.00000000
87 1.182998 0.017270
0.98724675 0.09859496 -0.12499119 0.16430435
-0.10497203 0.99343342 -0.04549101 0.12699242
0.11968537 0.05803135 0.99111402 -0.25504851
0.00000000 0.00000000 0.00000000 1.00000000
88 2.644417 0.036638
0.86283380 0.24381492 -0.44280028 0.12613821
-0.29169935 0.95557702 -0.04224043 0.25309056
0.41283113 0.16561121 0.89562488 -0.30653822
0.00000000 0.00000000 0.00000000 1.00000000
89 18.376462 0.623226
0.86980593 0.06882551 0.48856992 -1.85100508
0.06203200 0.96711123 -0.24667454 0.16152084
-0.48947874 0.24486586 0.83692968 1.68462074
0.00000000 0.00000000 0.00000000 1.00000000
90 2.817167 0.058978
0.41537535 -0.30241340 0.85790980 -1.36223876
0.43180245 0.89564103 0.10664767 -0.54136533
-0.80063134 0.32614845 0.50260979 1.85981989
0.00000000 0.00000000 0.00000000 1.00000000
91 2.437831 0.086411
0.31129116 -0.29514664 0.90331930 -1.42127538
0.47125340 0.87338346 0.12296811 -0.24851415
-0.82523763 0.38741332 0.41096532 1.42847443
0.00000000 0.00000000 0.00000000 1.00000000
92 2.455112 0.095860
0.37422228 -0.29697105 0.87850171 -1.54939163
0.43905777 0.89116806 0.11422431 0.07739425
-0.81681401 0.34296775 0.46388245 0.87652147
0.00000000 0.00000000 0.00000000 1.00000000
93 5.215489 0.534632
0.19908983 -0.40355322 0.89303297 -2.08013940
0.53996861 0.80563861 0.24368095 0.09999177
-0.81779999 0.43369552 0.37830073 0.73166311
0.00000000 0.00000000 0.00000000 1.00000000
94 2.400451 0.041421
0.99012190 -0.13312866 0.04399350 0.52990222
0.11018815 0.93285167 0.34299895 -0.04049230
-0.08670174 -0.33476311 0.93830556 0.92450500
0.00000000 0.00000000 0.00000000 1.00000000
95 2.035863 0.045936
0.98700750 -0.11620919 0.11095919 0.51527143
0.06679447 0.92483908 0.37444955 0.02097532
-0.14613409 -0.36217272 0.92058456 0.58178449
0.00000000 0.00000000 0.00000000 1.00000000
96 2.456068 0.071011
0.99484390 -0.10007447 0.01644589 0.41347384
0.08848239 0.93571895 0.34146595 0.06626415
-0.04956085 -0.33825102 0.93974966 0.13332367
0.00000000 0.00000000 0.00000000 1.00000000
97 1.817254 0.063803
0.98726231 -0.11064914 0.11432905 0.31208056
0.06648943 0.93974835 0.33534449 0.10493806
-0.14454597 -0.32346943 0.93513358 -0.33587301
0.00000000 0.00000000 0.00000000 1.00000000
98 1.225890 0.049911
0.98551154 -0.03736687 -0.16544351 0.53102595
0.08555640 0.95175922 0.29467732 0.17135605
0.14645122 -0.30456257 0.94116604 -0.58869326
0.00000000 0.00000000 0.00000000 1.00000000
99 2.150495 0.112577
0.94680303 0.00374402 -0.32179141 0.60793251
0.08039404 0.96547627 0.24777687 0.30206597
0.31160975 -0.26046568 0.91381460 -0.76572144
0.00000000 0.00000000 0.00000000 1.00000000
100 0.792288 0.009879
0.92480201 0.18710920 -0.33125687 -0.10447712
-0.20707971 0.97798580 -0.02571287 0.15984295
0.31915313 0.09237579 0.94318998 -0.12241018
0.00000000 0.00000000 0.00000000 1.00000000
101 6.364209 0.075408
0.85174584 0.31321412 -0.42003155 -0.69322330
-0.23598322 0.94506466 0.22619717 -0.03564285
0.46780506 -0.09354202 0.87886792 0.42935038
0.00000000 0.00000000 0.00000000 1.00000000
102 2.697475 0.056573
0.94753677 -0.15045437 0.28202260 -2.33895111
0.16918273 0.98464036 -0.04312957 -0.35348451
-0.27120212 0.08858055 0.95843762 1.50838315
0.00000000 0.00000000 0.00000000 1.00000000
103 3.080069 0.054258
0.73005438 -0.34110144 0.59217441 -1.94073939
0.35191068 0.93044823 0.10210511 -0.57341862
-0.58581567 0.13384958 0.79931486 1.85249639
0.00000000 0.00000000 0.00000000 1.00000000
104 1.548639 0.042993
0.25531471 -0.41721547 0.87220800 -1.12262583
0.52797699 0.81588906 0.23572552 -0.71024084
-0.80997300 0.40032071 0.42858779 2.04727459
0.00000000 0.00000000 0.00000000 1.00000000
105 4.028662 0.102997
0.18022162 -0.35746646 0.91637212 -1.15805209
0.53158802 0.81925219 0.21503447 -0.34350210
-0.82760751 0.44837850 0.33767188 1.58258557
0.00000000 0.00000000 0.00000000 1.00000000
106 4.076982 0.133823
0.25014150 -0.37320352 0.89339113 -1.28663743
0.51839757 0.83094609 0.20197077 -0.01560618
-0.81773615 0.41261071 0.40132260 1.02004647
0.00000000 0.00000000 0.00000000 1.00000000
107 10.061495 0.130184
0.44679469 0.52271408 -0.72604734 0.42167696
-0.60151058 0.77625746 0.18870538 0.46873584
0.66223842 0.35241261 0.66124541 0.11694300
0.00000000 0.00000000 0.00000000 1.00000000
108 4.042831 0.065325
0.66969222 0.34629858 -0.65695554 0.12565699
-0.47806603 0.87798178 -0.02452646 0.15085809
0.56830156 0.33049369 0.75353098 0.44279587
0.00000000 0.00000000 0.00000000 1.00000000
109 3.430567 0.078875
0.70891643 0.20909503 -0.67358446 -0.25331300
-0.32249919 0.94545466 -0.04592606 0.05701756
0.62724042 0.24978861 0.73768216 0.57363939
0.00000000 0.00000000 0.00000000 1.00000000
110 3.790443 0.046746
0.96418798 -0.22393280 0.14211427 0.46165872
0.14854401 0.89985645 0.41011447 -0.08361787
-0.21972030 -0.37431720 0.90089399 1.24044704
0.00000000 0.00000000 0.00000000 1.00000000
111 3.119603 0.049510
0.95058435 -0.22211124 0.21692151 0.45074132
0.11054693 0.89505607 0.43203381 -0.00027257
-0.29011634 -0.38670534 0.87538081 0.90652061
0.00000000 0.00000000 0.00000000 1.00000000
112 3.755463 0.083020
0.97201103 -0.19164383 0.13589384 0.30500436
0.12360257 0.90906161 0.39790636 0.04529372
-0.19979259 -0.36997262 0.90730548 0.44776559
0.00000000 0.00000000 0.00000000 1.00000000
113 4.057048 0.050852
0.20098673 0.42486352 -0.88266402 0.45072907
-0.46105444 0.83603847 0.29743662 -0.00835806
0.86431026 0.34717530 0.36391807 -0.07381821
0.00000000 0.00000000 0.00000000 1.00000000
114 1.043052 0.050873
0.90101850 0.21113735 -0.37892917 -0.03058818
-0.18478709 0.97714543 0.10507259 0.00784498
0.39245400 -0.02465132 0.91944122 0.01732755
0.00000000 0.00000000 0.00000000 1.00000000
115 1.822845 0.044803
0.71456283 0.33452260 -0.61440587 -0.15205389
-0.18640047 0.93755412 0.29367924 0.05574342
0.67428112 -0.09532664 0.73229635 0.04140580
0.00000000 0.00000000 0.00000000 1.00000000
116 2.418485 0.058212
0.87568116 0.21605903 -0.43185818 -0.31923303
-0.10396470 0.95770121 0.26832819 -0.02413795
0.47156578 -0.19007172 0.86110318 0.23046196
0.00000000 0.00000000 0.00000000 1.00000000
117 2.240531 0.022280
0.98814756 0.08690746 -0.12653455 -0.64907134
-0.05191810 0.96493554 0.25729951 -0.20512798
0.14445922 -0.24768120 0.95801115 0.57462680
0.00000000 0.00000000 0.00000000 1.00000000
118 2.660946 0.031041
0.98067111 -0.02787071 -0.19366887 -1.05987334
0.05303495 0.99061203 0.12599221 -0.29921505
0.18833958 -0.13382882 0.97294265 1.10095859
0.00000000 0.00000000 0.00000000 1.00000000
119 114.663108 3.566346
0.66642773 0.56623548 0.48502785 0.47838718
0.41108367 0.26366317 -0.87263584 2.36736083
-0.62200058 0.78093517 -0.05705822 2.35863829
0.00000000 0.00000000 0.00000000 1.00000000
120 2.845926 0.046988
0.75871241 -0.34308901 0.55375731 -2.13561511
0.34813234 0.93204540 0.10048276 -0.44555265
-0.55059987 0.11654326 0.82659423 1.53009498
0.00000000 0.00000000 0.00000000 1.00000000
121 2.985309 0.080430
0.45875609 -0.48713705 0.74312842 -1.68636489
0.47677267 0.84068990 0.25676343 -0.58144212
-0.74982071 0.23651123 0.61792535 1.73580444
0.00000000 0.00000000 0.00000000 1.00000000
122 85.797343 2.463304
-0.96787143 0.24302082 0.06453578 -0.33007246
0.14804488 0.34331387 0.92747921 -1.99169612
0.20324126 0.90723526 -0.36826140 3.92582369
0.00000000 0.00000000 0.00000000 1.00000000
123 1.742261 0.038484
0.59324217 0.53089428 -0.60515696 0.72471321
-0.43562162 0.84386098 0.31326041 0.35048252
0.67697626 0.07778007 0.73188317 -0.11993206
0.00000000 0.00000000 0.00000000 1.00000000
124 1.284204 0.044954
0.73488772 0.37878215 -0.56255126 0.44183213
-0.37585461 0.91792524 0.12706873 0.19177577
0.56451142 0.11805633 0.81693900 0.28919446
0.00000000 0.00000000 0.00000000 1.00000000
125 2.865530 0.058551
0.90603751 0.19692205 -0.37459117 0.15249407
-0.24819423 0.96419370 -0.09344187 -0.05092499
0.34277752 0.17763397 0.92246974 0.57182944
0.00000000 0.00000000 0.00000000 1.00000000
126 2.004865 0.041651
0.91435981 0.07397409 -0.39808774 -0.21278322
-0.09945156 0.99408197 -0.04370430 -0.14513776
0.39249879 0.07955185 0.91630530 0.70063770
0.00000000 0.00000000 0.00000000 1.00000000
127 2.980321 0.025351
0.58348811 0.38544109 -0.71482521 0.32462388
-0.33186632 0.91651440 0.22330305 -0.17837319
0.74121922 0.10693094 0.66269082 0.04582369
0.00000000 0.00000000 0.00000000 1.00000000
128 0.625576 0.015201
0.94211173 0.12226111 -0.31221360 -0.08974746
-0.06800500 0.98147202 0.17913216 0.03159343
0.32832986 -0.14753032 0.93297076 0.03866768
0.00000000 0.00000000 0.00000000 1.00000000
129 1.232259 0.026208
0.99735218 -0.02806701 -0.06709756 -0.28767490
0.04018050 0.98160577 0.18664783 -0.03604992
0.06062454 -0.18884870 0.98013318 0.21176076
0.00000000 0.00000000 0.00000000 1.00000000
130 1.882632 0.046574
0.95847207 -0.15027082 0.24238291 -0.59543866
0.10515273 0.97624671 0.18943289 -0.20366356
-0.26509148 -0.15607941 0.95150697 0.53722775
0.00000000 0.00000000 0.00000000 1.00000000
131 1.669295 0.013740
0.94889915 -0.26051357 0.17811085 -1.00245035
0.24280235 0.96320248 0.11527899 -0.30340096
-0.20158836 -0.06614164 0.97723490 1.08099377
0.00000000 0.00000000 0.00000000 1.00000000
132 3.432051 0.083255
0.98597634 -0.13605440 -0.09664088 -1.18717980
0.14362876 0.98668623 0.07628325 -0.18855324
0.08497523 -0.08909500 0.99239123 0.60707736
0.00000000 0.00000000 0.00000000 1.00000000
133 5.943958 0.235025
0.97728193 0.03870058 -0.20838422 -1.43782079
-0.02475622 0.99730158 0.06911532 0.19793618
0.21049666 -0.06238623 0.97560209 0.07135034
0.00000000 0.00000000 0.00000000 1.00000000
134 7.296594 0.265943
0.99913806 0.02353522 0.03421739 -2.09839058
-0.02488044 0.99891323 0.03940494 0.45262611
-0.03325284 -0.04022183 0.99863732 0.13625693
0.00000000 0.00000000 0.00000000 1.00000000
135 2.778970 0.068202
0.85302770 -0.34331119 0.39304087 -2.27069306
0.30130503 0.93893141 0.16620177 -0.12828887
-0.42609730 -0.02334964 0.90437609 0.58274364
0.00000000 0.00000000 0.00000000 1.00000000
136 0.825194 0.039539
0.40017530 -0.45964801 0.79283214 -2.09184051
0.49775010 0.83540982 0.23309729 -0.46743011
-0.76948273 0.30135265 0.56310058 1.44621420
0.00000000 0.00000000 0.00000000 1.00000000
137 4.048640 0.113414
0.05434075 -0.48765755 0.87134236 -1.68409657
0.53525436 0.75089186 0.38686559 -0.54600078
-0.84294111 0.44536725 0.30182481 1.62853944
0.00000000 0.00000000 0.00000000 1.00000000
138 0.000000 0.012756
0.39928195 0.71723151 -0.57109779 0.93833804
-0.65078562 0.66048050 0.37448931 -0.19694234
0.64579511 0.22213528 0.73048222 0.15839553
0.00000000 0.00000000 0.00000000 1.00000000
139 0.000000 0.017120
0.87823457 0.33117294 -0.34500480 0.76372755
-0.31203032 0.94351912 0.11139885 0.30027705
0.36241055 0.00981781 0.93196708 -0.10619509
0.00000000 0.00000000 0.00000000 1.00000000
140 0.000000 0.013348
0.95530945 0.16188490 -0.24734029 0.48107669
-0.17596160 0.98374689 -0.03575900 0.15703979
0.23753187 0.07768291 0.96826833 0.27752423
0.00000000 0.00000000 0.00000000 1.00000000
141 0.000000 0.015294
0.99821717 -0.05779634 -0.01488810 0.20608173
0.05409260 0.98152530 -0.18352672 -0.07961896
0.02522035 0.18239412 0.98290205 0.53848934
0.00000000 0.00000000 0.00000000 1.00000000
142 0.827089 0.010845
0.98521155 -0.16631952 -0.04118523 -0.15657762
0.16222784 0.98280668 -0.08816922 -0.15955842
0.05514138 0.08018410 0.99525392 0.67362833
0.00000000 0.00000000 0.00000000 1.00000000
143 2.332129 0.063303
0.98041081 -0.07646012 -0.18151125 0.78075570
0.10888837 0.97834373 0.17602794 0.30976054
0.16412285 -0.19234440 0.96750510 -0.58979893
0.00000000 0.00000000 0.00000000 1.00000000
144 0.938786 0.030067
0.86114794 0.17114732 -0.47867829 0.81580377
-0.05653286 0.96802318 0.24440473 0.14898628
0.50520158 -0.18340796 0.84328693 -0.27585566
0.00000000 0.00000000 0.00000000 1.00000000
145 0.532290 0.043573
0.63893360 0.35145321 -0.68428338 0.72063696
-0.25818416 0.93590820 0.23961607 -0.06686148
0.72464043 0.02357188 0.68872321 0.05453014
0.00000000 0.00000000 0.00000000 1.00000000
146 0.359365 0.053869
0.53035045 0.41803634 -0.73754591 0.59817499
-0.34826064 0.90060902 0.26003456 -0.26145113
0.77294445 0.11894888 0.62322390 0.20404267
0.00000000 0.00000000 0.00000000 1.00000000
147 0.000000 0.017246
0.66481048 0.32192454 -0.67408460 0.48967743
-0.29606807 0.94202566 0.15789115 -0.30863655
0.68583411 0.09460625 0.72158158 0.26669896
0.00000000 0.00000000 0.00000000 1.00000000
148 0.509757 0.021752
0.85975540 0.18672377 -0.47534814 0.38637710
-0.17293760 0.98222107 0.07304147 -0.22526225
0.48053539 0.01940793 0.87676072 0.07693219
0.00000000 0.00000000 0.00000000 1.00000000
149 1.072649 0.028215
0.95810813 -0.11452760 0.26251104 -0.20895700
0.10623393 0.99329388 0.04562062 -0.05988368
-0.26597556 -0.01582181 0.96384966 0.14173055
0.00000000 0.00000000 0.00000000 1.00000000
150 1.551165 0.052693
0.81100166 -0.16597144 0.56100798 -0.54790598
0.15298809 0.98571301 0.07045585 -0.23314846
-0.56468666 0.02868786 0.82480657 0.44692087
0.00000000 0.00000000 0.00000000 1.00000000
151 1.472995 0.008607
0.80214751 -0.29751173 0.51773167 -0.93899214
0.32407948 0.94514179 0.04100773 -0.29964718
-0.50152922 0.13489282 0.85456026 0.99218762
0.00000000 0.00000000 0.00000000 1.00000000
152 1.812725 0.045776
0.93857038 -0.19751433 0.28297359 -1.11953115
0.21833184 0.97489643 -0.04369187 -0.17527330
-0.26723987 0.10279053 0.95813227 0.57356668
0.00000000 0.00000000 0.00000000 1.00000000
153 2.611045 0.102401
0.98131049 -0.11214536 0.15637410 -1.45444989
0.12515017 0.98922831 -0.07593063 0.13005024
-0.14617413 0.09408218 0.98477501 0.05619001
0.00000000 0.00000000 0.00000000 1.00000000
154 4.040118 0.186249
0.96014631 -0.11185403 0.25614098 -1.83733940
0.13480200 0.98812079 -0.07380223 0.32753909
-0.24484253 0.10538921 0.96381849 -0.08285522
0.00000000 0.00000000 0.00000000 1.00000000
155 1.684699 0.049345
0.63009387 -0.34839463 0.69397533 -2.21969533
0.37249032 0.91977406 0.12354881 -0.14024651
-0.68134570 0.18065137 0.70931852 0.48626840
0.00000000 0.00000000 0.00000000 1.00000000
156 2.199447 0.060776
0.09937417 -0.33772153 0.93598634 -2.12261057
0.50633109 0.82691956 0.24461064 -0.43676007
-0.85659474 0.44961178 0.25317341 1.31168294
0.00000000 0.00000000 0.00000000 1.00000000
157 1.087865 0.067249
0.62383127 0.57453072 -0.52985764 1.03562641
-0.65000945 0.75782841 0.05642980 -0.32179600
0.43396154 0.30920973 0.84620726 0.19772506
0.00000000 0.00000000 0.00000000 1.00000000
158 0.000000 0.017201
0.97477752 0.19893014 -0.10117321 0.87293249
-0.21168555 0.96772033 -0.13676989 0.27099594
0.07069984 0.15473679 0.98542267 -0.14641881
0.00000000 0.00000000 0.00000000 1.00000000
159 0.296075 0.022886
0.99738336 0.05472180 0.04725301 0.58346385
-0.04219964 0.97129536 -0.23410586 0.12315744
-0.05870757 0.23149943 0.97106236 0.22712588
0.00000000 0.00000000 0.00000000 1.00000000
160 0.804543 0.021935
0.94009304 -0.14008997 0.31080586 0.29196995
0.23458248 0.92734379 -0.29155776 -0.08618215
-0.24737923 0.34700108 0.90465122 0.45774102
0.00000000 0.00000000 0.00000000 1.00000000
161 1.348136 0.025421
0.92181247 -0.24357700 0.30154985 -0.05329509
0.30264956 0.93831277 -0.16725257 -0.17095906
-0.24220888 0.24543995 0.93866646 0.60040629
0.00000000 0.00000000 0.00000000 1.00000000
162 1.696967 0.062447
0.97109902 -0.17504954 0.16224808 0.87209666
0.16745332 0.98408484 0.05947863 0.28548330
-0.17007768 -0.03059070 0.98495603 -0.64518595
0.00000000 0.00000000 0.00000000 1.00000000
163 0.414015 0.013770
0.97816014 0.02465583 -0.20638810 0.95117760
-0.01195671 0.99797052 0.06255436 0.10984415
0.20751126 -0.05871993 0.97646886 -0.26241183
0.00000000 0.00000000 0.00000000 1.00000000
164 1.086425 0.051183
0.84861815 0.18488778 -0.49564320 0.84236634
-0.20792024 0.97810519 0.00886536 -0.15824685
0.48643008 0.09553081 0.86848086 0.14892459
0.00000000 0.00000000 0.00000000 1.00000000
165 0.869532 0.032407
0.87983680 0.13716975 -0.45505166 0.58140177
-0.20025882 0.97529978 -0.09320596 -0.35350090
0.43102667 0.17313416 0.88557380 0.26655865
0.00000000 0.00000000 0.00000000 1.00000000
166 1.130558 0.036476
0.98196012 0.03000614 -0.18669340 0.48333591
-0.05571249 0.98941207 -0.13401002 -0.26382995
0.18069547 0.14199311 0.97323525 0.05961668
0.00000000 0.00000000 0.00000000 1.00000000
167 0.662638 0.038485
0.94148511 -0.05673802 0.33224383 -0.41674909
0.05586924 0.99836272 0.01217556 -0.15607008
-0.33239108 0.00709793 0.94311416 0.24485517
0.00000000 0.00000000 0.00000000 1.00000000
168 0.922809 0.019495
0.93759584 -0.19377246 0.28873295 -0.79333711
0.22074386 0.97325337 -0.06365329 -0.18240502
-0.26867580 0.12341809 0.95529175 0.80233836
0.00000000 0.00000000 0.00000000 1.00000000
169 1.120823 0.011150
0.99515158 -0.09341739 0.03079774 -0.95658588
0.09638310 0.98859525 -0.11571774 -0.07644999
-0.01963644 0.11812565 0.99280477 0.43019247
0.00000000 0.00000000 0.00000000 1.00000000
170 2.753495 0.152362
0.99172771 -0.00957131 -0.12800157 -1.18896413
-0.00713019 0.99156868 -0.12938640 0.22347242
0.12816116 0.12922914 0.98329747 -0.04585481
0.00000000 0.00000000 0.00000000 1.00000000
171 3.123241 0.154115
0.99999487 -0.00165968 0.00262922 -1.65806437
0.00196978 0.99241167 -0.12294152 0.40087020
-0.00240526 0.12294596 0.99240994 -0.18705273
0.00000000 0.00000000 0.00000000 1.00000000
172 1.907007 0.023417
0.82638097 -0.24582946 0.50661772 -2.15759397
0.28233236 0.95930350 0.00495625 -0.02946097
-0.48721874 0.13893893 0.86215651 0.27216077
0.00000000 0.00000000 0.00000000 1.00000000
173 1.002101 0.031446
0.36333624 -0.28326035 0.88755274 -2.19718170
0.46622026 0.88007605 0.09001850 -0.30536875
-0.80661321 0.38108766 0.45182520 1.12688136
0.00000000 0.00000000 0.00000000 1.00000000
174 2.932381 0.064343
0.00356527 -0.31479394 0.94915360 -1.92867720
0.47989061 0.83326268 0.27455559 -0.45552883
-0.87732136 0.45451128 0.15403835 1.40613222
0.00000000 0.00000000 0.00000000 1.00000000
175 0.556023 0.085421
0.38985378 0.60512662 -0.69414365 1.26922393
-0.69180977 0.68996710 0.21294302 -0.44497970
0.60779381 0.39719829 0.68761885 0.26334238
0.00000000 0.00000000 0.00000000 1.00000000
176 0.000000 0.035322
0.88297760 0.28808305 -0.37061733 1.14207852
-0.34183908 0.93571401 -0.08708155 0.26136687
0.32170659 0.20358175 0.92469347 -0.19812799
0.00000000 0.00000000 0.00000000 1.00000000
177 0.422436 0.013368
0.96495473 0.13715333 -0.22372219 0.81509364
-0.18986695 0.95340872 -0.23444197 0.20096323
0.18114400 0.26870346 0.94603676 0.12775671
0.00000000 0.00000000 0.00000000 1.00000000
178 1.288767 0.042201
0.99719334 -0.01924072 0.07235718 0.43957582
0.04410295 0.93190926 -0.35999855 0.04417071
-0.06050378 0.36217913 0.93014264 0.33404517
0.00000000 0.00000000 0.00000000 1.00000000
179 0.593473 0.028576
0.98804617 -0.14113478 0.06202220 0.09770868
0.15247095 0.95405519 -0.25793719 -0.03427470
-0.02276902 0.26431066 0.96416914 0.46695828
0.00000000 0.00000000 0.00000000 1.00000000
180 0.938786 0.074004
0.87220347 0.12426513 -0.47309476 1.25422573
-0.11630905 0.99213898 0.04617114 0.14857545
0.47511396 0.01475427 0.87980050 -0.26063418
0.00000000 0.00000000 0.00000000 1.00000000
181 2.836832 0.074953
0.89342016 0.12518910 -0.43142399 0.71349466
-0.19573438 0.97290939 -0.12302428 -0.22772248
0.40433544 0.19435695 0.89372146 0.01072180
0.00000000 0.00000000 0.00000000 1.00000000
182 0.822344 0.025431
0.99055737 -0.13214275 -0.03653701 -0.42407200
0.12759274 0.98603714 -0.10700569 0.03164530
0.05016657 0.10133347 0.99358690 0.58806896
0.00000000 0.00000000 0.00000000 1.00000000
183 2.388353 0.142478
0.94191808 -0.02377582 -0.33500153 -0.39686123
-0.02244392 0.99080580 -0.13342568 0.12267214
0.33509368 0.13319629 0.93272293 0.36382627
0.00000000 0.00000000 0.00000000 1.00000000
184 1.886993 0.053063
0.96423203 -0.19243753 0.18227664 -1.83664799
0.21013576 0.97412813 -0.08317280 0.23713863
-0.16155511 0.11850020 0.97972351 -0.03636050
0.00000000 0.00000000 0.00000000 1.00000000
185 1.245527 0.029689
0.65656388 -0.25347137 0.71040517 -2.14042330
0.42802012 0.90071738 -0.07420662 0.04516071
-0.62106520 0.35278878 0.69986945 0.75325942
0.00000000 0.00000000 0.00000000 1.00000000
186 0.971564 0.037033
0.31075370 -0.30818817 0.89913964 -2.09846020
0.50808001 0.85334074 0.11689058 -0.17063433
-0.80329692 0.42051065 0.42176306 1.08449960
0.00000000 0.00000000 0.00000000 1.00000000
187 2.150131 0.044716
0.70196277 0.31210634 -0.64018655 1.62388551
-0.38330790 0.92314184 0.02975830 0.26361144
0.60026991 0.22449985 0.76764357 -0.12625325
0.00000000 0.00000000 0.00000000 1.00000000
188 0.000000 0.021085
0.82387674 0.20854752 -0.52700663 1.31066024
-0.32869440 0.93331265 -0.14452073 0.24459893
0.46172243 0.29229203 0.83748245 0.15452182
0.00000000 0.00000000 0.00000000 1.00000000
189 1.974371 0.031941
0.96573716 0.03755967 -0.25678924 0.89683813
-0.12726055 0.93087935 -0.34244674 0.22492276
0.22617726 0.36339372 0.90376413 0.24641025
0.00000000 0.00000000 0.00000000 1.00000000
190 0.812288 0.018812
0.95931786 -0.08116092 -0.27041495 0.54335922
0.00208356 0.95980042 -0.28067753 0.18490672
0.28232405 0.26869634 0.92092156 0.39157057
0.00000000 0.00000000 0.00000000 1.00000000
191 2.656676 0.046602
0.67955488 0.13077404 -0.72187483 1.65091205
-0.10991415 0.99102682 0.07606298 0.24642523
0.72534394 0.02765545 0.68783092 -0.22821963
0.00000000 0.00000000 0.00000000 1.00000000
192 4.402554 0.110540
0.71174061 0.16182014 -0.68354940 1.14318156
-0.27431083 0.95986605 -0.05838984 -0.15337242
0.64666784 0.22906291 0.72756511 0.10392129
0.00000000 0.00000000 0.00000000 1.00000000
193 2.032977 0.057793
0.88702416 0.35650754 -0.29340985 -0.75139534
-0.32523629 0.93349773 0.15100512 0.22143248
0.32773232 -0.03851718 0.94398504 -0.02650690
0.00000000 0.00000000 0.00000000 1.00000000
194 0.921111 0.017461
0.94500673 0.27964771 -0.16958719 -0.53227150
-0.26194534 0.95765537 0.11950240 0.22255628
0.19582433 -0.06850772 0.97824311 -0.27143764
0.00000000 0.00000000 0.00000000 1.00000000
195 0.000000 0.012255
0.96927547 0.23310906 -0.07852587 -0.26941991
-0.22469364 0.96897292 0.10297672 0.23959717
0.10009432 -0.08216834 0.99157971 -0.28588915
0.00000000 0.00000000 0.00000000 1.00000000
196 0.000000 0.022299
0.92062151 0.33900630 -0.19372994 -0.03103857
-0.33382082 0.94073564 0.05983949 0.41903195
0.20253393 0.00958168 0.97922885 -0.55638444
0.00000000 0.00000000 0.00000000 1.00000000
197 68.348077 1.366976
-0.00794396 -0.44572809 0.89513326 -2.26296282
0.30785820 0.85059285 0.42628130 -0.86355317
-0.95139951 0.27896017 0.13046420 2.67479467
0.00000000 0.00000000 0.00000000 1.00000000
198 2.157038 0.055484
0.53785849 -0.28754202 0.79248214 -1.82442951
