0 0.682423 0.045307
0.99931002 0.03371123 0.01557121 -0.69775224
-0.03462029 0.99745333 0.06234568 0.19209233
-0.01342989 -0.06284255 0.99793279 -0.18808961
0.00000000 0.00000000 0.00000000 1.00000000
1 0.934608 0.039645
0.97386712 0.22436720 -0.03526208 -0.40047574
-0.22323512 0.97419423 0.03334886 0.32420889
0.04183435 -0.02460515 0.99882162 -0.40219831
0.00000000 0.00000000 0.00000000 1.00000000
2 0.331022 0.019753
0.98574084 0.15068190 0.07489742 -0.16319305
-0.15242019 0.98815078 0.01802558 0.34451208
-0.07129406 -0.02918547 0.99702787 -0.66787350
0.00000000 0.00000000 0.00000000 1.00000000
3 0.909567 0.032339
0.97766620 0.10532330 0.18186882 0.02193070
-0.11124516 0.99353522 0.02264220 0.34693122
-0.17830810 -0.04236796 0.98306251 -0.72476077
0.00000000 0.00000000 0.00000000 1.00000000
4 2.707615 0.035767
0.97858351 0.20014948 0.04810742 0.33285365
-0.19800138 0.97912502 -0.04593959 0.52110231
-0.05629813 0.03543082 0.99778575 -0.94642651
0.00000000 0.00000000 0.00000000 1.00000000
5 2.432687 0.064654
0.87784505 0.36665046 -0.30814970 0.65831131
-0.40576330 0.91115499 -0.07179001 0.59187007
0.25445017 0.18805674 0.94862604 -0.85703373
0.00000000 0.00000000 0.00000000 1.00000000
6 1.006388 0.029313
0.81416821 0.42358431 -0.39712372 0.06522000
-0.38728333 0.90575355 0.17211121 0.16361824
0.43259978 0.01367188 0.90148246 -0.31112766
0.00000000 0.00000000 0.00000000 1.00000000
7 0.275536 0.008789
0.99724203 -0.06016424 0.04346514 0.11284798
0.06100293 0.99797094 -0.01823041 0.05421349
-0.04228029 0.02083123 0.99888825 -0.12289453
0.00000000 0.00000000 0.00000000 1.00000000
8 2.523364 0.081891
0.76781780 -0.09880424 0.63300371 -2.38971329
0.10210963 0.99427986 0.03133976 0.02066010
-0.63247883 0.04057336 0.77351463 0.94353104
0.00000000 0.00000000 0.00000000 1.00000000
9 0.922385 0.096621
0.29367390 -0.31069160 0.90400493 -2.03136683
0.32197395 0.92259526 0.21248470 -0.30305594
-0.90004873 0.22866446 0.37097746 1.55229735
0.00000000 0.00000000 0.00000000 1.00000000
10 2.931713 0.171168
0.19403543 -0.29726678 0.93487108 -2.12678027
0.33526152 0.91569752 0.22158656 -0.01571684
-0.92192775 0.27043068 0.27733988 1.20557320
0.00000000 0.00000000 0.00000000 1.00000000
11 1.589054 0.115337
0.24571058 -0.30451089 0.92027092 -2.26502943
0.30562776 0.92528927 0.22456978 0.27800500
-0.91989958 0.22608083 0.32042021 0.62718499
0.00000000 0.00000000 0.00000000 1.00000000
12 0.836966 0.035278
0.95846820 -0.09700221 0.26819366 0.24202408
0.10909396 0.99356234 -0.03052092 0.23083708
-0.26350614 0.05851108 0.96288085 -0.43345904
0.00000000 0.00000000 0.00000000 1.00000000
13 4.426690 0.190823
-0.22240341 -0.51209503 0.82963622 -2.17152119
0.48544151 0.67980134 0.54974282 -0.23179758
-0.84550810 0.52500403 0.09740219 0.50899363
0.00000000 0.00000000 0.00000000 1.00000000
14 4.128060 0.129282
-0.65090561 -0.38924527 0.65177459 -1.69523084
0.56418562 0.32642794 0.75837898 -1.01132429
-0.50795245 0.86135519 0.00713339 1.14256442
0.00000000 0.00000000 0.00000000 1.00000000
15 0.000000 0.032394
0.35108057 0.50765723 -0.78678226 1.60090804
-0.68383682 0.71300054 0.15490705 0.42107171
0.63961625 0.48364586 0.59747547 0.00744629
0.00000000 0.00000000 0.00000000 1.00000000
16 1.446180 0.034745
0.64492172 0.41727605 -0.64027917 1.09778976
-0.59924436 0.79606390 -0.08478692 0.47627214
0.47432378 0.43836510 0.76344883 0.03389835
0.00000000 0.00000000 0.00000000 1.00000000
17 2.785724 0.081999
0.71039593 0.31764844 -0.62804180 0.64151525
-0.47528532 0.87466311 -0.09522542 0.44755116
0.51907724 0.36614656 0.77233088 0.12967455
0.00000000 0.00000000 0.00000000 1.00000000
18 0.872228 0.031834
0.93317008 -0.14683355 0.32807574 0.01567501
0.11254963 0.98621905 0.12125808 0.43550089
-0.34135965 -0.07623008 0.93683648 -0.71341324
0.00000000 0.00000000 0.00000000 1.00000000
19 1.888444 0.084223
0.96124285 -0.01323006 0.27538496 0.44616985
-0.10163401 0.91149914 0.39854720 0.10458410
-0.25628591 -0.41108906 0.87482768 -0.21848822
0.00000000 0.00000000 0.00000000 1.00000000
20 1.299654 0.050506
0.98026961 0.10398187 -0.16810340 0.23041926
-0.09127296 0.99247229 0.08165753 0.44364882
0.17532885 -0.06470296 0.98238158 -0.51685548
0.00000000 0.00000000 0.00000000 1.00000000
21 1.309255 0.053971
0.93964541 0.25922459 -0.22331323 0.04972619
-0.22834268 0.96117318 0.15493393 0.20350483
0.25480586 -0.09459165 0.96235466 -0.35982823
0.00000000 0.00000000 0.00000000 1.00000000
22 0.634890 0.033119
0.95467794 0.18829954 -0.23050420 -0.31170100
-0.16752119 0.98006594 0.10679430 0.02762499
0.24601912 -0.06334096 0.96719277 -0.38708830
0.00000000 0.00000000 0.00000000 1.00000000
23 0.576073 0.039841
0.99570560 0.08892803 -0.02576281 -0.81265837
-0.08661190 0.99300849 0.08020413 0.15718514
0.03271531 -0.07762814 0.99644554 -0.06267881
0.00000000 0.00000000 0.00000000 1.00000000
24 0.789319 0.027497
0.95738572 0.28134865 -0.06523630 -0.53738201
-0.27728772 0.95859754 0.06482479 0.30022508
0.08077361 -0.04397306 0.99576211 -0.28158498
0.00000000 0.00000000 0.00000000 1.00000000
25 0.316518 0.013564
0.97543079 0.21629509 0.04183304 -0.27786773
-0.21799421 0.97506672 0.04149416 0.32345676
-0.03181520 -0.04959476 0.99826241 -0.53269231
0.00000000 0.00000000 0.00000000 1.00000000
26 1.159272 0.022334
0.97623628 0.16492394 0.14057779 -0.06058100
-0.17207462 0.98426127 0.04024854 0.33494276
-0.13172756 -0.06348188 0.98925120 -0.57670569
0.00000000 0.00000000 0.00000000 1.00000000
27 2.551749 0.039688
0.96394140 0.26571503 0.01459472 0.22007138
-0.26536524 0.96389282 -0.02219278 0.49930614
-0.01996455 0.01752010 0.99964726 -0.81391501
0.00000000 0.00000000 0.00000000 1.00000000
28 2.675617 0.047252
0.78493249 -0.07207364 0.61537498 -2.40522957
0.03904021 0.99699044 0.06697065 -0.05871052
-0.61835039 -0.02854335 0.78538400 1.12191951
0.00000000 0.00000000 0.00000000 1.00000000
29 1.148077 0.071840
0.33634886 -0.28536457 0.89746094 -1.97774053
0.25926554 0.94421726 0.20306498 -0.32410699
-0.90534580 0.16437975 0.39157146 1.74221408
0.00000000 0.00000000 0.00000000 1.00000000
30 1.685395 0.107482
0.23276788 -0.29976809 0.92518044 -2.05693293
0.28152594 0.93134940 0.23093727 -0.07258365
-0.93089330 0.20670789 0.30118051 1.38398552
0.00000000 0.00000000 0.00000000 1.00000000
31 0.798684 0.058838
0.27764189 -0.28881148 0.91624415 -2.19631147
0.23409694 0.94533062 0.22704320 0.23268776
-0.93172681 0.15145293 0.33007324 0.82711506
0.00000000 0.00000000 0.00000000 1.00000000
32 0.907413 0.017742
0.96922851 -0.04582976 0.24185765 0.13573094
0.05169716 0.99850070 -0.01796870 0.18235239
-0.24067134 0.02991915 0.97014523 -0.27507532
0.00000000 0.00000000 0.00000000 1.00000000
33 2.791199 0.111782
-0.17894599 -0.51171607 0.84031284 -2.04765034
0.45964718 0.71167606 0.53126574 -0.23442098
-0.86988676 0.48131460 0.10785663 0.67406917
0.00000000 0.00000000 0.00000000 1.00000000
34 3.857829 0.122681
-0.60418695 -0.43902636 0.66499060 -1.51353037
0.57507092 0.33744270 0.74526864 -0.99420941
-0.55158842 0.83269882 0.04859355 1.16005003
0.00000000 0.00000000 0.00000000 1.00000000
35 0.760533 0.019950
0.95205909 -0.09193917 0.29177305 -0.05565619
0.05301701 0.98892677 0.13862114 0.38893351
-0.30128664 -0.11650641 0.94638932 -0.54723048
0.00000000 0.00000000 0.00000000 1.00000000
36 2.257067 0.067148
0.98234177 0.02949610 0.18475586 0.38777378
-0.09951907 0.91858476 0.38249090 0.09340531
-0.15843225 -0.39412349 0.90529907 0.27384877
0.00000000 0.00000000 0.00000000 1.00000000
37 0.389668 0.020374
0.96542513 0.04373224 0.25698736 0.33626318
-0.15565380 0.88750213 0.43371609 0.07876348
-0.20910990 -0.45872107 0.86362481 -0.03979564
0.00000000 0.00000000 0.00000000 1.00000000
38 2.022940 0.071446
0.97045398 0.15480852 -0.18507694 0.02684206
-0.13749233 0.98512614 0.10306892 0.42419699
0.19828025 -0.07457647 0.97730416 -0.41941452
0.00000000 0.00000000 0.00000000 1.00000000
39 0.696050 0.025233
0.91317713 0.31500489 -0.25861120 -0.11546615
-0.27327001 0.94399917 0.18490916 0.18869753
0.30237594 -0.09818220 0.94811928 -0.27366686
0.00000000 0.00000000 0.00000000 1.00000000
40 0.125115 0.006835
0.97783875 0.19806100 -0.06783821 0.25343144
-0.19979121 0.97964060 -0.01967540 -0.01614755
0.06256038 0.03279245 0.99750197 -0.18133473
0.00000000 0.00000000 0.00000000 1.00000000
41 0.424285 0.014603
0.98928136 0.13798895 0.04775666 0.52668709
-0.13610131 0.98985529 -0.04076052 0.05728367
-0.05289714 0.03382277 0.99802637 -0.52026939
0.00000000 0.00000000 0.00000000 1.00000000
42 1.533911 0.080585
0.97904915 0.10591981 0.17390499 0.69052720
-0.10053118 0.99414814 -0.03953090 0.07771897
-0.17707460 0.02121967 0.98396868 -0.67131042
0.00000000 0.00000000 0.00000000 1.00000000
43 2.514038 0.048513
0.98054785 0.19462064 0.02548041 0.97850966
-0.19125709 0.97654760 -0.09887716 0.16113281
-0.04412637 0.09208065 0.99477369 -0.81252396
0.00000000 0.00000000 0.00000000 1.00000000
44 1.984259 0.025053
0.88267589 0.33821034 -0.32633913 1.11634707
-0.39691362 0.90827972 -0.13224334 0.13857085
0.25168127 0.24625671 0.93595642 -0.53964221
0.00000000 0.00000000 0.00000000 1.00000000
45 1.652327 0.033160
0.61830395 0.41237253 -0.66906619 1.19408906
-0.52987671 0.84744722 0.03264195 -0.13200009
0.58045793 0.33434024 0.74248600 -0.04672575
0.00000000 0.00000000 0.00000000 1.00000000
46 1.955247 0.033247
0.34639734 0.38573992 -0.85510993 1.02820063
-0.45516953 0.86616552 0.20634180 -0.18230580
0.82026142 0.31774414 0.47561458 0.40242672
0.00000000 0.00000000 0.00000000 1.00000000
47 0.000000 0.048498
0.58515823 0.36744678 -0.72289151 0.92125422
-0.39365441 0.90807933 0.14292634 -0.12646651
0.70896113 0.20093447 0.67601764 0.27436590
0.00000000 0.00000000 0.00000000 1.00000000
48 0.000000 0.022135
0.80922222 0.36445707 -0.46079168 0.55384427
-0.35387665 0.92845452 0.11288533 -0.23461264
0.46896672 0.07171369 0.88029939 0.20058107
0.00000000 0.00000000 0.00000000 1.00000000
49 0.900921 0.083851
0.82821000 0.22006911 -0.51540148 0.18651110
-0.28101510 0.95877659 -0.04218516 -0.15731555
0.48487058 0.17977443 0.85591060 0.80324078
0.00000000 0.00000000 0.00000000 1.00000000
50 0.000000 0.038432
0.95522761 0.05982286 0.28976017 -1.57929516
-0.01583654 0.98827958 -0.15182969 0.04166710
-0.29544717 0.14044279 0.94497919 0.46815228
0.00000000 0.00000000 0.00000000 1.00000000
51 1.401094 0.067012
0.78750992 -0.10738413 0.60687554 -1.65443182
0.15086567 0.98833430 -0.02088928 -0.08281270
-0.59755170 0.10800746 0.79452300 0.60701108
0.00000000 0.00000000 0.00000000 1.00000000
52 3.787342 0.131380
0.34298697 -0.24316674 0.90732014 -1.56971979
0.32851040 0.93596858 0.12666041 -0.16481289
-0.88002348 0.25462127 0.40090764 0.90569603
0.00000000 0.00000000 0.00000000 1.00000000
53 2.231252 0.037144
0.17104816 0.50967503 -0.84319276 1.79981172
-0.62312543 0.71887094 0.30812132 -0.16001084
0.76318884 0.47271115 0.44055271 0.26998258
0.00000000 0.00000000 0.00000000 1.00000000
54 1.489378 0.010735
0.36276528 0.43392390 -0.82468897 1.60482395
-0.64495015 0.75568748 0.11391649 -0.14636385
0.67263782 0.49055824 0.55399644 0.49647295
0.00000000 0.00000000 0.00000000 1.00000000
55 1.173032 0.015498
0.64155793 0.36001706 -0.67734063 1.37283182
-0.59156287 0.79434228 -0.13810673 -0.12707122
0.48831984 0.48929316 0.72258991 0.47799540
0.00000000 0.00000000 0.00000000 1.00000000
56 0.940036 0.030160
0.68249488 0.25340348 -0.68555671 1.03898692
-0.46630013 0.87324679 -0.14143687 -0.09575355
0.56281966 0.41620451 0.71414828 0.66522944
0.00000000 0.00000000 0.00000000 1.00000000
57 1.804935 0.090884
0.95883399 -0.02766827 0.28261620 1.09271038
-0.06976856 0.94178158 0.32890612 -0.02942067
-0.27526337 -0.33508396 0.90108204 -0.18231630
0.00000000 0.00000000 0.00000000 1.00000000
58 1.017603 0.028906
0.99107260 -0.06123982 0.11842477 0.28731677
0.06281623 0.99797881 -0.00962159 0.03849964
-0.11759605 0.01697472 0.99291646 -0.31543970
0.00000000 0.00000000 0.00000000 1.00000000
59 1.360275 0.027565
0.97224426 -0.09858710 0.21218321 0.55283022
0.10495301 0.99429685 -0.01892352 0.09311447
-0.20910776 0.04066703 0.97704637 -0.42029262
0.00000000 0.00000000 0.00000000 1.00000000
60 2.418161 0.028299
0.99571443 -0.00328773 0.09243318 0.75149637
0.01127727 0.99622762 -0.08604643 0.17982368
-0.09180143 0.08672073 0.99199426 -0.60576510
0.00000000 0.00000000 0.00000000 1.00000000
61 3.051719 0.041532
0.95351434 0.15038198 -0.26114345 0.83140260
-0.18656838 0.97512525 -0.11968401 0.16619885
0.23664939 0.16284195 0.95785207 -0.42554414
0.00000000 0.00000000 0.00000000 1.00000000
62 0.000000 0.074339
0.68953311 0.25762990 -0.67688370 0.64197773
-0.21265095 0.96541822 0.15082437 -0.03510157
0.69233227 0.03994191 0.72047269 0.24449277
0.00000000 0.00000000 0.00000000 1.00000000
63 0.546797 0.026084
0.89727199 0.20771606 -0.38956073 0.24229112
-0.17059864 0.97699153 0.12799895 -0.16736697
0.40718475 -0.04839119 0.91206294 0.25684118
0.00000000 0.00000000 0.00000000 1.00000000
64 2.001152 0.134258
0.87852615 0.05259064 -0.47479081 -0.07584769
-0.07951379 0.99615490 -0.03678766 -0.11688706
0.47103050 0.07007107 0.87932968 0.86881948
0.00000000 0.00000000 0.00000000 1.00000000
65 0.905254 0.030526
0.92320812 -0.14620185 0.35540378 -1.76339626
0.20123705 0.97179234 -0.12297714 -0.00973356
-0.32739890 0.18505377 0.92658782 0.73245120
0.00000000 0.00000000 0.00000000 1.00000000
66 1.172364 0.058913
0.70043969 -0.27858263 0.65709680 -1.72675633
0.34800705 0.93712187 0.02634001 -0.15781510
-0.62311739 0.21022505 0.75334597 0.91109383
0.00000000 0.00000000 0.00000000 1.00000000
67 2.759886 0.089870
0.20403418 -0.33394393 0.92024511 -1.48736691
0.51080376 0.83822668 0.19092585 -0.27036944
-0.83513403 0.43110940 0.34160709 1.20488405
0.00000000 0.00000000 0.00000000 1.00000000
68 4.492308 0.177279
0.08951074 -0.32430804 0.94170696 -1.59881747
0.54078990 0.80981255 0.22748196 0.01604386
-0.83638078 0.48890376 0.24787028 0.79879403
0.00000000 0.00000000 0.00000000 1.00000000
69 2.021004 0.037888
0.49653694 0.37220901 -0.78416353 1.35523510
-0.48331025 0.86895716 0.10642257 -0.01177625
0.72101521 0.32615209 0.61136132 0.43898642
0.00000000 0.00000000 0.00000000 1.00000000
70 1.575946 0.033803
0.74457985 0.24643855 -0.62037778 1.04919934
-0.41657776 0.89772516 -0.14336699 -0.03791054
0.52159733 0.36518398 0.77108872 0.47148275
0.00000000 0.00000000 0.00000000 1.00000000
71 1.825206 0.037648
0.76428109 0.11358142 -0.63480204 0.73093188
-0.26264244 0.95385283 -0.14554602 -0.02664876
0.58897656 0.27796403 0.75884295 0.66415620
0.00000000 0.00000000 0.00000000 1.00000000
72 2.473855 0.085363
0.92097831 -0.22729778 0.31644207 0.99631393
0.10622087 0.92790610 0.35736156 0.03945345
-0.37485600 -0.29550937 0.87872458 0.07515311
0.00000000 0.00000000 0.00000000 1.00000000
73 0.570612 0.005058
0.99403590 -0.04000952 0.10145043 0.28597924
0.04080862 0.99915004 -0.00581062 0.02982551
-0.10113201 0.00991654 0.99482352 -0.07485366
0.00000000 0.00000000 0.00000000 1.00000000
74 1.956247 0.025322
0.99808377 0.05632002 -0.02566815 0.46169230
-0.05775776 0.99657160 -0.05923766 0.12186544
0.02224391 0.06060767 0.99791437 -0.29686081
0.00000000 0.00000000 0.00000000 1.00000000
75 2.506865 0.035867
0.90954602 0.22663480 -0.34837195 0.41870242
-0.26678866 0.96111453 -0.07129000 0.17773381
0.31866837 0.15778300 0.93464196 -0.25439012
0.00000000 0.00000000 0.00000000 1.00000000
76 1.755689 0.027588
0.84433186 0.25351936 -0.47205049 -0.19356889
-0.19113024 0.96553171 0.17668241 -0.10932210
0.50057268 -0.05895567 0.86368465 0.35095859
0.00000000 0.00000000 0.00000000 1.00000000
77 4.870012 0.078194
0.76201129 -0.21845672 0.60960221 -1.86058414
0.24698767 0.96826291 0.03824720 -0.35266149
-0.59861124 0.12141942 0.79178405 1.36562157
0.00000000 0.00000000 0.00000000 1.00000000
78 1.562227 0.041492
0.30969664 -0.32757613 0.89262605 -1.32732677
0.46504301 0.87101924 0.15829924 -0.42079508
-0.82935107 0.36608475 0.42208853 1.59517908
0.00000000 0.00000000 0.00000000 1.00000000
79 2.255506 0.087450
0.20450766 -0.30229333 0.93101811 -1.41161692
0.49241382 0.85378534 0.16905244 -0.10720430
-0.84599316 0.42387366 0.32345933 1.17271864
0.00000000 0.00000000 0.00000000 1.00000000
80 2.189637 0.088971
0.26462534 -0.29171079 0.91917211 -1.52918816
0.45189899 0.87953204 0.14903022 0.21623181
-0.85191429 0.37593558 0.36457032 0.63113725
0.00000000 0.00000000 0.00000000 1.00000000
81 4.542001 0.059907
0.40171987 0.45586887 -0.79423243 0.92260766
-0.58049387 0.79754639 0.16415930 0.20038432
0.70827192 0.39510158 0.58501905 0.28859568
0.00000000 0.00000000 0.00000000 1.00000000
82 2.596763 0.046255
0.97574586 -0.16548912 0.14329717 0.81489491
0.10801866 0.93333960 0.34235889 -0.00442538
-0.19040218 -0.31857601 0.92857772 0.82487214
0.00000000 0.00000000 0.00000000 1.00000000
83 1.847585 0.054910
0.96436167 -0.16753140 0.20479020 0.79346347
0.08088331 0.92361403 0.37469417 0.04963222
-0.25191993 -0.34477654 0.90424848 0.45707130
0.00000000 0.00000000 0.00000000 1.00000000
84 2.739669 0.096939
0.98197532 -0.14717138 0.11859636 0.68625569
0.10003214 0.93705070 0.33456081 0.11874405
-0.16036852 -0.31666616 0.93488234 0.03459644
0.00000000 0.00000000 0.00000000 1.00000000
85 1.716232 0.064189
0.96416050 -0.16094521 0.21092924 0.58325064
0.08302072 0.93808877 0.33629990 0.12773028
-0.25199610 -0.30673540 0.91782987 -0.45969021
0.00000000 0.00000000 0.00000000 1.00000000
86 1.497763 0.064930
0.99608684 -0.06424298 -0.06068280 0.82226777
0.07893442 0.95554823 0.28406781 0.21894653
0.03973600 -0.28774741 0.95688152 -0.62607920
0.00000000 0.00000000 0.00000000 1.00000000
87 1.182998 0.017270
0.98724675 0.09859496 -0.12499119 0.16430435
-0.10497203 0.99343342 -0.04549101 0.12699242
0.11968537 0.05803135 0.99111402 -0.25504851
0.00000000 0.00000000 0.00000000 1.00000000
88 2.643973 0.036634
0.86283076 0.24382693 -0.44279969 0.12614340
-0.29171160 0.95557314 -0.04223859 0.25308830
0.41282892 0.16561472 0.89562500 -0.30653787
0.00000000 0.00000000 0.00000000 1.00000000
89 2.386877 0.040147
0.82172322 -0.25609869 0.50910056 -2.01561236
0.28796953 0.95749044 0.01685360 -0.44262019
-0.49177617 0.13275634 0.86054111 1.57020903
0.00000000 0.00000000 0.00000000 1.00000000
90 2.715844 0.059097
0.41601971 -0.30407375 0.85701090 -1.36098123
0.43383685 0.89463711 0.10682684 -0.54110795
-0.79919666 0.32736105 0.50410515 1.85791874
0.00000000 0.00000000 0.00000000 1.00000000
91 2.437831 0.086489
0.31131876 -0.29516232 0.90330517 -1.42121136
0.47127378 0.87337393 0.12296053 -0.24849513
-0.82521683 0.38742417 0.41099977 1.42840719
0.00000000 0.00000000 0.00000000 1.00000000
92 2.640713 0.098542
0.37729019 -0.29591551 0.87754571 -1.55148888
0.43766168 0.89205617 0.11264196 0.08078326
-0.81615239 0.34156939 0.46607473 0.87463558
0.00000000 0.00000000 0.00000000 1.00000000
93 93.168225 1.723564
0.97487664 0.17374912 -0.13938130 -0.41111076
-0.17829962 0.98375762 -0.02075741 0.68387556
0.13351126 0.04508732 0.99002194 -0.48994553
0.00000000 0.00000000 0.00000000 1.00000000
94 2.394246 0.041091
0.99006271 -0.13358730 0.04394476 0.53006619
0.11060953 0.93269539 0.34328720 -0.04102916
-0.08684535 -0.33501461 0.93820220 0.92479646
0.00000000 0.00000000 0.00000000 1.00000000
95 2.026034 0.045811
0.98698086 -0.11654294 0.11084265 0.51543534
0.06713694 0.92478263 0.37452745 0.02084318
-0.14615391 -0.36220941 0.92056715 0.58186364
0.00000000 0.00000000 0.00000000 1.00000000
96 2.459891 0.071529
0.99479949 -0.10050099 0.01657256 0.41301680
0.08884923 0.93574786 0.34129596 0.06678492
-0.04980801 -0.33804792 0.93981028 0.13316321
0.00000000 0.00000000 0.00000000 1.00000000
97 1.775639 0.062941
0.98721218 -0.11173801 0.11369957 0.31283280
0.06762198 0.93940854 0.33606452 0.10404050
-0.14436156 -0.32407787 0.93495119 -0.33567965
0.00000000 0.00000000 0.00000000 1.00000000
98 1.190912 0.047250
0.98541546 -0.03773567 -0.16592653 0.53148174
0.08624405 0.95133746 0.29583454 0.16850938
0.14668870 -0.30583069 0.94071782 -0.58838630
0.00000000 0.00000000 0.00000000 1.00000000
99 2.159577 0.113006
0.94677383 0.00387646 -0.32187715 0.60819483
0.08023010 0.96553010 0.24761665 0.30250978
0.31174186 -0.26026139 0.91382766 -0.76570213
0.00000000 0.00000000 0.00000000 1.00000000
100 0.804056 0.009242
0.92488539 0.18767506 -0.33070287 -0.10326701
-0.20756721 0.97788703 -0.02555396 0.16000408
0.31859392 0.09227765 0.94338858 -0.12224567
0.00000000 0.00000000 0.00000000 1.00000000
101 3.008042 0.063327
0.85048556 0.26941273 -0.45176569 -0.67133409
-0.18081692 0.95627546 0.22987884 -0.07589731
0.49394429 -0.11382116 0.86201173 0.42667651
0.00000000 0.00000000 0.00000000 1.00000000
102 2.354015 0.047577
0.95058721 -0.15037245 0.27160865 -2.32064056
0.16834231 0.98474723 -0.04398051 -0.35089850
-0.26085243 0.08753034 0.96140242 1.49643171
0.00000000 0.00000000 0.00000000 1.00000000
103 3.004786 0.059497
0.73031443 -0.33964279 0.59269148 -1.94293547
0.35267606 0.93052834 0.09867221 -0.56856811
-0.58502960 0.13696676 0.79936177 1.85519683
0.00000000 0.00000000 0.00000000 1.00000000
104 1.497502 0.042580
0.25430930 -0.41727477 0.87247217 -1.12246096
0.52840871 0.81552398 0.23601660 -0.71077120
-0.81000543 0.40100130 0.42788774 2.04822969
0.00000000 0.00000000 0.00000000 1.00000000
105 4.508933 0.109481
0.18540221 -0.35251430 0.91725641 -1.16060412
0.52574837 0.82418829 0.21047890 -0.33626398
-0.83018994 0.44322312 0.33814004 1.58174610
0.00000000 0.00000000 0.00000000 1.00000000
106 3.809817 0.133018
0.24847636 -0.38187686 0.89018482 -1.28008568
0.52585083 0.82497329 0.20712174 -0.02468978
-0.81347352 0.41663969 0.40579706 1.01203728
0.00000000 0.00000000 0.00000000 1.00000000
107 8.987955 0.114137
0.44434589 0.51519859 -0.73289019 0.42821965
-0.58861357 0.78462088 0.19469176 0.45399457
0.67534578 0.34487802 0.65189528 0.11757874
0.00000000 0.00000000 0.00000000 1.00000000
108 4.078039 0.064324
0.67038828 0.34670994 -0.65602797 0.12406069
-0.47813651 0.87794125 -0.02461177 0.15083627
0.56742102 0.33017045 0.75433576 0.44214582
0.00000000 0.00000000 0.00000000 1.00000000
109 3.430567 0.078875
0.70891643 0.20909503 -0.67358446 -0.25331300
-0.32249919 0.94545466 -0.04592606 0.05701756
0.62724042 0.24978861 0.73768216 0.57363939
0.00000000 0.00000000 0.00000000 1.00000000
110 3.927252 0.046495
0.96486878 -0.22167230 0.14102904 0.46332937
0.14681119 0.90005577 0.41029927 -0.08363438
-0.21788636 -0.37518024 0.90098011 1.24147284
0.00000000 0.00000000 0.00000000 1.00000000
111 3.119603 0.049510
0.95058435 -0.22211124 0.21692151 0.45074132
0.11054693 0.89505607 0.43203381 -0.00027257
-0.29011634 -0.38670534 0.87538081 0.90652061
0.00000000 0.00000000 0.00000000 1.00000000
112 3.755463 0.083020
0.97201103 -0.19164383 0.13589384 0.30500436
0.12360257 0.90906161 0.39790636 0.04529372
-0.19979259 -0.36997262 0.90730548 0.44776559
0.00000000 0.00000000 0.00000000 1.00000000
113 4.987824 0.056065
0.21307050 0.42815977 -0.87822556 0.43741292
-0.47063529 0.83268791 0.29177609 0.00569838
0.85621405 0.35115513 0.37892854 -0.09079134
0.00000000 0.00000000 0.00000000 1.00000000
114 1.060909 0.050795
0.90125477 0.21040058 -0.37877405 -0.03077816
-0.18409723 0.97730118 0.10482651 0.00771192
0.39223284 -0.02474505 0.91953278 0.01749480
0.00000000 0.00000000 0.00000000 1.00000000
115 1.884294 0.045280
0.71447039 0.33507317 -0.61421382 -0.15181327
-0.18774083 0.93748534 0.29304338 0.05701280
0.67400724 -0.09405781 0.73271233 0.04134905
0.00000000 0.00000000 0.00000000 1.00000000
116 2.431721 0.057858
0.87569052 0.21622355 -0.43175659 -0.31965715
-0.10421756 0.95769829 0.26823977 -0.02388780
0.47149223 -0.18989846 0.86118162 0.23019004
0.00000000 0.00000000 0.00000000 1.00000000
117 2.225280 0.022271
0.98812610 0.08672254 -0.12683469 -0.64868605
-0.05164478 0.96492147 0.25741112 -0.20537770
0.14470807 -0.24780330 0.95794225 0.57460666
0.00000000 0.00000000 0.00000000 1.00000000
118 2.613892 0.027663
0.98091143 -0.02956852 -0.19219258 -1.06387842
0.05450609 0.99055767 0.12579072 -0.29910412
0.18665859 -0.13386601 0.97326159 1.10051072
0.00000000 0.00000000 0.00000000 1.00000000
119 120.226694 1.665698
-0.29636297 -0.89133650 0.34305787 0.32557940
0.85325456 -0.40847760 -0.32419419 -0.28227010
0.42909706 0.19663656 0.88159513 0.85446501
0.00000000 0.00000000 0.00000000 1.00000000
120 2.793582 0.046530
0.75893223 -0.34381604 0.55300200 -2.13589096
0.34871617 0.93179739 0.10074872 -0.44638401
-0.54992539 0.11637933 0.82706565 1.53016472
0.00000000 0.00000000 0.00000000 1.00000000
121 2.907980 0.075251
0.45693338 -0.48710698 0.74427086 -1.69063234
0.47744423 0.84028935 0.25682950 -0.58344895
-0.75050610 0.23799376 0.61652267 1.74130607
0.00000000 0.00000000 0.00000000 1.00000000
122 3.784238 0.100045
-0.10663421 -0.49268997 0.86364675 -0.92385340
0.55222732 0.69297028 0.46350700 -0.64698726
-0.82684660 0.52635527 0.19818349 1.82963657
0.00000000 0.00000000 0.00000000 1.00000000
123 1.794496 0.042346
0.59193558 0.53181779 -0.60562557 0.72763664
-0.43725052 0.84311569 0.31299782 0.35038576
0.67707044 0.07953522 0.73160774 -0.11733341
0.00000000 0.00000000 0.00000000 1.00000000
124 1.238911 0.045146
0.73491663 0.37841764 -0.56275868 0.44207013
-0.37524909 0.91813606 0.12734044 0.19121011
0.56487644 0.11759007 0.81675446 0.28928423
0.00000000 0.00000000 0.00000000 1.00000000
125 2.817167 0.057811
0.90675420 0.19637302 -0.37314016 0.15235154
-0.24702941 0.96456563 -0.09267318 -0.05316421
0.34171981 0.17620766 0.92313457 0.57210863
0.00000000 0.00000000 0.00000000 1.00000000
126 1.954846 0.041598
0.91423970 0.07319501 -0.39850807 -0.21261016
-0.09862818 0.99416578 -0.04366714 -0.14535034
0.39298689 0.07922676 0.91612488 0.70060933
0.00000000 0.00000000 0.00000000 1.00000000
127 2.930377 0.024989
0.58292711 0.38525945 -0.71538240 0.32565176
-0.33157527 0.91658896 0.22343320 -0.17865396
0.74179089 0.10695797 0.66204703 0.04697633
0.00000000 0.00000000 0.00000000 1.00000000
128 0.620551 0.015155
0.94212204 0.12229511 -0.31217092 -0.08979830
-0.06804506 0.98146856 0.17913878 0.03159550
0.32829341 -0.14752841 0.93298376 0.03870249
0.00000000 0.00000000 0.00000000 1.00000000
129 1.267949 0.026739
0.99728733 -0.02849884 -0.06786186 -0.28697634
0.04076047 0.98155195 0.18680015 -0.03655826
0.06128656 -0.18905970 0.98005128 0.21120024
0.00000000 0.00000000 0.00000000 1.00000000
130 1.830559 0.046227
0.95832193 -0.14990115 0.24320346 -0.59612036
0.10460194 0.97627962 0.18956810 -0.20373836
-0.26585084 -0.15622851 0.95127046 0.53782320
0.00000000 0.00000000 0.00000000 1.00000000
131 1.720105 0.014281
0.94910151 -0.26002094 0.17774856 -1.00224042
0.24250704 0.96337974 0.11440298 -0.30213517
-0.20098673 -0.06547588 0.97740293 1.08041191
0.00000000 0.00000000 0.00000000 1.00000000
132 3.432051 0.083255
0.98597634 -0.13605440 -0.09664088 -1.18717980
0.14362876 0.98668623 0.07628325 -0.18855324
0.08497523 -0.08909500 0.99239123 0.60707736
0.00000000 0.00000000 0.00000000 1.00000000
133 5.398117 0.157836
0.98817348 0.04609191 -0.14624727 -1.56079137
-0.03855750 0.99779904 0.05394349 0.23547095
0.14841166 -0.04766669 0.98777610 0.14220405
0.00000000 0.00000000 0.00000000 1.00000000
134 7.386658 0.267516
0.99909639 0.02652010 0.03323039 -2.09718943
-0.02784133 0.99881405 0.03994520 0.45569909
-0.03213182 -0.04083429 0.99864918 0.13366199
0.00000000 0.00000000 0.00000000 1.00000000
135 2.778547 0.068201
0.85302800 -0.34331125 0.39304101 -2.27069378
0.30130506 0.93893170 0.16620195 -0.12828910
-0.42609748 -0.02334950 0.90437597 0.58274412
0.00000000 0.00000000 0.00000000 1.00000000
136 0.810359 0.039229
0.39985406 -0.45966414 0.79298496 -2.09133530
0.49755055 0.83544564 0.23339286 -0.46756384
-0.76977873 0.30122641 0.56276280 1.44629669
0.00000000 0.00000000 0.00000000 1.00000000
137 4.102553 0.114812
0.05516772 -0.48481566 0.87287474 -1.68344378
0.53376627 0.75312722 0.38457039 -0.54229575
-0.84383088 0.44469547 0.30032662 1.62908626
0.00000000 0.00000000 0.00000000 1.00000000
138 0.000000 0.012933
0.39907810 0.71740133 -0.57102835 0.93832612
-0.65086734 0.66029710 0.37467635 -0.19716336
0.64583999 0.22213992 0.73044240 0.15822399
0.00000000 0.00000000 0.00000000 1.00000000
139 0.000000 0.018156
0.87828761 0.33115020 -0.34489208 0.76396543
-0.31194448 0.94352889 0.11154839 0.29942840
0.36235571 0.00961503 0.93198991 -0.10552645
0.00000000 0.00000000 0.00000000 1.00000000
140 0.000000 0.013187
0.95531809 0.16174266 -0.24740374 0.48070490
-0.17583187 0.98377037 -0.03579953 0.15728968
0.23759727 0.07770255 0.96825117 0.27723968
0.00000000 0.00000000 0.00000000 1.00000000
141 0.000000 0.016024
0.99820364 -0.05789885 -0.01539375 0.20678422
0.05410454 0.98154718 -0.18339910 -0.07993934
0.02572860 0.18223619 0.98291785 0.53832567
0.00000000 0.00000000 0.00000000 1.00000000
142 0.816613 0.010858
0.98528284 -0.16590743 -0.04115102 -0.15685956
0.16181856 0.98287237 -0.08818591 -0.15919912
0.05507666 0.08022919 0.99525362 0.67376757
0.00000000 0.00000000 0.00000000 1.00000000
143 2.283619 0.062084
0.98049033 -0.07572120 -0.18139040 0.78106672
0.10822620 0.97831184 0.17661268 0.30844402
0.16408485 -0.19279851 0.96742100 -0.58984935
0.00000000 0.00000000 0.00000000 1.00000000
144 0.947087 0.029799
0.86111146 0.17082419 -0.47886071 0.81602496
-0.05605046 0.96802193 0.24453035 0.14842051
0.50531876 -0.18372598 0.84314787 -0.27582610
0.00000000 0.00000000 0.00000000 1.00000000
145 0.743358 0.044934
0.64411271 0.34858823 -0.68088520 0.71078277
-0.25512028 0.93705845 0.23839781 -0.06983785
0.72113240 0.02015215 0.69250327 0.05726647
0.00000000 0.00000000 0.00000000 1.00000000
146 0.470638 0.057181
0.53238755 0.41839862 -0.73587155 0.59402347
-0.34904253 0.90047240 0.25946176 -0.26065090
0.77119017 0.11871678 0.62543851 0.20369172
0.00000000 0.00000000 0.00000000 1.00000000
147 0.000000 0.017854
0.66592562 0.32222730 -0.67283922 0.48735011
-0.29728568 0.94182312 0.15681435 -0.30784777
0.68422520 0.09559882 0.72297782 0.26846063
0.00000000 0.00000000 0.00000000 1.00000000
148 0.449370 0.020862
0.85897070 0.18650642 -0.47684854 0.38725621
-0.17275932 0.98225635 0.07298347 -0.22475392
0.48199978 0.01968929 0.87595004 0.07573366
0.00000000 0.00000000 0.00000000 1.00000000
149 1.035899 0.028201
0.95798391 -0.11435793 0.26303750 -0.21022856
0.10596862 0.99330854 0.04591215 -0.06029829
-0.26652801 -0.01610968 0.96369213 0.14178443
0.00000000 0.00000000 0.00000000 1.00000000
150 1.557208 0.053184
0.81093407 -0.16674261 0.56087637 -0.54846710
0.15359300 0.98558426 0.07093382 -0.23364297
-0.56461918 0.02862316 0.82485485 0.44676661
0.00000000 0.00000000 0.00000000 1.00000000
151 1.494886 0.008714
0.80217880 -0.29754433 0.51766330 -0.93882686
0.32429129 0.94508135 0.04069206 -0.29937226
-0.50134188 0.13523117 0.85461557 0.99214220
0.00000000 0.00000000 0.00000000 1.00000000
152 1.835684 0.046395
0.93870324 -0.19722173 0.28273574 -1.11896443
0.21807756 0.97494072 -0.04396564 -0.17480105
-0.26697955 0.10292891 0.95818979 0.57361794
0.00000000 0.00000000 0.00000000 1.00000000
153 2.627039 0.102737
0.98134255 -0.11173353 0.15646325 -1.45450616
0.12480751 0.98923600 -0.07637089 0.13129586
-0.14624652 0.09447214 0.98472589 0.05640149
0.00000000 0.00000000 0.00000000 1.00000000
154 4.060232 0.187254
0.96021378 -0.11165050 0.25597399 -1.83685839
0.13465153 0.98811781 -0.07410926 0.32853717
-0.24465814 0.10562776 0.96383858 -0.08283305
0.00000000 0.00000000 0.00000000 1.00000000
155 1.833337 0.054776
0.63227516 -0.34647322 0.69295424 -2.22163558
0.37114829 0.92057407 0.12163445 -0.13541909
-0.68005711 0.18028258 0.71064818 0.48290062
0.00000000 0.00000000 0.00000000 1.00000000
156 2.369760 0.065298
0.10126269 -0.34007674 0.93492991 -2.12572694
0.50886858 0.82522702 0.24505717 -0.43985224
-0.85486728 0.45094132 0.25661904 1.30885863
0.00000000 0.00000000 0.00000000 1.00000000
157 1.095751 0.067503
0.62371552 0.57457650 -0.52994561 1.03581715
-0.65006530 0.75777596 0.05650440 -0.32193696
0.43404481 0.30925733 0.84614789 0.19784760
0.00000000 0.00000000 0.00000000 1.00000000
158 0.000000 0.017201
0.97477752 0.19893014 -0.10117321 0.87293249
-0.21168555 0.96772033 -0.13676989 0.27099594
0.07069984 0.15473679 0.98542267 -0.14641881
0.00000000 0.00000000 0.00000000 1.00000000
159 0.278362 0.022902
0.99739581 0.05454317 0.04719729 0.58364719
-0.04203907 0.97130311 -0.23410326 0.12318262
-0.05861193 0.23150977 0.97106564 0.22717214
0.00000000 0.00000000 0.00000000 1.00000000
160 0.827089 0.022132
0.94022715 -0.14002118 0.31043151 0.29225823
0.23438397 0.92738134 -0.29159799 -0.08608946
-0.24705811 0.34692848 0.90476686 0.45752263
0.00000000 0.00000000 0.00000000 1.00000000
161 1.347556 0.025406
0.92183781 -0.24350807 0.30152708 -0.05319017
0.30259657 0.93831354 -0.16734201 -0.17088872
-0.24217795 0.24550331 0.93865752 0.60046434
0.00000000 0.00000000 0.00000000 1.00000000
162 1.450504 0.062820
0.97146881 -0.17066707 0.16468748 0.86994362
0.16306564 0.98486596 0.05872558 0.28433138
-0.17221829 -0.03019550 0.98459625 -0.64535594
0.00000000 0.00000000 0.00000000 1.00000000
163 0.420579 0.013821
0.97812623 0.02463919 -0.20654789 0.95141721
-0.01193122 0.99797142 0.06254429 0.10982013
0.20766957 -0.05871150 0.97643554 -0.26234913
0.00000000 0.00000000 0.00000000 1.00000000
164 1.100029 0.051408
0.84837878 0.18513985 -0.49596071 0.84339911
-0.20795645 0.97809345 0.00939211 -0.15967625
0.48683470 0.09517047 0.86829424 0.14865041
0.00000000 0.00000000 0.00000000 1.00000000
165 0.873125 0.032691
0.87962717 0.13754445 -0.45534310 0.58180255
-0.20020020 0.97541595 -0.09210297 -0.35428089
0.43148088 0.17217574 0.88553929 0.26547706
0.00000000 0.00000000 0.00000000 1.00000000
166 1.281153 0.039376
0.98217469 0.03026339 -0.18551905 0.48179811
-0.05539100 0.98972785 -0.13179854 -0.26653790
0.17962468 0.13972518 0.97376174 0.05858159
0.00000000 0.00000000 0.00000000 1.00000000
167 0.660272 0.038361
0.94151652 -0.05673674 0.33215550 -0.41660035
0.05586860 0.99836415 0.01217303 -0.15606284
-0.33230352 0.00709641 0.94314581 0.24482894
0.00000000 0.00000000 0.00000000 1.00000000
168 0.836499 0.019276
0.93741065 -0.19365628 0.28940982 -0.79456830
0.22015095 0.97351474 -0.06165677 -0.18531483
-0.26980510 0.12151092 0.95521688 0.80277348
0.00000000 0.00000000 0.00000000 1.00000000
169 1.196813 0.013448
0.99532455 -0.09174444 0.03020862 -0.95499659
0.09467073 0.98863852 -0.11675155 -0.07378477
-0.01915470 0.11906499 0.99270129 0.43018961
0.00000000 0.00000000 0.00000000 1.00000000
170 2.722467 0.150677
0.99181843 -0.00957701 -0.12730187 -1.19108844
-0.00707547 0.99152583 -0.12971963 0.22427410
0.12746438 0.12955813 0.98334622 -0.04507303
0.00000000 0.00000000 0.00000000 1.00000000
171 3.108539 0.152000
0.99999410 -0.00135656 0.00338212 -1.66043997
0.00176169 0.99243861 -0.12273279 0.40029180
-0.00319067 0.12273757 0.99243474 -0.18694115
0.00000000 0.00000000 0.00000000 1.00000000
172 1.905775 0.023418
0.82638168 -0.24582967 0.50661778 -2.15759397
0.28233272 0.95930421 0.00495636 -0.02946097
-0.48721880 0.13893884 0.86215663 0.27216029
0.00000000 0.00000000 0.00000000 1.00000000
173 1.000929 0.031439
0.36333767 -0.28326276 0.88755167 -2.19713974
0.46621922 0.88007683 0.09002069 -0.30536240
-0.80661321 0.38108572 0.45182750 1.12684643
0.00000000 0.00000000 0.00000000 1.00000000
174 2.486167 0.065933
-0.00448329 -0.31683099 0.94847119 -1.92701864
0.49030417 0.82595015 0.27822077 -0.45644155
-0.87153965 0.46628612 0.15164019 1.40382123
0.00000000 0.00000000 0.00000000 1.00000000
175 0.321425 0.082440
0.39163312 0.60406613 -0.69406611 1.26828837
-0.69036216 0.69159198 0.21236902 -0.44333339
0.60829568 0.39598614 0.68787444 0.26101875
0.00000000 0.00000000 0.00000000 1.00000000
176 0.000000 0.035105
0.88287866 0.28816146 -0.37079445 1.14206219
-0.34198144 0.93565881 -0.08713129 0.26155055
0.32182899 0.20373113 0.92461866 -0.19832718
0.00000000 0.00000000 0.00000000 1.00000000
177 0.449370 0.013953
0.96501523 0.13689025 -0.22362094 0.81423020
-0.18959074 0.95344687 -0.23450637 0.20157008
0.18110949 0.26869780 0.94604456 0.12702739
0.00000000 0.00000000 0.00000000 1.00000000
178 1.282069 0.042161
0.99719119 -0.01931460 0.07237512 0.43959492
0.04418224 0.93188649 -0.36005354 0.04421878
-0.06049152 0.36224037 0.93012029 0.33404171
0.00000000 0.00000000 0.00000000 1.00000000
179 0.595448 0.028576
0.98804563 -0.14113498 0.06202228 0.09770876
0.15247108 0.95405495 -0.25793731 -0.03427482
-0.02276869 0.26431066 0.96416891 0.46695900
0.00000000 0.00000000 0.00000000 1.00000000
180 0.882931 0.068602
0.87292349 0.12354593 -0.47195506 1.24929845
-0.11525860 0.99224401 0.04656282 0.14723507
0.47404665 0.01375133 0.88039255 -0.26427484
0.00000000 0.00000000 0.00000000 1.00000000
181 2.835175 0.074973
0.89344758 0.12531230 -0.43133360 0.71329463
-0.19593541 0.97284484 -0.12321879 -0.22739302
0.40417990 0.19460316 0.89373845 0.01060379
0.00000000 0.00000000 0.00000000 1.00000000
182 0.822344 0.025457
0.99055314 -0.13216674 -0.03655726 -0.42402422
0.12761430 0.98603392 -0.10701171 0.03165120
0.05019004 0.10133553 0.99358565 0.58807206
0.00000000 0.00000000 0.00000000 1.00000000
183 2.393592 0.142931
0.94183695 -0.02394277 -0.33521628 -0.39640063
-0.02229705 0.99080980 -0.13341521 0.12266564
0.33532986 0.13313010 0.93264717 0.36388278
0.00000000 0.00000000 0.00000000 1.00000000
184 1.735283 0.054306
0.96375585 -0.19434315 0.18277279 -1.83539271
0.21246402 0.97344315 -0.08525112 0.24071199
-0.16135111 0.12099367 0.97945219 -0.03496909
0.00000000 0.00000000 0.00000000 1.00000000
185 1.077745 0.029186
0.65606266 -0.25254804 0.71119696 -2.14007211
0.42586243 0.90187091 -0.07259119 0.04475129
-0.62307525 0.35049647 0.69923508 0.75383461
0.00000000 0.00000000 0.00000000 1.00000000
186 0.984370 0.036064
0.31121796 -0.30806839 0.89901984 -2.09937215
0.50734824 0.85377002 0.11693117 -0.17155297
-0.80357999 0.41972429 0.42200658 1.08499908
0.00000000 0.00000000 0.00000000 1.00000000
187 2.187491 0.049964
0.70083541 0.31086394 -0.64202231 1.62791991
-0.38303208 0.92328143 0.02892810 0.26308948
0.60176051 0.22564089 0.76613963 -0.12148678
0.00000000 0.00000000 0.00000000 1.00000000
188 0.000000 0.019331
0.82445478 0.20600191 -0.52710277 1.31054974
-0.32661238 0.93382895 -0.14590475 0.24713349
0.46216697 0.29245013 0.83718240 0.15521669
0.00000000 0.00000000 0.00000000 1.00000000
189 1.980903 0.030642
0.96573704 0.03379746 -0.25731185 0.89838862
-0.12397114 0.93112493 -0.34298342 0.22425385
0.22799776 0.36313117 0.90341187 0.24791884
0.00000000 0.00000000 0.00000000 1.00000000
190 0.738075 0.019501
0.95932925 -0.08026550 -0.27063876 0.54482120
0.00112523 0.95980489 -0.28066748 0.18433344
0.28228819 0.26894858 0.92085886 0.39219832
0.00000000 0.00000000 0.00000000 1.00000000
191 2.533273 0.042453
0.67784768 0.13166988 -0.72331560 1.65395081
-0.11095425 0.99088478 0.07639697 0.24574980
0.72678167 0.02846920 0.68627834 -0.22425973
0.00000000 0.00000000 0.00000000 1.00000000
192 4.402554 0.110540
0.71174061 0.16182014 -0.68354940 1.14318156
-0.27431083 0.95986605 -0.05838984 -0.15337242
0.64666784 0.22906291 0.72756511 0.10392129
0.00000000 0.00000000 0.00000000 1.00000000
193 2.032784 0.057597
0.88699126 0.35663688 -0.29335487 -0.75143898
-0.32530919 0.93344247 0.15119447 0.22102152
0.32775125 -0.03867734 0.94397217 -0.02660060
0.00000000 0.00000000 0.00000000 1.00000000
194 1.009494 0.016483
0.94460058 0.28115368 -0.16935462 -0.53179806
-0.26356515 0.95725906 0.11911567 0.22400075
0.19560638 -0.06788122 0.97833014 -0.27116275
0.00000000 0.00000000 0.00000000 1.00000000
195 0.000000 0.012763
0.96936917 0.23264867 -0.07873186 -0.26919913
-0.22420265 0.96907222 0.10311662 0.23895609
0.10028642 -0.08230636 0.99154878 -0.28579426
0.00000000 0.00000000 0.00000000 1.00000000
196 0.000000 0.023261
0.91919392 0.34258777 -0.19420627 -0.02773252
-0.33747280 0.93942750 0.05990116 0.42042935
0.20296392 0.01047862 0.97913027 -0.55629480
0.00000000 0.00000000 0.00000000 1.00000000
197 93.689706 2.151298
-0.42641252 -0.47713405 0.76844907 -1.94773102
0.36892176 0.68394357 0.62937921 -1.34897923
-0.82587379 0.55187333 -0.11561771 3.25466847
0.00000000 0.00000000 0.00000000 1.00000000
198 2.215407 0.056478
0.53812313 -0.28668153 0.79261345 -1.82517135
