0 0.673185 0.045366
0.99931276 0.03367647 0.01552750 -0.69763505
-0.03458292 0.99745572 0.06235003 0.19207132
-0.01338794 -0.06284338 0.99793410 -0.18811178
0.00000000 0.00000000 0.00000000 1.00000000
1 0.925350 0.039497
0.97388095 0.22428161 -0.03540187 -0.40025264
-0.22314107 0.97421134 0.03346848 0.32403284
0.04199506 -0.02469495 0.99881256 -0.40228724
0.00000000 0.00000000 0.00000000 1.00000000
2 0.332202 0.019878
0.98573482 0.15073983 0.07486330 -0.16309148
-0.15246600 0.98814714 0.01787362 0.34488416
-0.07128179 -0.02903259 0.99703360 -0.66776764
0.00000000 0.00000000 0.00000000 1.00000000
3 0.910427 0.032356
0.97766578 0.10532941 0.18186717 0.02193424
-0.11125202 0.99353409 0.02264738 0.34691286
-0.17830607 -0.04237494 0.98306215 -0.72476268
0.00000000 0.00000000 0.00000000 1.00000000
4 2.736523 0.036313
0.97866499 0.19980858 0.04786212 0.33326775
-0.19768550 0.97920179 -0.04564935 0.52071375
-0.05598792 0.03521332 0.99781001 -0.94642091
0.00000000 0.00000000 0.00000000 1.00000000
5 2.364965 0.066567
0.87712985 0.36720747 -0.30951804 0.66313881
-0.40694836 0.91053081 -0.07299230 0.59402961
0.25502270 0.18998176 0.94808805 -0.85560775
0.00000000 0.00000000 0.00000000 1.00000000
6 1.429029 0.037469
0.81439155 0.42737156 -0.39258075 0.05766505
-0.39059484 0.90399945 0.17384049 0.16266540
0.42918724 0.01176569 0.90313882 -0.31546152
0.00000000 0.00000000 0.00000000 1.00000000
7 0.276953 0.008787
0.99724144 -0.06016420 0.04346550 0.11284699
0.06100257 0.99797118 -0.01822937 0.05421138
-0.04228044 0.02083048 0.99888843 -0.12289500
0.00000000 0.00000000 0.00000000 1.00000000
8 1.588562 0.063261
0.77095139 -0.11601844 0.62623727 -2.38439584
0.11271737 0.99260193 0.04512769 -0.00788486
-0.62683946 0.03579658 0.77832556 0.93387067
0.00000000 0.00000000 0.00000000 1.00000000
9 0.992290 0.098316
0.29429480 -0.30878422 0.90445733 -2.03137040
0.32106322 0.92331058 0.21075231 -0.29963538
-0.90017164 0.22836468 0.37086469 1.55199671
0.00000000 0.00000000 0.00000000 1.00000000
10 2.847576 0.167115
0.19268852 -0.29618749 0.93549204 -2.12917447
0.33427036 0.91614985 0.22121292 -0.01545198
-0.92256987 0.27008200 0.27553818 1.20933115
0.00000000 0.00000000 0.00000000 1.00000000
11 1.973975 0.130163
0.25069508 -0.30283767 0.91947919 -2.25606203
0.30656028 0.92576307 0.22132283 0.28639162
-0.91824472 0.22639158 0.32492259 0.61821020
0.00000000 0.00000000 0.00000000 1.00000000
12 0.825668 0.035167
0.95846790 -0.09701040 0.26819313 0.24197291
0.10904031 0.99357545 -0.03029272 0.23029014
-0.26353118 0.05827862 0.96288860 -0.43380809
0.00000000 0.00000000 0.00000000 1.00000000
13 2.588912 0.123605
-0.25544214 -0.50190341 0.82634258 -2.16663742
0.46863106 0.68330586 0.55989087 -0.25751221
-0.84565604 0.53026980 0.06066227 0.57842559
0.00000000 0.00000000 0.00000000 1.00000000
14 4.120082 0.129250
-0.65116656 -0.38931629 0.65147209 -1.69494760
0.56414670 0.32589757 0.75863683 -1.01196766
-0.50766295 0.86152428 0.00741759 1.14224792
0.00000000 0.00000000 0.00000000 1.00000000
15 0.000000 0.040388
0.34693912 0.51301157 -0.78514487 1.60488379
-0.69239092 0.70477730 0.15454659 0.41861755
0.63263613 0.49000901 0.59971917 0.01419234
0.00000000 0.00000000 0.00000000 1.00000000
16 93.517639 2.563050
0.73404145 -0.25966123 0.62750256 -1.45469475
0.39688411 0.91381902 -0.08612908 0.48477983
-0.55105937 0.31226826 0.77383649 0.01232910
0.00000000 0.00000000 0.00000000 1.00000000
17 2.786145 0.082009
0.71040320 0.31766069 -0.62802756 0.64149541
-0.47529796 0.87465537 -0.09523430 0.44755107
0.51905543 0.36615452 0.77234167 0.12968671
0.00000000 0.00000000 0.00000000 1.00000000
18 0.919410 0.035394
0.93367201 -0.14637247 0.32684994 0.01914692
0.11233941 0.98630124 0.12078747 0.43659618
-0.34005243 -0.07605806 0.93732554 -0.71393597
0.00000000 0.00000000 0.00000000 1.00000000
19 2.172948 0.093274
0.96308964 -0.01255995 0.26888627 0.46142447
-0.09961385 0.91136342 0.39936462 0.10237002
-0.25006908 -0.41140926 0.87647456 -0.21873689
0.00000000 0.00000000 0.00000000 1.00000000
20 1.301159 0.050501
0.98027205 0.10404821 -0.16805127 0.23033448
-0.09134071 0.99246448 0.08167326 0.44366395
0.17528290 -0.06471229 0.98238897 -0.51684117
0.00000000 0.00000000 0.00000000 1.00000000
21 1.486221 0.054847
0.93905944 0.26271296 -0.22169377 0.05024371
-0.23202252 0.96026039 0.15512234 0.20425598
0.25363624 -0.09423274 0.96269804 -0.35981655
0.00000000 0.00000000 0.00000000 1.00000000
22 0.879378 0.043483
0.95327932 0.19241810 -0.23288082 -0.30135959
-0.17140025 0.97931373 0.10754800 0.02742428
0.24875736 -0.06260780 0.96654028 -0.38578725
0.00000000 0.00000000 0.00000000 1.00000000
23 0.592153 0.039012
0.99575025 0.08853167 -0.02536653 -0.81428158
-0.08625604 0.99305964 0.07995239 0.15752998
0.03226884 -0.07742479 0.99647570 -0.06223989
0.00000000 0.00000000 0.00000000 1.00000000
24 0.792288 0.027535
0.95737976 0.28137040 -0.06522748 -0.53738421
-0.27731237 0.95859170 0.06480017 0.30027297
0.08075920 -0.04395056 0.99576402 -0.28158116
0.00000000 0.00000000 0.00000000 1.00000000
25 0.372203 0.016834
0.97534585 0.21696627 0.04032108 -0.27464098
-0.21855821 0.97498482 0.04045102 0.32624540
-0.03053606 -0.04826644 0.99836767 -0.53309202
0.00000000 0.00000000 0.00000000 1.00000000
26 1.162979 0.021816
0.97620505 0.16488793 0.14083271 -0.06114794
-0.17203870 0.98427171 0.04011934 0.33518603
-0.13200295 -0.06339397 0.98921990 -0.57652450
0.00000000 0.00000000 0.00000000 1.00000000
27 2.535744 0.038761
0.96388197 0.26596403 0.01394920 0.22192723
-0.26560313 0.96379900 -0.02337348 0.50219244
-0.01966086 0.01882392 0.99962938 -0.81326771
0.00000000 0.00000000 0.00000000 1.00000000
28 59.462271 0.749584
-0.08294326 -0.43627810 0.89598167 -2.06011581
0.33471036 0.83465481 0.43740201 -0.45035037
-0.93866420 0.33617362 0.07679689 1.70342159
0.00000000 0.00000000 0.00000000 1.00000000
29 1.442929 0.077005
0.33800787 -0.28190458 0.89793146 -1.97818971
0.25599059 0.94565350 0.20052317 -0.31887320
-0.90566015 0.16208509 0.39180282 1.74131072
0.00000000 0.00000000 0.00000000 1.00000000
30 1.677714 0.107313
0.23265061 -0.29982722 0.92519027 -2.05688286
0.28153980 0.93132424 0.23101845 -0.07272773
-0.93091822 0.20673116 0.30108660 1.38414299
0.00000000 0.00000000 0.00000000 1.00000000
31 0.832748 0.059453
0.27781323 -0.28854924 0.91627455 -2.19560432
0.23355451 0.94549048 0.22693662 0.23273884
-0.93181103 0.15095410 0.33006167 0.82680273
0.00000000 0.00000000 0.00000000 1.00000000
32 0.903090 0.017684
0.96927547 -0.04578181 0.24167773 0.13593766
0.05163996 0.99850380 -0.01795843 0.18238273
-0.24049366 0.02988695 0.97019005 -0.27524400
0.00000000 0.00000000 0.00000000 1.00000000
33 2.764563 0.111532
-0.17931561 -0.51201135 0.84005368 -2.04704142
0.45957246 0.71140134 0.53169656 -0.23505700
-0.86984968 0.48140702 0.10774106 0.67413396
0.00000000 0.00000000 0.00000000 1.00000000
34 3.763067 0.121793
-0.60604149 -0.43803442 0.66395652 -1.51171863
0.57465822 0.33603206 0.74622422 -0.99477255
-0.54998219 0.83379149 0.04807064 1.16027164
0.00000000 0.00000000 0.00000000 1.00000000
35 0.788327 0.019812
0.95198131 -0.09261221 0.29181308 -0.05587941
0.05358227 0.98883826 0.13902450 0.38806832
-0.30143133 -0.11671266 0.94631791 -0.54724991
0.00000000 0.00000000 0.00000000 1.00000000
36 2.195707 0.064967
0.98211050 0.02988315 0.18591979 0.38489270
-0.10033497 0.91854322 0.38237685 0.09336239
-0.15934849 -0.39419079 0.90510863 0.27391434
0.00000000 0.00000000 0.00000000 1.00000000
37 0.630560 0.026956
0.96636683 0.04023778 0.25399965 0.33987126
-0.15059051 0.88917375 0.43207699 0.08658105
-0.20846435 -0.45579463 0.86532867 -0.04158926
0.00000000 0.00000000 0.00000000 1.00000000
38 2.022747 0.071475
0.97045243 0.15481371 -0.18508118 0.02681795
-0.13749897 0.98512608 0.10306004 0.42421192
0.19828366 -0.07456601 0.97730446 -0.41940784
0.00000000 0.00000000 0.00000000 1.00000000
39 1.149099 0.040120
0.91395879 0.30109954 -0.27206326 -0.09632412
-0.25758016 0.94849461 0.18441874 0.18263581
0.31357896 -0.09847328 0.94444239 -0.27256727
0.00000000 0.00000000 0.00000000 1.00000000
40 0.104678 0.006774
0.97783178 0.19810650 -0.06782646 0.25345778
-0.19984668 0.97962689 -0.01984864 -0.01583263
0.06251190 0.03296426 0.99750006 -0.18144464
0.00000000 0.00000000 0.00000000 1.00000000
41 0.383595 0.014897
0.98921871 0.13839999 0.04788388 0.52652067
-0.13651279 0.98980403 -0.04067519 0.05695760
-0.05302481 0.03370166 0.99802506 -0.52027369
0.00000000 0.00000000 0.00000000 1.00000000
42 1.634465 0.087578
0.97858322 0.10632414 0.17626651 0.68231511
-0.10093741 0.99411738 -0.03927889 0.07649541
-0.17940550 0.02064559 0.98355871 -0.67199826
0.00000000 0.00000000 0.00000000 1.00000000
43 2.597064 0.049392
0.98078507 0.19338796 0.02572308 0.97833085
-0.19004112 0.97686195 -0.09811687 0.16028911
-0.04410247 0.09134459 0.99484277 -0.81277955
0.00000000 0.00000000 0.00000000 1.00000000
44 1.994883 0.024988
0.88280344 0.33796564 -0.32624745 1.11594105
-0.39666784 0.90836966 -0.13236049 0.13883200
0.25161958 0.24626011 0.93597209 -0.53971124
0.00000000 0.00000000 0.00000000 1.00000000
45 1.620999 0.034362
0.61784279 0.41248795 -0.66942084 1.19514167
-0.53003758 0.84733564 0.03291816 -0.13251585
0.58080202 0.33448020 0.74215400 -0.04612565
0.00000000 0.00000000 0.00000000 1.00000000
46 1.953845 0.033058
0.34637982 0.38592643 -0.85503304 1.02803087
-0.45532477 0.86605883 0.20644683 -0.18240267
0.82018292 0.31780848 0.47570753 0.40228367
0.00000000 0.00000000 0.00000000 1.00000000
47 0.000000 0.048494
0.58515346 0.36744544 -0.72289592 0.92124742
-0.39365166 0.90807927 0.14292824 -0.12646663
0.70896655 0.20093423 0.67601109 0.27436733
0.00000000 0.00000000 0.00000000 1.00000000
48 0.000000 0.021463
0.80918705 0.36509854 -0.46034649 0.55266571
-0.35431957 0.92822909 0.11335963 -0.23534411
0.46869349 0.07138166 0.88047236 0.20009804
0.00000000 0.00000000 0.00000000 1.00000000
49 0.877596 0.084966
0.82788950 0.22046684 -0.51574469 0.18744481
-0.28147531 0.95864677 -0.04203761 -0.15768319
0.48514950 0.17997169 0.85571003 0.80373168
0.00000000 0.00000000 0.00000000 1.00000000
50 0.000000 0.033730
0.95445490 0.06226511 0.29178497 -1.58282065
-0.01955232 0.98893183 -0.14707547 0.03439468
-0.29771313 0.13467166 0.94510823 0.46877599
0.00000000 0.00000000 0.00000000 1.00000000
51 1.446451 0.068421
0.78780067 -0.10711890 0.60654384 -1.65337729
0.15038437 0.98840880 -0.02076748 -0.08255735
-0.59728849 0.10757518 0.79477835 0.60608244
0.00000000 0.00000000 0.00000000 1.00000000
52 3.725204 0.129733
0.34189230 -0.24081933 0.90835935 -1.57218778
0.32819733 0.93634236 0.12471023 -0.16163449
-0.88056612 0.25548404 0.39916468 0.90757799
0.00000000 0.00000000 0.00000000 1.00000000
53 2.271589 0.037395
0.17157234 0.50943029 -0.84323418 1.79983866
-0.62274480 0.71931475 0.30785692 -0.15926754
0.76338202 0.47230023 0.44065976 0.26964915
0.00000000 0.00000000 0.00000000 1.00000000
54 1.543069 0.007929
0.36407086 0.43501040 -0.82354003 1.60255635
-0.64532113 0.75539768 0.11373299 -0.14549896
0.67157531 0.49004138 0.55573964 0.49271905
0.00000000 0.00000000 0.00000000 1.00000000
55 1.274107 0.014775
0.64248180 0.35954237 -0.67671698 1.37205672
-0.59067726 0.79494327 -0.13843787 -0.12636708
0.48817754 0.48866510 0.72311050 0.47702384
0.00000000 0.00000000 0.00000000 1.00000000
56 0.942946 0.030101
0.68252027 0.25343159 -0.68552047 1.03892887
-0.46630740 0.87324274 -0.14143553 -0.09575987
0.56278217 0.41619569 0.71418285 0.66517878
0.00000000 0.00000000 0.00000000 1.00000000
57 1.781801 0.089512
0.95893961 -0.02734612 0.28229034 1.09364402
-0.07003044 0.94168842 0.32911950 -0.03037968
-0.27482891 -0.33537388 0.90110725 -0.18197322
0.00000000 0.00000000 0.00000000 1.00000000
58 1.012591 0.028658
0.99106604 -0.06125429 0.11846977 0.28723103
0.06284548 0.99797559 -0.00974053 0.03876421
-0.11763330 0.01709807 0.99290973 -0.31548071
0.00000000 0.00000000 0.00000000 1.00000000
59 1.332367 0.027184
0.97231674 -0.09822655 0.21201736 0.55318969
0.10469452 0.99431384 -0.01947016 0.09396020
-0.20889926 0.04112861 0.97707200 -0.42013431
0.00000000 0.00000000 0.00000000 1.00000000
60 2.311561 0.034102
0.99496818 -0.00054964 0.10019276 0.73297298
0.00919485 0.99626613 -0.08584622 0.17700869
-0.09977117 0.08633563 0.99125779 -0.61245823
0.00000000 0.00000000 0.00000000 1.00000000
61 2.943441 0.040334
0.95287609 0.15135126 -0.26290649 0.83805203
-0.18805785 0.97474420 -0.12045011 0.16740924
0.23803610 0.16421545 0.95727301 -0.42344964
0.00000000 0.00000000 0.00000000 1.00000000
62 0.000000 0.074339
0.68953258 0.25763014 -0.67688364 0.64197695
-0.21265133 0.96541750 0.15082431 -0.03510131
0.69233257 0.03994194 0.72047222 0.24449337
0.00000000 0.00000000 0.00000000 1.00000000
63 0.543926 0.026123
0.89725846 0.20770265 -0.38959861 0.24239177
-0.17058624 0.97699499 0.12798896 -0.16736336
0.40721920 -0.04837918 0.91204822 0.25688863
0.00000000 0.00000000 0.00000000 1.00000000
64 1.949433 0.137489
0.87821233 0.05439258 -0.47516870 -0.07283276
-0.08105483 0.99606776 -0.03578568 -0.11860830
0.47135359 0.06994274 0.87916750 0.86942601
0.00000000 0.00000000 0.00000000 1.00000000
65 0.841164 0.027667
0.92305690 -0.14605251 0.35585770 -1.76467741
0.20052660 0.97216958 -0.12114307 -0.01312870
-0.32826078 0.18318057 0.92665488 0.73302007
0.00000000 0.00000000 0.00000000 1.00000000
66 0.959404 0.044845
0.69771862 -0.27637663 0.66091233 -1.73761797
0.34723645 0.93743289 0.02543631 -0.15970343
-0.62659073 0.21174562 0.75003219 0.92076218
0.00000000 0.00000000 0.00000000 1.00000000
67 2.724480 0.088586
0.20377502 -0.33326852 0.92054743 -1.48821867
0.51028031 0.83860928 0.19064701 -0.27036113
-0.83551729 0.43088812 0.34094828 1.20597744
0.00000000 0.00000000 0.00000000 1.00000000
68 4.303568 0.173991
0.08882579 -0.32202727 0.94255435 -1.60026383
0.53796709 0.81191188 0.22669525 0.01533019
-0.83827305 0.48692667 0.24535859 0.80182767
0.00000000 0.00000000 0.00000000 1.00000000
69 1.883048 0.036502
0.49689820 0.37405688 -0.78305417 1.35430205
-0.48611727 0.86745405 0.10590121 -0.01153611
0.71887600 0.32803369 0.61287194 0.43758011
0.00000000 0.00000000 0.00000000 1.00000000
70 1.293617 0.036598
0.73913121 0.25258741 -0.62440747 1.05102050
-0.42308515 0.89542782 -0.13859859 -0.04367693
0.52410322 0.36661994 0.76870489 0.47373807
0.00000000 0.00000000 0.00000000 1.00000000
71 2.111554 0.027303
0.76657706 0.11362189 -0.63202071 0.72106075
-0.25957364 0.95505691 -0.14313927 -0.02945983
0.58735132 0.27378398 0.76161802 0.65452170
0.00000000 0.00000000 0.00000000 1.00000000
72 2.464184 0.084718
0.92103964 -0.22700107 0.31647354 0.99633306
0.10592815 0.92795521 0.35732049 0.03878376
-0.37478548 -0.29558319 0.87873006 0.07534289
0.00000000 0.00000000 0.00000000 1.00000000
73 0.570612 0.005044
0.99403501 -0.03998694 0.10146301 0.28595820
0.04078618 0.99915099 -0.00581360 0.02982977
-0.10114449 0.00991714 0.99482220 -0.07485223
0.00000000 0.00000000 0.00000000 1.00000000
74 1.957248 0.025243
0.99808246 0.05630391 -0.02568650 0.46172145
-0.05774514 0.99656773 -0.05930877 0.12200274
0.02225934 0.06067753 0.99790871 -0.29683352
0.00000000 0.00000000 0.00000000 1.00000000
75 2.511546 0.036030
0.90956926 0.22665602 -0.34829351 0.41853276
-0.26679632 0.96111274 -0.07128246 0.17769909
0.31859204 0.15775907 0.93467069 -0.25446475
0.00000000 0.00000000 0.00000000 1.00000000
76 1.670232 0.026092
0.84340680 0.25342000 -0.47375357 -0.19200099
-0.19083682 0.96557510 0.17676279 -0.10965845
0.50224042 -0.05867347 0.86273509 0.35193622
0.00000000 0.00000000 0.00000000 1.00000000
77 4.768715 0.076051
0.76148880 -0.22314805 0.60855615 -1.85706091
0.25035140 0.96726882 0.04141787 -0.35559016
-0.59787959 0.12081358 0.79242945 1.36398125
0.00000000 0.00000000 0.00000000 1.00000000
78 1.488326 0.041692
0.30932873 -0.32886922 0.89227879 -1.32746875
0.46654406 0.87009805 0.15895611 -0.42085886
-0.82864517 0.36711800 0.42257857 1.59496069
0.00000000 0.00000000 0.00000000 1.00000000
79 2.245418 0.086943
0.20442167 -0.30195329 0.93114775 -1.41213846
0.49209106 0.85400128 0.16890317 -0.10699090
-0.84620208 0.42368191 0.32316491 1.17325556
0.00000000 0.00000000 0.00000000 1.00000000
80 2.151041 0.089049
0.26431221 -0.29230809 0.91907269 -1.52835536
0.45249292 0.87915009 0.14948088 0.21564192
-0.85169744 0.37636435 0.36463752 0.63075495
0.00000000 0.00000000 0.00000000 1.00000000
81 5.313748 0.071163
0.40312338 0.46483687 -0.78830099 0.91494775
-0.59066629 0.79010642 0.16384539 0.20225506
0.69900310 0.39957309 0.59307367 0.27981365
0.00000000 0.00000000 0.00000000 1.00000000
82 2.728213 0.049477
0.97607535 -0.16573945 0.14074086 0.81899184
0.10894942 0.93296421 0.34308726 -0.00502220
-0.18816949 -0.31954500 0.92869997 0.82595265
0.00000000 0.00000000 0.00000000 1.00000000
83 1.815315 0.050686
0.96445543 -0.16797487 0.20398398 0.79505223
0.08099876 0.92271924 0.37686324 0.04434311
-0.25152361 -0.34694672 0.90352833 0.45826721
0.00000000 0.00000000 0.00000000 1.00000000
84 2.739955 0.097193
0.98201197 -0.14684248 0.11870298 0.68623483
0.09970866 0.93713653 0.33441660 0.11899304
-0.16034749 -0.31656462 0.93492043 0.03453398
0.00000000 0.00000000 0.00000000 1.00000000
85 1.717372 0.063241
0.96410108 -0.16179734 0.21055192 0.58362764
0.08378326 0.93777514 0.33698964 0.12670594
-0.25197381 -0.30724934 0.91766429 -0.45965946
0.00000000 0.00000000 0.00000000 1.00000000
86 1.495671 0.064979
0.99608350 -0.06427420 -0.06070842 0.82228017
0.07897117 0.95554817 0.28406364 0.21899463
0.03975178 -0.28774536 0.95688158 -0.62606180
0.00000000 0.00000000 0.00000000 1.00000000
87 1.180680 0.017223
0.98725140 0.09859908 -0.12494852 0.16422503
-0.10497731 0.99343234 -0.04551825 0.12701339
0.11963980 0.05805439 0.99111837 -0.25503135
0.00000000 0.00000000 0.00000000 1.00000000
88 2.639972 0.036441
0.86278987 0.24388814 -0.44284463 0.12635112
-0.29177356 0.95555586 -0.04220524 0.25303084
0.41286954 0.16562477 0.89560419 -0.30651355
0.00000000 0.00000000 0.00000000 1.00000000
89 7.909218 0.066865
0.85099268 -0.30361208 0.42852291 -1.95481706
0.37115565 0.92496771 -0.08172031 -0.38435501
-0.37155890 0.22859192 0.89982772 1.51374137
0.00000000 0.00000000 0.00000000 1.00000000
90 2.797084 0.059127
0.41567862 -0.30306202 0.85753363 -1.36330986
0.43218938 0.89541739 0.10695174 -0.54200399
-0.80026388 0.32615894 0.50318575 1.85909295
0.00000000 0.00000000 0.00000000 1.00000000
91 2.399146 0.085430
0.31084588 -0.29585958 0.90323985 -1.42158747
0.47188988 0.87295908 0.12354210 -0.24957150
-0.82504308 0.38782725 0.41096878 1.42873549
0.00000000 0.00000000 0.00000000 1.00000000
92 2.349521 0.091326
0.36974013 -0.29431653 0.88128883 -1.55508280
0.43979409 0.89095670 0.11303253 0.07860430
-0.81845808 0.34579298 0.45886117 0.88455069
0.00000000 0.00000000 0.00000000 1.00000000
93 97.809005 1.476191
0.91671431 0.39720196 -0.04318577 -0.64068276
-0.38751602 0.91023189 0.14597984 0.30118042
0.09729221 -0.11708678 0.98834491 -0.48797560
0.00000000 0.00000000 0.00000000 1.00000000
94 2.393101 0.040945
0.99000174 -0.13408709 0.04379179 0.53020853
0.11111236 0.93255836 0.34349799 -0.04148299
-0.08689629 -0.33519739 0.93813252 0.92486501
0.00000000 0.00000000 0.00000000 1.00000000
95 2.020036 0.045243
0.98699647 -0.11638707 0.11087656 0.51537955
0.06693880 0.92469448 0.37478089 0.02025855
-0.14614680 -0.36248481 0.92045981 0.58195233
0.00000000 0.00000000 0.00000000 1.00000000
96 2.425112 0.069832
0.99476689 -0.10089749 0.01612078 0.41396019
0.08934027 0.93545806 0.34195927 0.06509075
-0.04958268 -0.33872923 0.93957651 0.13362527
0.00000000 0.00000000 0.00000000 1.00000000
97 1.854141 0.065356
0.98722845 -0.11013925 0.11510716 0.31068596
0.06585874 0.94004536 0.33462995 0.10663065
-0.14506191 -0.32277533 0.93529308 -0.33566225
0.00000000 0.00000000 0.00000000 1.00000000
98 1.171362 0.044667
0.98587829 -0.03419913 -0.16393453 0.53030872
0.08230399 0.95148933 0.29647124 0.16579141
0.14584276 -0.30577642 0.94086707 -0.58926976
0.00000000 0.00000000 0.00000000 1.00000000
99 2.163380 0.113160
0.94679558 0.00392410 -0.32181200 0.60807252
0.08013780 0.96555662 0.24754584 0.30265725
0.31169906 -0.26016438 0.91386992 -0.76572192
0.00000000 0.00000000 0.00000000 1.00000000
100 0.790310 0.009923
0.92479968 0.18711440 -0.33126166 -0.10448740
-0.20709544 0.97798175 -0.02574250 0.15989253
0.31915098 0.09240943 0.94318801 -0.12241316
0.00000000 0.00000000 0.00000000 1.00000000
101 2.218585 0.050117
0.85387099 0.25767526 -0.45222676 -0.68277240
-0.16727996 0.95861959 0.23036611 -0.08243010
0.49287230 -0.12105373 0.86163992 0.42298341
0.00000000 0.00000000 0.00000000 1.00000000
102 2.373391 0.047352
0.95062482 -0.14995256 0.27171034 -2.31999159
0.16779953 0.98485887 -0.04354740 -0.35088041
-0.26106608 0.08698996 0.96139342 1.49614918
0.00000000 0.00000000 0.00000000 1.00000000
103 2.474488 0.062323
0.72962123 -0.34478289 0.59057450 -1.94592237
0.36197865 0.92741233 0.09422830 -0.57073414
-0.58019388 0.14502406 0.80146360 1.85899079
0.00000000 0.00000000 0.00000000 1.00000000
104 1.434769 0.041448
0.25379610 -0.41781378 0.87236470 -1.12144327
0.52913249 0.81495136 0.23637691 -0.71133852
-0.80969632 0.40160418 0.42790931 2.04793811
0.00000000 0.00000000 0.00000000 1.00000000
105 4.326535 0.107881
0.18417707 -0.35529593 0.91642952 -1.15842986
0.52859116 0.82187331 0.21240398 -0.33917695
-0.82865489 0.44529611 0.33917695 1.58010268
0.00000000 0.00000000 0.00000000 1.00000000
106 3.903847 0.127168
0.24659568 -0.37303463 0.89444721 -1.28981996
0.51800692 0.83077610 0.20366749 -0.01919276
-0.81906056 0.41310617 0.39810008 1.02576685
0.00000000 0.00000000 0.00000000 1.00000000
107 9.772900 0.126363
0.44543228 0.52074426 -0.72829640 0.42389739
-0.59844631 0.77820557 0.19041486 0.46545088
0.66592157 0.35102934 0.65827566 0.11761165
0.00000000 0.00000000 0.00000000 1.00000000
108 4.316655 0.062811
0.66774046 0.35165256 -0.65609604 0.12270918
-0.48250553 0.87562221 -0.02175551 0.15016446
0.56684172 0.33109707 0.75436330 0.44123280
0.00000000 0.00000000 0.00000000 1.00000000
109 2.536053 0.074268
0.70447779 0.19706401 -0.68181908 -0.24286467
-0.30924162 0.94991976 -0.04496606 0.04721034
0.63881218 0.24252440 0.73013759 0.57502949
0.00000000 0.00000000 0.00000000 1.00000000
110 3.883730 0.046081
0.96465904 -0.22243705 0.14126053 0.46303242
0.14734846 0.89980531 0.41065726 -0.08404326
-0.21845248 -0.37532976 0.90078092 1.24166489
0.00000000 0.00000000 0.00000000 1.00000000
111 3.217107 0.056037
0.95043415 -0.22253977 0.21713957 0.45062071
0.11200725 0.89653754 0.42857066 0.00658339
-0.29004776 -0.38300854 0.87702692 0.90520465
0.00000000 0.00000000 0.00000000 1.00000000
112 3.713411 0.083154
0.97175479 -0.19304678 0.13574447 0.30492547
0.12495820 0.90885031 0.39796591 0.04547566
-0.20019709 -0.36976278 0.90730196 0.44797850
0.00000000 0.00000000 0.00000000 1.00000000
113 5.105993 0.057433
0.21368383 0.42817548 -0.87806910 0.43829364
-0.47229844 0.83208293 0.29081446 0.00681861
0.85514563 0.35256830 0.38002935 -0.08936715
0.00000000 0.00000000 0.00000000 1.00000000
114 1.060541 0.050717
0.90137386 0.21047884 -0.37844825 -0.03096931
-0.18420297 0.97728455 0.10479987 0.00766569
0.39191025 -0.02475297 0.91967005 0.01765990
0.00000000 0.00000000 0.00000000 1.00000000
115 1.851183 0.044790
0.71459305 0.33463907 -0.61430717 -0.15219343
-0.18687224 0.93756306 0.29335046 0.05636451
0.67411840 -0.09482901 0.73251075 0.04122114
0.00000000 0.00000000 0.00000000 1.00000000
116 2.417513 0.057783
0.87574476 0.21610808 -0.43170524 -0.31966871
-0.10403657 0.95768398 0.26836258 -0.02413071
0.47143251 -0.19010349 0.86116910 0.23029590
0.00000000 0.00000000 0.00000000 1.00000000
117 2.297292 0.021745
0.98822719 0.08825383 -0.12497145 -0.65233803
-0.05349369 0.96461111 0.25819364 -0.20522664
0.14333548 -0.24846867 0.95797628 0.57439005
0.00000000 0.00000000 0.00000000 1.00000000
118 2.612844 0.027682
0.98090988 -0.02955741 -0.19220379 -1.06385517
0.05449645 0.99055946 0.12579280 -0.29910374
0.18667084 -0.13386479 0.97325993 1.10051131
0.00000000 0.00000000 0.00000000 1.00000000
119 116.320600 1.345378
-0.02637115 -0.85865337 0.51187819 -0.10345829
0.80182648 -0.32395941 -0.50211871 0.07859986
0.59697330 0.39719617 0.69703490 1.14480841
0.00000000 0.00000000 0.00000000 1.00000000
120 2.840831 0.046883
0.75875872 -0.34316313 0.55364621 -2.13544989
0.34821075 0.93201649 0.10047120 -0.44554180
-0.55048597 0.11655189 0.82666862 1.52997124
0.00000000 0.00000000 0.00000000 1.00000000
121 2.805609 0.073110
0.45514834 -0.48814896 0.74468094 -1.69094801
0.47763300 0.83967185 0.25848773 -0.58514440
-0.75146908 0.23803428 0.61533135 1.74264014
0.00000000 0.00000000 0.00000000 1.00000000
122 93.508701 0.970204
0.99408865 -0.06347419 0.08808324 -0.18942489
0.05671358 0.99539828 0.07724059 -0.41805500
-0.09258062 -0.07178843 0.99311399 1.33989239
0.00000000 0.00000000 0.00000000 1.00000000
123 1.755243 0.045155
0.58994544 0.53263247 -0.60684991 0.73054725
-0.43786523 0.84250009 0.31379509 0.34930301
0.67840898 0.08059669 0.73025036 -0.11613083
0.00000000 0.00000000 0.00000000 1.00000000
124 1.261761 0.045062
0.73497170 0.37843555 -0.56267667 0.44193754
-0.37544799 0.91809392 0.12706459 0.19156577
0.56467462 0.11786768 0.81685507 0.28926587
0.00000000 0.00000000 0.00000000 1.00000000
125 2.737095 0.057196
0.90721053 0.19523339 -0.37262958 0.15210576
-0.24554178 0.96499002 -0.09220904 -0.05451590
0.34158173 0.17514879 0.92338753 0.57212460
0.00000000 0.00000000 0.00000000 1.00000000
126 2.003888 0.041651
0.91436005 0.07397531 -0.39808717 -0.21278292
-0.09945303 0.99408251 -0.04370436 -0.14513737
0.39249817 0.07955274 0.91630614 0.70063746
0.00000000 0.00000000 0.00000000 1.00000000
127 2.815638 0.024238
0.58236068 0.38442379 -0.71629190 0.32677305
-0.32945579 0.91712719 0.22435510 -0.18007006
0.74317926 0.10533038 0.66074973 0.04827273
0.00000000 0.00000000 0.00000000 1.00000000
128 0.626826 0.015223
0.94210023 0.12224099 -0.31225643 -0.08971748
-0.06797267 0.98147213 0.17914450 0.03157867
0.32836995 -0.14754707 0.93295395 0.03861713
0.00000000 0.00000000 0.00000000 1.00000000
129 1.233529 0.026228
0.99735069 -0.02806928 -0.06711479 -0.28765455
0.04018610 0.98160511 0.18664768 -0.03605032
0.06064108 -0.18884966 0.98013210 0.21174550
0.00000000 0.00000000 0.00000000 1.00000000
130 1.412223 0.048503
0.95678079 -0.14800233 0.25033104 -0.60964268
0.10136101 0.97654694 0.18995053 -0.20328033
-0.27257305 -0.15636763 0.94934332 0.54269385
0.00000000 0.00000000 0.00000000 1.00000000
131 1.705709 0.014160
0.94903386 -0.26016730 0.17790146 -1.00223732
0.24261770 0.96333688 0.11453769 -0.30238223
-0.20117819 -0.06553790 0.97736001 1.08058441
0.00000000 0.00000000 0.00000000 1.00000000
132 3.250766 0.079239
0.98610145 -0.13731697 -0.09353133 -1.18870461
0.14455354 0.98660910 0.07554787 -0.18919596
0.08190490 -0.08801773 0.99274600 0.61156368
0.00000000 0.00000000 0.00000000 1.00000000
133 5.094623 0.177072
0.98609686 0.04063675 -0.16111858 -1.51276517
-0.03174067 0.99784631 0.05740286 0.21741357
0.16310449 -0.05149084 0.98526418 0.13643551
0.00000000 0.00000000 0.00000000 1.00000000
134 7.318718 0.264976
0.99913388 0.02559149 0.03282644 -2.09756613
-0.02691856 0.99881178 0.04062451 0.45334056
-0.03174794 -0.04147261 0.99863523 0.13252211
0.00000000 0.00000000 0.00000000 1.00000000
135 2.758325 0.067607
0.85282540 -0.34356219 0.39325976 -2.27072644
0.30153993 0.93884265 0.16627631 -0.12867641
-0.42633528 -0.02322110 0.90426695 0.58319628
0.00000000 0.00000000 0.00000000 1.00000000
136 0.822819 0.039539
0.40017545 -0.45964774 0.79283226 -2.09184074
0.49775052 0.83541054 0.23309723 -0.46742976
-0.76948321 0.30135265 0.56310070 1.44621396
0.00000000 0.00000000 0.00000000 1.00000000
137 4.033617 0.112679
0.05359279 -0.48359656 0.87364894 -1.68515491
0.53417933 0.75307935 0.38408858 -0.54254735
-0.84367073 0.44610083 0.29868689 1.63156271
0.00000000 0.00000000 0.00000000 1.00000000
138 0.000000 0.011908
0.39939588 0.71716094 -0.57110631 0.93813407
-0.65062582 0.66060823 0.37454504 -0.19628415
0.64588630 0.22198474 0.73044789 0.15734088
0.00000000 0.00000000 0.00000000 1.00000000
139 0.000000 0.017166
0.87815911 0.33068609 -0.34566271 0.76413941
-0.31136245 0.94369328 0.11178747 0.30022743
0.36316621 0.00945896 0.93167627 -0.10678256
0.00000000 0.00000000 0.00000000 1.00000000
140 0.000000 0.013244
0.95530260 0.16190350 -0.24735352 0.48078257
-0.17598575 0.98374236 -0.03577107 0.15719774
0.23754075 0.07770261 0.96826470 0.27730429
0.00000000 0.00000000 0.00000000 1.00000000
141 0.000000 0.015262
0.99821860 -0.05779608 -0.01484142 0.20605251
0.05410129 0.98152727 -0.18351713 -0.07963333
0.02517346 0.18238747 0.98290467 0.53851593
0.00000000 0.00000000 0.00000000 1.00000000
142 0.744410 0.010084
0.98536682 -0.16558988 -0.04038715 -0.15704340
0.16153902 0.98287791 -0.08862808 -0.15879852
0.05437159 0.08080611 0.99524522 0.67494905
0.00000000 0.00000000 0.00000000 1.00000000
143 2.331625 0.063291
0.98040891 -0.07647520 -0.18151790 0.78072327
0.10890770 0.97833860 0.17604509 0.30971885
0.16412354 -0.19236507 0.96750116 -0.58982933
0.00000000 0.00000000 0.00000000 1.00000000
144 0.927040 0.029411
0.86067665 0.17095512 -0.47959316 0.81684518
-0.05594501 0.96799541 0.24465123 0.14843327
0.50606859 -0.18373525 0.84269571 -0.27661252
0.00000000 0.00000000 0.00000000 1.00000000
145 0.520394 0.033765
0.63660651 0.35350302 -0.68539608 0.72778803
-0.26006186 0.93509924 0.24074218 -0.07007894
0.72601700 0.02498764 0.68722242 0.06239164
0.00000000 0.00000000 0.00000000 1.00000000
146 0.214891 0.050701
0.52696246 0.41887283 -0.73949713 0.60351068
-0.34972048 0.89990205 0.26052162 -0.26025093
0.77460045 0.12133226 0.62070328 0.20473409
0.00000000 0.00000000 0.00000000 1.00000000
147 0.000000 0.017277
0.66581523 0.32168138 -0.67320967 0.48789752
-0.29744273 0.94192451 0.15590601 -0.30708081
0.68426454 0.09643710 0.72282946 0.26909864
0.00000000 0.00000000 0.00000000 1.00000000
148 0.508219 0.021157
0.85961479 0.18677661 -0.47558087 0.38721117
-0.17297071 0.98220986 0.07310152 -0.22526956
0.48077387 0.01942194 0.87662947 0.07703841
0.00000000 0.00000000 0.00000000 1.00000000
149 1.032493 0.028161
0.95798892 -0.11433189 0.26303303 -0.21015809
0.10594489 0.99331260 0.04589880 -0.06028211
-0.26652125 -0.01610315 0.96369469 0.14182138
0.00000000 0.00000000 0.00000000 1.00000000
150 1.610340 0.052402
0.81132537 -0.16756134 0.56006676 -0.54653621
0.15430152 0.98544741 0.07130250 -0.23403335
-0.56386411 0.02856937 0.82537317 0.44622970
0.00000000 0.00000000 0.00000000 1.00000000
151 1.477240 0.008715
0.80227923 -0.29764482 0.51745015 -0.93848258
0.32399523 0.94515461 0.04132938 -0.30017737
-0.50137222 0.13449273 0.85471421 0.99213696
0.00000000 0.00000000 0.00000000 1.00000000
152 1.830773 0.046282
0.93868333 -0.19724992 0.28278449 -1.11907077
0.21810208 0.97493768 -0.04392895 -0.17485750
-0.26703161 0.10291237 0.95817745 0.57362723
0.00000000 0.00000000 0.00000000 1.00000000
153 2.620922 0.102178
0.98132151 -0.11148733 0.15678106 -1.45521331
0.12461655 0.98924971 -0.07653549 0.13164765
-0.14656255 0.09464467 0.98466408 0.05684304
0.00000000 0.00000000 0.00000000 1.00000000
154 4.073907 0.188093
0.96027613 -0.11148207 0.25581759 -1.83611929
0.13449949 0.98812747 -0.07426283 0.32900533
-0.24450082 0.10572059 0.96386921 -0.08284807
0.00000000 0.00000000 0.00000000 1.00000000
155 1.875550 0.057230
0.63308209 -0.34650803 0.69219929 -2.22160244
0.37139779 0.92053896 0.12113470 -0.13431780
-0.67916965 0.18039322 0.71146864 0.48067582
0.00000000 0.00000000 0.00000000 1.00000000
156 2.114518 0.059899
0.09634908 -0.33996451 0.93548983 -2.12110710
0.50794786 0.82506025 0.24751882 -0.44222063
-0.85598278 0.45133251 0.25217831 1.31272864
0.00000000 0.00000000 0.00000000 1.00000000
157 1.090739 0.067532
0.62380165 0.57458657 -0.52983242 1.03556967
-0.65002453 0.75780946 0.05651000 -0.32217044
0.43398181 0.30915338 0.84621763 0.19782376
0.00000000 0.00000000 0.00000000 1.00000000
158 0.000000 0.018825
0.97455716 0.19980952 -0.10156052 0.87466061
-0.21263549 0.96747899 -0.13700220 0.27011314
0.07088375 0.15511146 0.98535061 -0.14485216
0.00000000 0.00000000 0.00000000 1.00000000
159 0.296075 0.022864
0.99736166 0.05487218 0.04752390 0.58322006
-0.04228160 0.97128630 -0.23412547 0.12303299
-0.05900626 0.23149829 0.97104418 0.22729325
0.00000000 0.00000000 0.00000000 1.00000000
160 0.830866 0.022153
0.94022751 -0.14002903 0.31042442 0.29227936
0.23438752 0.92738152 -0.29159230 -0.08610246
-0.24705069 0.34692296 0.90477109 0.45752108
0.00000000 0.00000000 0.00000000 1.00000000
161 1.353930 0.025521
0.92183661 -0.24354984 0.30149558 -0.05314341
0.30261075 0.93832231 -0.16726482 -0.17099708
-0.24216285 0.24542657 0.93868113 0.60042775
0.00000000 0.00000000 0.00000000 1.00000000
162 1.878678 0.066410
0.97140992 -0.17704561 0.15817037 0.87402618
0.16973057 0.98373944 0.05872522 0.29024893
-0.16599590 -0.03019976 0.98566407 -0.64825261
0.00000000 0.00000000 0.00000000 1.00000000
163 0.412120 0.016270
0.97803897 0.02575004 -0.20682688 0.95349342
-0.01310241 0.99797243 0.06228858 0.11014159
0.20801120 -0.05821064 0.97639287 -0.25987291
0.00000000 0.00000000 0.00000000 1.00000000
164 0.995440 0.048402
0.84953761 0.18393984 -0.49442112 0.83870524
-0.20671105 0.97836286 0.00880000 -0.15815169
0.48534173 0.09472656 0.86917835 0.14608836
0.00000000 0.00000000 0.00000000 1.00000000
165 0.888674 0.032835
0.87975174 0.13745967 -0.45512772 0.58147264
-0.20005670 0.97544658 -0.09209700 -0.35441360
0.43129298 0.17207411 0.88565058 0.26557636
0.00000000 0.00000000 0.00000000 1.00000000
166 1.104290 0.035881
0.98194486 0.02966118 -0.18682696 0.48358020
-0.05546713 0.98936570 -0.13445565 -0.26319653
0.18085217 0.14239055 0.97314817 0.05954707
0.00000000 0.00000000 0.00000000 1.00000000
167 0.655513 0.038362
0.94151747 -0.05673873 0.33215454 -0.41659999
0.05586946 0.99836469 0.01217359 -0.15606332
-0.33230156 0.00709644 0.94314706 0.24482679
0.00000000 0.00000000 0.00000000 1.00000000
168 0.833217 0.019167
0.93743211 -0.19362170 0.28936440 -0.79461449
0.22012310 0.97351885 -0.06170636 -0.18518567
-0.26975396 0.12154192 0.95522833 0.80270362
0.00000000 0.00000000 0.00000000 1.00000000
169 0.989525 0.011357
0.99481720 -0.09706977 0.03026552 -0.95613599
0.09992917 0.98836029 -0.11470342 -0.07896060
-0.01877925 0.11713266 0.99293822 0.43011117
0.00000000 0.00000000 0.00000000 1.00000000
170 2.727065 0.150711
0.99180359 -0.00958940 -0.12740883 -1.19081199
-0.00704180 0.99156117 -0.12944672 0.22353405
0.12757513 0.12928325 0.98336661 -0.04542446
0.00000000 0.00000000 0.00000000 1.00000000
171 3.074471 0.151952
0.99999446 -0.00237416 0.00254011 -1.65771222
0.00266659 0.99253327 -0.12194791 0.39733076
-0.00223202 0.12195358 0.99253404 -0.18781829
0.00000000 0.00000000 0.00000000 1.00000000
172 1.888652 0.024033
0.82654148 -0.24607283 0.50623918 -2.15834451
0.28267798 0.95920360 0.00471891 -0.02919933
-0.48674738 0.13920210 0.86238033 0.27156639
0.00000000 0.00000000 0.00000000 1.00000000
173 1.000147 0.031444
0.36333427 -0.28326368 0.88755268 -2.19715214
0.46622330 0.88007480 0.09002146 -0.30536911
-0.80661249 0.38109016 0.45182544 1.12685788
0.00000000 0.00000000 0.00000000 1.00000000
174 2.510298 0.066420
-0.00423844 -0.31775826 0.94816220 -1.92654991
0.49055472 0.82558185 0.27887040 -0.45692730
-0.87139994 0.46630716 0.15237784 1.40302777
0.00000000 0.00000000 0.00000000 1.00000000
175 0.563018 0.085384
0.38983014 0.60517490 -0.69411379 1.26918399
-0.69186163 0.68991303 0.21294564 -0.44495714
0.60774893 0.39721829 0.68764651 0.26332378
0.00000000 0.00000000 0.00000000 1.00000000
176 0.000000 0.035840
0.88281256 0.28842023 -0.37075174 1.14241993
-0.34222999 0.93557352 -0.08708078 0.26107952
0.32174826 0.20375945 0.92464137 -0.19784665
0.00000000 0.00000000 0.00000000 1.00000000
177 0.414959 0.013467
0.96493185 0.13705191 -0.22388482 0.81493920
-0.18982005 0.95340800 -0.23448226 0.20122354
0.18131715 0.26875758 0.94598830 0.12744701
0.00000000 0.00000000 0.00000000 1.00000000
178 1.289982 0.042206
0.99719232 -0.01923824 0.07236568 0.43957046
0.04410371 0.93190920 -0.35999846 0.04416993
-0.06051274 0.36217901 0.93014205 0.33404803
0.00000000 0.00000000 0.00000000 1.00000000
179 0.578784 0.028541
0.98806429 -0.14100412 0.06202296 0.09761979
0.15234664 0.95405143 -0.25802460 -0.03414428
-0.02279048 0.26439416 0.96414554 0.46694636
0.00000000 0.00000000 0.00000000 1.00000000
180 0.979587 0.075817
0.87206161 0.12486973 -0.47319621 1.25540805
-0.11711024 0.99205458 0.04596457 0.14948812
0.47517681 0.01533218 0.87975633 -0.25916910
0.00000000 0.00000000 0.00000000 1.00000000
181 2.824938 0.074631
0.89335483 0.12530337 -0.43152806 0.71369696
-0.19596295 0.97284126 -0.12320016 -0.22740248
0.40437078 0.19462499 0.89364719 0.01059294
0.00000000 0.00000000 0.00000000 1.00000000
182 0.822344 0.025445
0.99055815 -0.13213459 -0.03654210 -0.42405045
0.12758408 0.98603839 -0.10700634 0.03164589
0.05017097 0.10133326 0.99358654 0.58807230
0.00000000 0.00000000 0.00000000 1.00000000
183 2.125780 0.127036
0.94345975 -0.02507108 -0.33053750 -0.41137725
-0.02014598 0.99095637 -0.13266532 0.12033951
0.33087409 0.13182342 0.93442225 0.35902452
0.00000000 0.00000000 0.00000000 1.00000000
184 1.888030 0.053110
0.96422565 -0.19250806 0.18223549 -1.83658922
0.21019278 0.97412038 -0.08311629 0.23696470
-0.16151869 0.11844707 0.97973561 -0.03644013
0.00000000 0.00000000 0.00000000 1.00000000
185 1.107828 0.028967
0.65587664 -0.25245076 0.71140313 -2.14004087
0.42637146 0.90158546 -0.07315284 0.04489315
-0.62292320 0.35130143 0.69896650 0.75434220
0.00000000 0.00000000 0.00000000 1.00000000
186 0.987942 0.035695
0.31146461 -0.30795866 0.89897239 -2.09991717
0.50699276 0.85398823 0.11689192 -0.17178518
-0.80370903 0.41936547 0.42212003 1.08534968
0.00000000 0.00000000 0.00000000 1.00000000
187 2.171867 0.050087
0.70078897 0.31102419 -0.64199626 1.62796319
-0.38332918 0.92316306 0.02880600 0.26313332
0.60162592 0.22590968 0.76616681 -0.12137377
0.00000000 0.00000000 0.00000000 1.00000000
188 0.000000 0.020288
0.82420707 0.20597146 -0.52750289 1.31097186
-0.32634360 0.93403363 -0.14519385 0.24618220
0.46279958 0.29181761 0.83705401 0.15541589
0.00000000 0.00000000 0.00000000 1.00000000
189 1.978728 0.031977
0.96574414 0.03762072 -0.25675395 0.89682823
-0.12729847 0.93088198 -0.34242079 0.22485411
0.22612514 0.36337402 0.90378410 0.24643433
0.00000000 0.00000000 0.00000000 1.00000000
190 0.721992 0.019373
0.95969194 -0.07944930 -0.26959035 0.54358381
0.00055580 0.95974827 -0.28086188 0.18429446
0.28105319 0.26939130 0.92110693 0.39172542
0.00000000 0.00000000 0.00000000 1.00000000
191 2.518084 0.041755
0.67753398 0.13187794 -0.72357154 1.65415764
-0.11066949 0.99087250 0.07696790 0.24476771
0.72711748 0.02792895 0.68594468 -0.22422457
0.00000000 0.00000000 0.00000000 1.00000000
192 4.396767 0.110434
0.71166843 0.16186301 -0.68361390 1.14329684
-0.27435419 0.95985758 -0.05834205 -0.15338838
0.64672917 0.22907266 0.72750771 0.10392153
0.00000000 0.00000000 0.00000000 1.00000000
193 2.017515 0.053911
0.88768315 0.35644451 -0.29148996 -0.75622189
-0.32526356 0.93349373 0.15097512 0.22189152
0.32591811 -0.03920706 0.94458473 -0.02752948
0.00000000 0.00000000 0.00000000 1.00000000
194 1.010656 0.016481
0.94459867 0.28116119 -0.16935509 -0.53179216
-0.26357141 0.95725596 0.11912258 0.22398916
0.19560921 -0.06788607 0.97832900 -0.27116609
0.00000000 0.00000000 0.00000000 1.00000000
195 0.000000 0.012583
0.96933097 0.23278812 -0.07879567 -0.26901567
-0.22433838 0.96904260 0.10310210 0.23908481
0.10035628 -0.08226313 0.99154574 -0.28586102
0.00000000 0.00000000 0.00000000 1.00000000
196 0.000000 0.022592
0.92061883 0.33884582 -0.19402319 -0.03055242
-0.33365577 0.94079274 0.05985916 0.41898787
0.20281798 0.00962958 0.97916949 -0.55636239
0.00000000 0.00000000 0.00000000 1.00000000
197 58.373985 0.799851
0.17630407 -0.48576692 0.85612369 -1.73832202
0.42989394 0.82041454 0.37697613 -0.56708241
-0.88549894 0.30158004 0.35347039 1.77190936
0.00000000 0.00000000 0.00000000 1.00000000
198 2.151951 0.054542
0.53782678 -0.28745165 0.79253685 -1.82327819
