0 0.672021 0.045413
0.99931258 0.03368717 0.01551775 -0.69758666
-0.03459258 0.99745667 0.06234360 0.19209185
-0.01337803 -0.06283575 0.99793482 -0.18811536
0.00000000 0.00000000 0.00000000 1.00000000
1 0.927462 0.039638
0.97389263 0.22422245 -0.03547131 -0.40031061
-0.22308314 0.97422749 0.03339791 0.32417941
0.04204587 -0.02461240 0.99881279 -0.40223575
0.00000000 0.00000000 0.00000000 1.00000000
2 0.334550 0.019600
0.98576742 0.15050377 0.07490525 -0.16330692
-0.15225214 0.98817468 0.01817855 0.34407920
-0.07128353 -0.02932397 0.99702513 -0.66795397
0.00000000 0.00000000 0.00000000 1.00000000
3 0.910857 0.032356
0.97766519 0.10532977 0.18186811 0.02193192
-0.11125187 0.99353409 0.02264696 0.34691429
-0.17830718 -0.04237449 0.98306203 -0.72476459
0.00000000 0.00000000 0.00000000 1.00000000
4 2.577090 0.041992
0.97805732 0.20319444 0.04599658 0.33864710
-0.20113152 0.97849381 -0.04578713 0.51761055
-0.05431109 0.03553125 0.99789172 -0.94590378
0.00000000 0.00000000 0.00000000 1.00000000
5 2.365792 0.066561
0.87712979 0.36720902 -0.30951518 0.66313148
-0.40694928 0.91052979 -0.07299265 0.59403098
0.25501958 0.18998104 0.94808841 -0.85560691
0.00000000 0.00000000 0.00000000 1.00000000
6 1.414162 0.036098
0.81419438 0.42750880 -0.39284238 0.05896771
-0.39076725 0.90393221 0.17380694 0.16264121
0.42940640 0.01199782 0.90303200 -0.31500697
0.00000000 0.00000000 0.00000000 1.00000000
7 0.279765 0.008936
0.99725425 -0.06010148 0.04325835 0.11315014
0.06093510 0.99797529 -0.01821309 0.05417690
-0.04207610 0.02079925 0.99889767 -0.12288499
0.00000000 0.00000000 0.00000000 1.00000000
8 2.500611 0.082848
0.76839286 -0.09894267 0.63228428 -2.38845301
0.10258240 0.99424481 0.03091985 0.02113616
-0.63170338 0.04110277 0.77412033 0.94240367
0.00000000 0.00000000 0.00000000 1.00000000
9 1.024884 0.097560
0.29432586 -0.30663604 0.90517831 -2.03296590
0.31981656 0.92412698 0.20906362 -0.29668799
-0.90060544 0.22795901 0.37006086 1.55392766
0.00000000 0.00000000 0.00000000 1.00000000
10 2.867988 0.167613
0.19296646 -0.29633206 0.93538845 -2.12913394
0.33455187 0.91605151 0.22118899 -0.01536022
-0.92240930 0.27025330 0.27590570 1.20878410
0.00000000 0.00000000 0.00000000 1.00000000
11 1.936338 0.128471
0.25077617 -0.30038643 0.92026085 -2.25819039
0.30329999 0.92715490 0.21998589 0.28767943
-0.91930538 0.22394785 0.32361531 0.61959803
0.00000000 0.00000000 0.00000000 1.00000000
12 0.831807 0.036212
0.95858943 -0.09743774 0.26760399 0.24306272
0.10929941 0.99356377 -0.02975738 0.22966123
-0.26298219 0.05777395 0.96306974 -0.43452239
0.00000000 0.00000000 0.00000000 1.00000000
13 2.427855 0.113225
-0.25971133 -0.49911904 0.82669818 -2.16746187
0.46521097 0.68552345 0.56003273 -0.25880373
-0.84624410 0.53003567 0.05415738 0.58964050
0.00000000 0.00000000 0.00000000 1.00000000
14 2.570245 0.097202
-0.71662849 -0.36195087 0.59618372 -1.59363687
0.52254927 0.28751197 0.80267018 -1.05954695
-0.46193725 0.88675153 -0.01690233 1.17267215
0.00000000 0.00000000 0.00000000 1.00000000
15 0.000000 0.012954
0.35773402 0.50384581 -0.78623480 1.58744919
-0.67687398 0.71993959 0.15338667 0.43024191
0.64332551 0.47731024 0.59858680 -0.00800550
0.00000000 0.00000000 0.00000000 1.00000000
16 1.334422 0.031177
0.64314449 0.41601157 -0.64288384 1.10145938
-0.59941024 0.79595995 -0.08458683 0.47599190
0.47652042 0.43975291 0.76127911 0.03671479
0.00000000 0.00000000 0.00000000 1.00000000
17 2.823414 0.083556
0.71080476 0.31786078 -0.62747175 0.64036971
-0.47528046 0.87465495 -0.09532377 0.44803315
0.51852173 0.36598173 0.77278215 0.12865818
0.00000000 0.00000000 0.00000000 1.00000000
18 0.860938 0.030902
0.93307304 -0.14707029 0.32824644 0.01482970
0.11266004 0.98616457 0.12160125 0.43466625
-0.34158909 -0.07648280 0.93673247 -0.71354449
0.00000000 0.00000000 0.00000000 1.00000000
19 2.082811 0.089825
0.96265024 -0.01343194 0.27041307 0.45753849
-0.09958512 0.91118664 0.39977682 0.10174328
-0.25176656 -0.41177452 0.87581694 -0.21792078
0.00000000 0.00000000 0.00000000 1.00000000
20 1.298147 0.050675
0.98023790 0.10400002 -0.16827944 0.23100832
-0.09128144 0.99247241 0.08164743 0.44366097
0.17550392 -0.06467295 0.98235208 -0.51680088
0.00000000 0.00000000 0.00000000 1.00000000
21 1.354508 0.055194
0.93934178 0.26026952 -0.22337468 0.05152392
-0.22932491 0.96089053 0.15523693 0.20323570
0.25504172 -0.09459630 0.96229130 -0.35952950
0.00000000 0.00000000 0.00000000 1.00000000
22 0.870431 0.043162
0.95330679 0.19226968 -0.23289186 -0.30170438
-0.17126712 0.97934520 0.10746881 0.02753597
0.24874462 -0.06256455 0.96654618 -0.38572669
0.00000000 0.00000000 0.00000000 1.00000000
23 0.560928 0.031483
0.99598390 0.08686025 -0.02171241 -0.82626873
-0.08487345 0.99317980 0.07993084 0.15647042
0.02850699 -0.07776773 0.99656355 -0.06046987
0.00000000 0.00000000 0.00000000 1.00000000
24 0.790310 0.027561
0.95736933 0.28140610 -0.06523284 -0.53735542
-0.27734840 0.95858264 0.06478769 0.30030376
0.08076264 -0.04393342 0.99576485 -0.28156972
0.00000000 0.00000000 0.00000000 1.00000000
25 0.328649 0.013834
0.97543818 0.21629086 0.04170163 -0.27757883
-0.21797632 0.97508085 0.04128751 0.32398388
-0.03173222 -0.04936287 0.99827677 -0.53268385
0.00000000 0.00000000 0.00000000 1.00000000
26 1.177028 0.022552
0.97632766 0.16475853 0.14013848 -0.05978049
-0.17186368 0.98430330 0.04013133 0.33518219
-0.13132675 -0.06326580 0.98931825 -0.57660580
0.00000000 0.00000000 0.00000000 1.00000000
27 2.537133 0.038476
0.96388406 0.26598516 0.01340154 0.22339137
-0.26562047 0.96377695 -0.02408305 0.50412387
-0.01932174 0.01965374 0.99962008 -0.81274426
0.00000000 0.00000000 0.00000000 1.00000000
28 2.699796 0.049901
0.78469646 -0.07093635 0.61580765 -2.40735245
0.03877965 0.99710202 0.06544149 -0.05538017
-0.61866605 -0.02747169 0.78517365 1.12454736
0.00000000 0.00000000 0.00000000 1.00000000
29 1.587329 0.079815
0.33842546 -0.28001505 0.89836544 -1.98019671
0.25472620 0.94631565 0.19900204 -0.31571567
-0.90586078 0.16149056 0.39158413 1.74188828
0.00000000 0.00000000 0.00000000 1.00000000
30 1.686788 0.107534
0.23277812 -0.29972252 0.92519248 -2.05691910
0.28149641 0.93136787 0.23089862 -0.07250797
-0.93089974 0.20669003 0.30117276 1.38397074
0.00000000 0.00000000 0.00000000 1.00000000
31 0.785343 0.058517
0.27738574 -0.28892750 0.91628486 -2.19661117
0.23443353 0.94523674 0.22708690 0.23273487
-0.93171793 0.15181723 0.32992965 0.82760131
0.00000000 0.00000000 0.00000000 1.00000000
32 0.901355 0.017619
0.96926308 -0.04577106 0.24173042 0.13583075
0.05162357 0.99850547 -0.01792874 0.18232992
-0.24054873 0.02985682 0.97017729 -0.27526784
0.00000000 0.00000000 0.00000000 1.00000000
33 2.763288 0.111565
-0.17932475 -0.51203436 0.84003776 -2.04700327
0.45959309 0.71137214 0.53171748 -0.23507056
-0.86983711 0.48142579 0.10776100 0.67409497
0.00000000 0.00000000 0.00000000 1.00000000
34 3.844812 0.119555
-0.60208905 -0.43874693 0.66707671 -1.51698864
0.57422197 0.34256035 0.74358761 -0.99376303
-0.55476117 0.83075529 0.04568541 1.16490567
0.00000000 0.00000000 0.00000000 1.00000000
35 0.776825 0.018607
0.95182383 -0.09254742 0.29234719 -0.05706316
0.05350473 0.98887008 0.13884358 0.38849455
-0.30194247 -0.11651251 0.94617963 -0.54719210
0.00000000 0.00000000 0.00000000 1.00000000
36 2.308171 0.069421
0.98252141 0.02965510 0.18377016 0.39042744
-0.09924024 0.91867781 0.38233906 0.09389693
-0.15748739 -0.39389390 0.90556353 0.27372146
0.00000000 0.00000000 0.00000000 1.00000000
37 0.512819 0.020061
0.96535295 0.04082321 0.25773230 0.33315122
-0.15304640 0.88854676 0.43250412 0.08364153
-0.21135193 -0.45696431 0.86401021 -0.03988099
0.00000000 0.00000000 0.00000000 1.00000000
38 2.032399 0.071936
0.97051209 0.15477470 -0.18480369 0.02599674
-0.13746449 0.98512268 0.10314038 0.42399663
0.19801730 -0.07469422 0.97734874 -0.41962695
0.00000000 0.00000000 0.00000000 1.00000000
39 1.046798 0.036054
0.91389155 0.30262357 -0.27059436 -0.10071754
-0.25924096 0.94799507 0.18465880 0.18268189
0.31240427 -0.09860930 0.94481725 -0.27235174
0.00000000 0.00000000 0.00000000 1.00000000
40 0.092787 0.006892
0.97783613 0.19808277 -0.06781998 0.25337142
-0.19981161 0.97963762 -0.01966241 -0.01615950
0.06254409 0.03277856 0.99750429 -0.18132615
0.00000000 0.00000000 0.00000000 1.00000000
41 0.385630 0.014895
0.98921883 0.13839942 0.04788301 0.52652073
-0.13651139 0.98980355 -0.04067636 0.05696008
-0.05302432 0.03370261 0.99802494 -0.52027297
0.00000000 0.00000000 0.00000000 1.00000000
42 1.610583 0.083726
0.97893381 0.10559456 0.17474985 0.68823081
-0.10036212 0.99420428 -0.03853735 0.07571238
-0.17780666 0.02018687 0.98385823 -0.67209125
0.00000000 0.00000000 0.00000000 1.00000000
43 2.985440 0.056591
0.98169726 0.18880494 0.02495570 0.97972071
-0.18575020 0.97815156 -0.09335122 0.15295783
-0.04203562 0.08700567 0.99531984 -0.81470299
0.00000000 0.00000000 0.00000000 1.00000000
44 1.991544 0.024934
0.88278061 0.33799908 -0.32627520 1.11603856
-0.39671069 0.90835083 -0.13236436 0.13884592
0.25163281 0.24628544 0.93596202 -0.53969407
0.00000000 0.00000000 0.00000000 1.00000000
45 1.649007 0.033403
0.61818862 0.41256315 -0.66905493 1.19425678
-0.53005970 0.84732753 0.03273076 -0.13214573
0.58041316 0.33440483 0.74249148 -0.04661381
0.00000000 0.00000000 0.00000000 1.00000000
46 1.968415 0.032680
0.34661818 0.38568607 -0.85504532 1.02782023
-0.45508483 0.86623257 0.20625103 -0.18215609
0.82021582 0.31762767 0.47577161 0.40201783
0.00000000 0.00000000 0.00000000 1.00000000
47 0.000000 0.048613
0.58510345 0.36743388 -0.72294325 0.92134106
-0.39363408 0.90808505 0.14295048 -0.12650038
0.70901805 0.20093407 0.67595804 0.27444422
0.00000000 0.00000000 0.00000000 1.00000000
48 0.000000 0.022136
0.80922341 0.36445349 -0.46079412 0.55384731
-0.35387361 0.92845547 0.11288303 -0.23460889
0.46896797 0.07171500 0.88029838 0.20058298
0.00000000 0.00000000 0.00000000 1.00000000
49 0.864114 0.084148
0.82797569 0.22062358 -0.51554078 0.18664873
-0.28160340 0.95860970 -0.04203069 -0.15770191
0.48492932 0.17997795 0.85583353 0.80339670
0.00000000 0.00000000 0.00000000 1.00000000
50 0.000000 0.038309
0.95518368 0.06010411 0.28984696 -1.57932258
-0.01625109 0.98833984 -0.15139422 0.04100972
-0.29556650 0.13989872 0.94502276 0.46798801
0.00000000 0.00000000 0.00000000 1.00000000
51 1.360275 0.066099
0.78752095 -0.10709462 0.60691077 -1.65529418
0.15141454 0.98822254 -0.02209333 -0.08172670
-0.59739733 0.10929370 0.79446220 0.60772586
0.00000000 0.00000000 0.00000000 1.00000000
52 3.486948 0.118292
0.33832031 -0.24366882 0.90893596 -1.57762122
0.33035553 0.93517232 0.12773830 -0.16841933
-0.88113844 0.25705516 0.39688504 0.91555524
0.00000000 0.00000000 0.00000000 1.00000000
53 2.344183 0.037555
0.17277157 0.50934809 -0.84303939 1.79989839
-0.62263715 0.71968281 0.30721620 -0.15845874
0.76319993 0.47182950 0.44147998 0.26871276
0.00000000 0.00000000 0.00000000 1.00000000
54 1.760586 0.014003
0.36730415 0.43282452 -0.82325608 1.59907854
-0.64449894 0.75661725 0.11023968 -0.13763016
0.67060387 0.49009609 0.55686343 0.48637247
0.00000000 0.00000000 0.00000000 1.00000000
55 1.161632 0.014820
0.64184082 0.35901260 -0.67760628 1.37384772
-0.59114921 0.79449511 -0.13900357 -0.12623757
0.48845005 0.48978519 0.72216904 0.47903943
0.00000000 0.00000000 0.00000000 1.00000000
56 0.914288 0.030047
0.68228626 0.25331852 -0.68579471 1.03892851
-0.46642143 0.87317044 -0.14150468 -0.09550697
0.56297064 0.41641593 0.71390581 0.66533613
0.00000000 0.00000000 0.00000000 1.00000000
57 2.149038 0.101233
0.95868170 -0.03722300 0.28203648 1.08991516
-0.06052412 0.94201905 0.33005774 -0.01916209
-0.27796906 -0.33348995 0.90084338 -0.18522763
0.00000000 0.00000000 0.00000000 1.00000000
58 0.999364 0.028310
0.99108440 -0.06124918 0.11832908 0.28750461
0.06285986 0.99797344 -0.00992170 0.03910536
-0.11748174 0.01727229 0.99292529 -0.31540799
0.00000000 0.00000000 0.00000000 1.00000000
59 1.305363 0.026841
0.97238332 -0.09781659 0.21190163 0.55338818
0.10437170 0.99433792 -0.01994517 0.09460959
-0.20875144 0.04151079 0.97708732 -0.41994810
0.00000000 0.00000000 0.00000000 1.00000000
60 2.409079 0.027558
0.99577314 -0.00337729 0.09178671 0.75323886
0.01135497 0.99618465 -0.08653173 0.18097967
-0.09114414 0.08720815 0.99201179 -0.60512149
0.00000000 0.00000000 0.00000000 1.00000000
61 3.038604 0.041936
0.95337588 0.15074705 -0.26143670 0.83256823
-0.18695347 0.97507000 -0.11952394 0.16571647
0.23690103 0.16282737 0.95779127 -0.42534029
0.00000000 0.00000000 0.00000000 1.00000000
62 0.000000 0.074778
0.68943977 0.25814420 -0.67678189 0.64231312
-0.21324791 0.96526653 0.15094405 -0.03537789
0.69224137 0.04025467 0.72054255 0.24474788
0.00000000 0.00000000 0.00000000 1.00000000
63 0.519641 0.027044
0.89717567 0.20741615 -0.38994214 0.24388003
-0.17026901 0.97705483 0.12795800 -0.16760828
0.40753523 -0.04840526 0.91190588 0.25768304
0.00000000 0.00000000 0.00000000 1.00000000
64 1.927829 0.149606
0.87652630 0.05877249 -0.47775167 -0.06146640
-0.08552624 0.99574089 -0.03441954 -0.12068951
0.47369400 0.07102957 0.87782001 0.87322402
0.00000000 0.00000000 0.00000000 1.00000000
65 0.903090 0.031152
0.92326927 -0.14622645 0.35523367 -1.76263463
0.20110893 0.97186083 -0.12264243 -0.00996184
-0.32730377 0.18467212 0.92669702 0.73204207
0.00000000 0.00000000 0.00000000 1.00000000
66 1.158258 0.057879
0.70017904 -0.27873424 0.65730965 -1.72754347
0.34820902 0.93704361 0.02643743 -0.15825960
-0.62329733 0.21036988 0.75315607 0.91171932
0.00000000 0.00000000 0.00000000 1.00000000
67 2.753068 0.089949
0.20356584 -0.33465689 0.92009026 -1.48724985
0.51124913 0.83780038 0.19161488 -0.27077448
-0.83497655 0.43138918 0.34164041 1.20472455
0.00000000 0.00000000 0.00000000 1.00000000
68 4.491175 0.177280
0.08951265 -0.32430708 0.94170785 -1.59881783
0.54079008 0.80981445 0.22748187 0.01604405
-0.83638239 0.48890233 0.24787022 0.79879296
0.00000000 0.00000000 0.00000000 1.00000000
69 2.015186 0.021571
0.50213623 0.37385583 -0.77980191 1.34615898
-0.48772135 0.86706340 0.10163376 -0.00349292
0.71413410 0.32929203 0.61772144 0.42690766
0.00000000 0.00000000 0.00000000 1.00000000
70 1.550155 0.034864
0.74394006 0.24777322 -0.62061393 1.04882097
-0.41776517 0.89730358 -0.14254376 -0.03897204
0.52156049 0.36531460 0.77105129 0.47124112
0.00000000 0.00000000 0.00000000 1.00000000
71 1.867184 0.035066
0.76495272 0.11470246 -0.63379079 0.72853053
-0.26252595 0.95409173 -0.14418480 -0.02866977
0.58815581 0.27668136 0.75994742 0.66132653
0.00000000 0.00000000 0.00000000 1.00000000
72 2.495910 0.086598
0.92097634 -0.22752668 0.31628412 0.99670041
0.10660177 0.92794997 0.35713467 0.04066792
-0.37475342 -0.29519603 0.87887388 0.07520604
0.00000000 0.00000000 0.00000000 1.00000000
73 0.571298 0.005048
0.99403477 -0.04000701 0.10145921 0.28596610
0.04080623 0.99915028 -0.00581029 0.02982399
-0.10114066 0.00991565 0.99482238 -0.07485890
0.00000000 0.00000000 0.00000000 1.00000000
74 1.954446 0.025286
0.99808252 0.05634382 -0.02564739 0.46165833
-0.05778084 0.99656940 -0.05925581 0.12188289
0.02222056 0.06062463 0.99791372 -0.29687130
0.00000000 0.00000000 0.00000000 1.00000000
75 2.514661 0.036049
0.90960377 0.22644183 -0.34834585 0.41844726
-0.26659325 0.96116650 -0.07132445 0.17775774
0.31866729 0.15774363 0.93464851 -0.25442541
0.00000000 0.00000000 0.00000000 1.00000000
76 1.858780 0.018441
0.84326887 0.24184373 -0.48001003 -0.18475199
-0.17974177 0.96852386 0.17220780 -0.10762333
0.50654805 -0.05893949 0.86019492 0.35486364
0.00000000 0.00000000 0.00000000 1.00000000
77 4.870656 0.078197
0.76201034 -0.21845257 0.60960406 -1.86058700
0.24698332 0.96826363 0.03824690 -0.35266176
-0.59861386 0.12141803 0.79178196 1.36562443
0.00000000 0.00000000 0.00000000 1.00000000
78 1.498808 0.041431
0.30939204 -0.32882118 0.89227372 -1.32702613
0.46642810 0.87016189 0.15893993 -0.42106339
-0.82868654 0.36700684 0.42259225 1.59481668
0.00000000 0.00000000 0.00000000 1.00000000
79 2.245592 0.086874
0.20442888 -0.30191350 0.93115896 -1.41224265
0.49207318 0.85401773 0.16887054 -0.10693836
-0.84621096 0.42367655 0.32314950 1.17332423
0.00000000 0.00000000 0.00000000 1.00000000
80 2.151041 0.086060
0.26341176 -0.29124102 0.91967028 -1.53030264
0.45028585 0.88023233 0.14978129 0.21397218
-0.85314608 0.37466058 0.36300516 0.63278878
0.00000000 0.00000000 0.00000000 1.00000000
81 4.247131 0.056815
0.39751261 0.45534900 -0.79664457 0.92477036
-0.57955492 0.79769039 0.16675839 0.19968875
0.71140820 0.39541119 0.58099127 0.29091883
0.00000000 0.00000000 0.00000000 1.00000000
82 2.728787 0.049275
0.97602564 -0.16608208 0.14067663 0.81894094
0.10923498 0.93281507 0.34339732 -0.00544164
-0.18825775 -0.31979895 0.92859435 0.82593977
0.00000000 0.00000000 0.00000000 1.00000000
83 1.855407 0.055273
0.96432668 -0.16790357 0.20465538 0.79356092
0.08128241 0.92357028 0.37471512 0.04997432
-0.25192967 -0.34471220 0.90427047 0.45698333
0.00000000 0.00000000 0.00000000 1.00000000
84 2.739383 0.096857
0.98196584 -0.14725666 0.11856990 0.68626350
0.10011375 0.93702388 0.33460963 0.11866421
-0.16037646 -0.31670475 0.93486762 0.03461552
0.00000000 0.00000000 0.00000000 1.00000000
85 1.689802 0.064159
0.96429265 -0.15920308 0.21164581 0.58312839
0.08131969 0.93853366 0.33547264 0.12774321
-0.25204495 -0.30628285 0.91796768 -0.45950532
0.00000000 0.00000000 0.00000000 1.00000000
86 1.530846 0.063943
0.99623173 -0.06250143 -0.06013725 0.82271272
0.07710005 0.95574313 0.28392109 0.21781991
0.03973029 -0.28748748 0.95695990 -0.62652266
0.00000000 0.00000000 0.00000000 1.00000000
87 1.180349 0.017279
0.98725045 0.09860668 -0.12495016 0.16423865
-0.10498129 0.99343395 -0.04548126 0.12693872
0.11964534 0.05801848 0.99112022 -0.25504315
0.00000000 0.00000000 0.00000000 1.00000000
88 2.635519 0.036302
0.86275011 0.24395216 -0.44288778 0.12650394
-0.29183948 0.95553654 -0.04217676 0.25297460
0.41290617 0.16564001 0.89558434 -0.30648339
0.00000000 0.00000000 0.00000000 1.00000000
89 2.375699 0.040288
0.82172620 -0.25621873 0.50903797 -2.01569557
0.28822172 0.95742047 0.01664141 -0.44249207
-0.49162588 0.13304113 0.86058426 1.57041979
0.00000000 0.00000000 0.00000000 1.00000000
90 2.733374 0.059530
0.41621399 -0.30373514 0.85703593 -1.36039734
0.43373820 0.89472866 0.10645238 -0.54033530
-0.79914892 0.32742199 0.50413990 1.85780919
0.00000000 0.00000000 0.00000000 1.00000000
91 2.356674 0.083256
0.31012934 -0.29590762 0.90347028 -1.42376506
0.47160941 0.87303776 0.12405424 -0.25026739
-0.82547200 0.38761228 0.41030753 1.43027461
0.00000000 0.00000000 0.00000000 1.00000000
92 2.454314 0.095929
0.37424502 -0.29702237 0.87847495 -1.54931521
0.43913019 0.89113265 0.11422489 0.07739359
-0.81676465 0.34301674 0.46393356 0.87643445
0.00000000 0.00000000 0.00000000 1.00000000
93 4.835455 0.538893
0.19902547 -0.39732575 0.89583582 -2.08308172
0.53579938 0.80951715 0.24000408 0.10655369
-0.82055449 0.43222129 0.37400150 0.73857570
0.00000000 0.00000000 0.00000000 1.00000000
94 2.374051 0.040462
0.99000198 -0.13393831 0.04423511 0.52968931
0.11082670 0.93260568 0.34345895 -0.04135269
-0.08725640 -0.33512253 0.93812549 0.92519116
0.00000000 0.00000000 0.00000000 1.00000000
95 2.026999 0.045354
0.98699480 -0.11622168 0.11106321 0.51508361
0.06674294 0.92478019 0.37460488 0.02044573
-0.14624664 -0.36231923 0.92050916 0.58197021
0.00000000 0.00000000 0.00000000 1.00000000
96 2.453676 0.071018
0.99483949 -0.10013486 0.01641014 0.41352588
0.08855054 0.93571264 0.34147033 0.06627089
-0.04954789 -0.33825392 0.93974990 0.13333559
0.00000000 0.00000000 0.00000000 1.00000000
97 1.821342 0.063766
0.98728192 -0.11042690 0.11436889 0.31205553
0.06626017 0.93975198 0.33537447 0.10490766
-0.14451276 -0.32353088 0.93511701 -0.33584118
0.00000000 0.00000000 0.00000000 1.00000000
98 1.221412 0.047863
0.98473155 -0.04151490 -0.16905600 0.53612989
0.09109493 0.95045513 0.29721624 0.16797243
0.14834118 -0.30807790 0.93972498 -0.58756280
0.00000000 0.00000000 0.00000000 1.00000000
99 2.172408 0.113527
0.94683760 0.00419277 -0.32168561 0.60789472
0.07977130 0.96562946 0.24738207 0.30301327
0.31166607 -0.25989100 0.91395903 -0.76578891
0.00000000 0.00000000 0.00000000 1.00000000
100 0.805515 0.010429
0.92490369 0.18725446 -0.33089209 -0.10495561
-0.20721060 0.97795725 -0.02575747 0.16015473
0.31877553 0.09238777 0.94331723 -0.12243521
0.00000000 0.00000000 0.00000000 1.00000000
101 2.210100 0.047084
0.85621750 0.25544024 -0.44904453 -0.68655854
-0.16627294 0.95921367 0.22860831 -0.08138903
0.48912558 -0.12107462 0.86376917 0.42318952
0.00000000 0.00000000 0.00000000 1.00000000
102 3.042596 0.066923
0.94742459 -0.14525655 0.28510949 -2.34966040
0.16447309 0.98537624 -0.04452105 -0.35166940
-0.27447310 0.08907353 0.95746046 1.51541269
0.00000000 0.00000000 0.00000000 1.00000000
103 3.267944 0.061698
0.72876102 -0.33827195 0.59538299 -1.94526577
0.35013628 0.93128729 0.10054493 -0.56946993
-0.58848327 0.13519230 0.79712701 1.85734951
0.00000000 0.00000000 0.00000000 1.00000000
104 1.548639 0.043191
0.25518003 -0.41711572 0.87229562 -1.12287390
0.52789569 0.81593812 0.23573887 -0.71026456
-0.81007004 0.40032393 0.42840263 2.04757643
0.00000000 0.00000000 0.00000000 1.00000000
105 4.726297 0.108878
0.18695894 -0.35147041 0.91734087 -1.15917110
0.52067322 0.82730752 0.21085855 -0.33732140
-0.83303362 0.43821281 0.33767396 1.58134413
0.00000000 0.00000000 0.00000000 1.00000000
106 4.129104 0.131266
0.24989393 -0.37071252 0.89449739 -1.28967512
0.51492751 0.83322328 0.20146449 -0.01504165
-0.82000172 0.41025674 0.39910772 1.02449989
0.00000000 0.00000000 0.00000000 1.00000000
107 10.060714 0.130180
0.44679701 0.52271003 -0.72605038 0.42167962
-0.60150719 0.77626145 0.18870540 0.46873310
0.66224301 0.35241020 0.66124296 0.11694229
0.00000000 0.00000000 0.00000000 1.00000000
108 4.084661 0.064256
0.67040926 0.34678227 -0.65596712 0.12388730
-0.47819304 0.87790942 -0.02460795 0.15089534
0.56734639 0.33017588 0.75438768 0.44206393
0.00000000 0.00000000 0.00000000 1.00000000
109 2.152860 0.083928
0.69631970 0.19126448 -0.69177753 -0.22660232
-0.30576876 0.95105022 -0.04482824 0.04631332
0.64934063 0.24273872 0.72071809 0.58185983
0.00000000 0.00000000 0.00000000 1.00000000
110 3.956859 0.047438
0.96498626 -0.22154319 0.14042893 0.46407944
0.14700881 0.90018356 0.40994924 -0.08318639
-0.21723329 -0.37495100 0.90123326 1.24089670
0.00000000 0.00000000 0.00000000 1.00000000
111 3.216863 0.056035
0.95043659 -0.22253196 0.21713860 0.45062241
0.11200053 0.89653867 0.42857131 0.00658172
-0.29004404 -0.38301101 0.87702733 0.90520358
0.00000000 0.00000000 0.00000000 1.00000000
112 3.718786 0.083176
0.97178310 -0.19287823 0.13578102 0.30490458
0.12478973 0.90887952 0.39795223 0.04548791
-0.20016466 -0.36977899 0.90730262 0.44795680
0.00000000 0.00000000 0.00000000 1.00000000
113 5.212482 0.058487
0.21314465 0.42993999 -0.87733704 0.43457371
-0.47433114 0.83058268 0.29179156 0.00859101
0.85415345 0.35395467 0.38096827 -0.09446228
0.00000000 0.00000000 0.00000000 1.00000000
114 1.041550 0.051397
0.90083182 0.21080425 -0.37955779 -0.02992674
-0.18438834 0.97721636 0.10511750 0.00765869
0.39306915 -0.02470714 0.91917706 0.01723778
0.00000000 0.00000000 0.00000000 1.00000000
115 1.899604 0.045045
0.71458697 0.33563167 -0.61377239 -0.15225816
-0.18841696 0.93730539 0.29318500 0.05717518
0.67369467 -0.09386116 0.73302519 0.04122663
0.00000000 0.00000000 0.00000000 1.00000000
116 2.420750 0.058970
0.87572432 0.21584873 -0.43187338 -0.31858084
-0.10383750 0.95776820 0.26813304 -0.02399203
0.47151184 -0.18996708 0.86115563 0.23101246
0.00000000 0.00000000 0.00000000 1.00000000
117 2.223520 0.022238
0.98813015 0.08669832 -0.12681837 -0.64867318
-0.05162365 0.96491909 0.25742429 -0.20541167
0.14468741 -0.24782103 0.95794082 0.57463121
0.00000000 0.00000000 0.00000000 1.00000000
118 2.661093 0.031031
0.98067105 -0.02787536 -0.19366501 -1.05988431
0.05304000 0.99061167 0.12599212 -0.29921621
0.18833503 -0.13382989 0.97294331 1.10095668
0.00000000 0.00000000 0.00000000 1.00000000
119 115.834155 1.347679
-0.00606331 -0.85833991 0.51304573 -0.11788142
0.79392672 -0.31606650 -0.51940656 0.11550792
0.60798466 0.40417159 0.68337464 1.16455841
0.00000000 0.00000000 0.00000000 1.00000000
120 2.446166 0.046473
0.75276494 -0.35179278 0.55640423 -2.14398861
0.35536531 0.92865467 0.10637352 -0.45728916
-0.55412972 0.11765269 0.82407391 1.53698790
0.00000000 0.00000000 0.00000000 1.00000000
121 2.835451 0.073250
0.45594174 -0.48789498 0.74436259 -1.69159627
0.47804546 0.83971715 0.25758058 -0.58487076
-0.75072646 0.23839742 0.61609793 1.74277985
0.00000000 0.00000000 0.00000000 1.00000000
122 4.010539 0.108208
-0.10233690 -0.49353594 0.86368334 -0.92629093
0.55208814 0.69406700 0.46202868 -0.64282554
-0.82748169 0.52411205 0.20144704 1.82258701
0.00000000 0.00000000 0.00000000 1.00000000
123 1.746300 0.041619
0.59212345 0.53123420 -0.60595405 0.72733992
-0.43622312 0.84354937 0.31326514 0.34998688
0.67756879 0.07884014 0.73122180 -0.11801207
0.00000000 0.00000000 0.00000000 1.00000000
124 1.297243 0.044876
0.73509967 0.37867355 -0.56234729 0.44163871
-0.37583062 0.91796517 0.12685528 0.19187047
0.56425238 0.11809632 0.81711298 0.28928578
0.00000000 0.00000000 0.00000000 1.00000000
125 2.867306 0.058553
0.90603679 0.19692282 -0.37458968 0.15249437
-0.24819565 0.96419197 -0.09344330 -0.05092368
0.34277558 0.17763418 0.92246962 0.57183099
0.00000000 0.00000000 0.00000000 1.00000000
126 1.825206 0.038825
0.91449267 0.07090042 -0.39834118 -0.21561655
-0.09599453 0.99443543 -0.04338104 -0.14589566
0.39304903 0.07790986 0.91621029 0.69905317
0.00000000 0.00000000 0.00000000 1.00000000
127 3.049408 0.026175
0.58392870 0.38555801 -0.71440488 0.32422853
-0.33290842 0.91634876 0.22243747 -0.17719239
0.74040526 0.10794449 0.66343713 0.04571414
0.00000000 0.00000000 0.00000000 1.00000000
128 0.629318 0.015223
0.94210005 0.12224116 -0.31225628 -0.08971745
-0.06797300 0.98147190 0.17914438 0.03157887
0.32836962 -0.14754680 0.93295401 0.03861785
0.00000000 0.00000000 0.00000000 1.00000000
129 1.232894 0.026136
0.99735385 -0.02809779 -0.06704625 -0.28782710
0.04020061 0.98160523 0.18664187 -0.03604673
0.06056884 -0.18884322 0.98013759 0.21177197
0.00000000 0.00000000 0.00000000 1.00000000
130 1.807536 0.046786
0.95819813 -0.15013558 0.24354580 -0.59793663
0.10472079 0.97622406 0.18978852 -0.20406133
-0.26624870 -0.15635094 0.95113909 0.53780150
0.00000000 0.00000000 0.00000000 1.00000000
131 1.764362 0.014886
0.94938469 -0.25925314 0.17736234 -1.00214839
0.24190551 0.96361911 0.11366400 -0.30083999
-0.20037764 -0.06500620 0.97755975 1.07978272
0.00000000 0.00000000 0.00000000 1.00000000
132 3.125872 0.076563
0.98656452 -0.13541609 -0.09139878 -1.19111550
0.14233474 0.98705238 0.07395774 -0.18519235
0.08020049 -0.08597264 0.99306464 0.61287856
0.00000000 0.00000000 0.00000000 1.00000000
133 5.054856 0.165903
0.98687887 0.04017136 -0.15638462 -1.53147554
-0.03174636 0.99792600 0.05600213 0.22195646
0.15831009 -0.05030253 0.98610741 0.13611245
0.00000000 0.00000000 0.00000000 1.00000000
134 7.386924 0.267514
0.99909580 0.02652010 0.03322992 -2.09718847
-0.02784166 0.99881369 0.03994596 0.45569763
-0.03213122 -0.04083472 0.99864894 0.13366175
0.00000000 0.00000000 0.00000000 1.00000000
135 2.772905 0.063244
0.85094446 -0.34106770 0.39945585 -2.27441335
0.29840761 0.93976551 0.16671436 -0.12631387
-0.43225551 -0.02266417 0.90146631 0.59250879
0.00000000 0.00000000 0.00000000 1.00000000
136 0.747558 0.039037
0.39810115 -0.46021038 0.79355007 -2.09169173
0.49771845 0.83501703 0.23456764 -0.46970144
-0.77057862 0.30158240 0.56147629 1.44876170
0.00000000 0.00000000 0.00000000 1.00000000
137 4.056758 0.113440
0.05446540 -0.48715511 0.87161535 -1.68389118
0.53502440 0.75126553 0.38645723 -0.54532278
-0.84307915 0.44528681 0.30155766 1.62889194
0.00000000 0.00000000 0.00000000 1.00000000
138 0.000000 0.012230
0.39939904 0.71724981 -0.57099253 0.93796933
-0.65063089 0.66054720 0.37463999 -0.19662806
0.64587897 0.22187300 0.73048735 0.15750527
0.00000000 0.00000000 0.00000000 1.00000000
139 0.000000 0.017217
0.87820256 0.33128363 -0.34498140 0.76380211
-0.31216630 0.94347966 0.11135104 0.30024055
0.36237156 0.00990286 0.93198109 -0.10608017
0.00000000 0.00000000 0.00000000 1.00000000
140 0.000000 0.013246
0.95530343 0.16190276 -0.24735512 0.48077971
-0.17598498 0.98374343 -0.03577170 0.15719834
0.23754194 0.07770434 0.96826452 0.27729821
0.00000000 0.00000000 0.00000000 1.00000000
141 0.000000 0.014055
0.99825788 -0.05748244 -0.01333293 0.20493166
0.05406371 0.98149395 -0.18370426 -0.07942569
0.02364565 0.18266343 0.98289114 0.53951418
0.00000000 0.00000000 0.00000000 1.00000000
142 0.818527 0.010602
0.98527235 -0.16597153 -0.04112289 -0.15663561
0.16188677 0.98286402 -0.08814755 -0.15937656
0.05504830 0.08019152 0.99525791 0.67400885
0.00000000 0.00000000 0.00000000 1.00000000
143 2.319506 0.063414
0.98048854 -0.07614540 -0.18122208 0.78107178
0.10848261 0.97842652 0.17582367 0.31022990
0.16392508 -0.19205289 0.96759665 -0.58931398
0.00000000 0.00000000 0.00000000 1.00000000
144 0.933351 0.030948
0.86176181 0.17216183 -0.47720703 0.81441396
-0.05828562 0.96802628 0.24397916 0.15038861
0.50395346 -0.18243828 0.84424335 -0.27439380
0.00000000 0.00000000 0.00000000 1.00000000
145 0.515103 0.043035
0.63943189 0.35094213 -0.68408114 0.71995443
-0.25737053 0.93611920 0.23966891 -0.06777184
0.72449183 0.02281106 0.68890613 0.05489433
0.00000000 0.00000000 0.00000000 1.00000000
146 0.259443 0.052676
0.52881891 0.41910392 -0.73803949 0.60070115
-0.34965789 0.89993215 0.26050070 -0.26035589
0.77336264 0.12030363 0.62244409 0.20419455
0.00000000 0.00000000 0.00000000 1.00000000
147 0.039565 0.019354
0.66637111 0.32054847 -0.67319930 0.48703092
-0.29607451 0.94239533 0.15565641 -0.30649129
0.68431592 0.09559140 0.72289234 0.26705241
0.00000000 0.00000000 0.00000000 1.00000000
148 0.544646 0.021016
0.85788798 0.18797417 -0.47821864 0.38983572
-0.17338672 0.98199701 0.07495266 -0.22731291
0.48369884 0.01861525 0.87503612 0.07712460
0.00000000 0.00000000 0.00000000 1.00000000
149 1.030976 0.028168
0.95798755 -0.11434137 0.26303393 -0.21017332
0.10595296 0.99331206 0.04590696 -0.06029433
-0.26652372 -0.01610798 0.96369421 0.14181280
0.00000000 0.00000000 0.00000000 1.00000000
150 1.553686 0.052714
0.81109601 -0.16514735 0.56111431 -0.54791319
0.15185757 0.98587394 0.07065073 -0.23399967
-0.56485575 0.02790475 0.82471752 0.44693446
0.00000000 0.00000000 0.00000000 1.00000000
151 1.454277 0.008476
0.80207241 -0.29764462 0.51777202 -0.93896765
0.32396039 0.94516122 0.04149044 -0.30026451
-0.50172704 0.13446021 0.85451210 0.99227929
0.00000000 0.00000000 0.00000000 1.00000000
152 1.692579 0.040631
0.93783188 -0.19914831 0.28427404 -1.12544298
0.21982259 0.97461653 -0.04243588 -0.17662692
-0.26860717 0.10228753 0.95780337 0.57306457
0.00000000 0.00000000 0.00000000 1.00000000
153 2.548065 0.098670
0.98108912 -0.11253946 0.15747724 -1.45789599
0.12559123 0.98920441 -0.07551217 0.12859762
-0.14727864 0.09386238 0.98463148 0.05701447
0.00000000 0.00000000 0.00000000 1.00000000
154 4.052508 0.186782
0.96019214 -0.11175999 0.25600773 -1.83700252
0.13472389 0.98812032 -0.07393840 0.32796639
-0.24470353 0.10548553 0.96384239 -0.08289242
0.00000000 0.00000000 0.00000000 1.00000000
155 1.893826 0.057899
0.63339108 -0.34653547 0.69190252 -2.22115970
0.37148517 0.92052424 0.12096944 -0.13406125
-0.67883337 0.18041059 0.71178460 0.48004782
0.00000000 0.00000000 0.00000000 1.00000000
156 2.377017 0.065414
0.10140125 -0.34008762 0.93491107 -2.12579632
0.50880450 0.82527697 0.24502119 -0.43989938
-0.85488915 0.45084178 0.25672224 1.30877256
0.00000000 0.00000000 0.00000000 1.00000000
157 1.003272 0.064749
0.62471741 0.57437027 -0.52898723 1.03438759
-0.64961052 0.75819623 0.05607373 -0.32055029
0.43328321 0.30860513 0.84677529 0.19583893
0.00000000 0.00000000 0.00000000 1.00000000
158 0.000000 0.017678
0.97477925 0.19872478 -0.10155143 0.87342298
-0.21153061 0.96777278 -0.13663724 0.27092841
0.07112619 0.15467209 0.98540199 -0.14650512
0.00000000 0.00000000 0.00000000 1.00000000
159 0.281160 0.022884
0.99736661 0.05480185 0.04751617 0.58325130
-0.04221669 0.97129375 -0.23411015 0.12301767
-0.05898230 0.23148806 0.97104830 0.22730279
0.00000000 0.00000000 0.00000000 1.00000000
160 0.847191 0.022462
0.94018966 -0.14032836 0.31040639 0.29245293
0.23462868 0.92737526 -0.29141933 -0.08636627
-0.24696866 0.34681958 0.90483296 0.45744276
0.00000000 0.00000000 0.00000000 1.00000000
161 1.346684 0.025404
0.92180723 -0.24357551 0.30156597 -0.05331860
0.30265245 0.93831205 -0.16725254 -0.17095840
-0.24222422 0.24544513 0.93866134 0.60041344
0.00000000 0.00000000 0.00000000 1.00000000
162 1.465269 0.063176
0.97143042 -0.17088129 0.16469064 0.86979413
0.16330764 0.98483479 0.05858093 0.28476688
-0.17220297 -0.03001212 0.98460418 -0.64524198
0.00000000 0.00000000 0.00000000 1.00000000
163 0.418714 0.013771
0.97816116 0.02465889 -0.20638098 0.95116699
-0.01195989 0.99796975 0.06255454 0.10984483
0.20750442 -0.05872035 0.97647005 -0.26241183
0.00000000 0.00000000 0.00000000 1.00000000
164 0.937117 0.047125
0.85009682 0.18329699 -0.49369952 0.83706057
-0.20582666 0.97854877 0.00889817 -0.15851358
0.48474014 0.09405279 0.86958706 0.14455223
0.00000000 0.00000000 0.00000000 1.00000000
165 0.886470 0.032814
0.87974811 0.13743797 -0.45514187 0.58147907
-0.20004487 0.97544789 -0.09211628 -0.35440570
0.43130645 0.17208858 0.88564134 0.26560247
0.00000000 0.00000000 0.00000000 1.00000000
166 1.108888 0.036022
0.98202783 0.02964463 -0.18639523 0.48307711
-0.05544257 0.98932678 -0.13475591 -0.26279125
0.18041068 0.14266840 0.97318941 0.05962825
0.00000000 0.00000000 0.00000000 1.00000000
167 0.654318 0.038474
0.94150424 -0.05675801 0.33218768 -0.41672945
0.05589055 0.99836373 0.01217410 -0.15605041
-0.33233508 0.00710511 0.94313502 0.24483180
0.00000000 0.00000000 0.00000000 1.00000000
168 0.829451 0.019240
0.93740469 -0.19365343 0.28943387 -0.79462475
0.22014950 0.97351658 -0.06165397 -0.18532062
-0.26982877 0.12151408 0.95521116 0.80278325
0.00000000 0.00000000 0.00000000 1.00000000
169 1.121172 0.011140
0.99514508 -0.09347695 0.03080103 -0.95657307
0.09644133 0.98859555 -0.11566404 -0.07656693
-0.01963782 0.11807325 0.99281067 0.43020248
0.00000000 0.00000000 0.00000000 1.00000000
170 2.753637 0.152360
0.99172783 -0.00957090 -0.12800050 -1.18896699
-0.00713104 0.99156833 -0.12938644 0.22347289
0.12816042 0.12922943 0.98329747 -0.04585361
0.00000000 0.00000000 0.00000000 1.00000000
171 3.124619 0.154385
0.99999547 -0.00164992 0.00261644 -1.65800357
0.00195946 0.99240023 -0.12304050 0.40119052
-0.00239366 0.12304498 0.99239898 -0.18695307
0.00000000 0.00000000 0.00000000 1.00000000
172 1.926610 0.025274
0.82672191 -0.24536934 0.50628495 -2.15331197
0.28193769 0.95942128 0.00459912 -0.02792174
-0.48686957 0.13893896 0.86235392 0.27134418
0.00000000 0.00000000 0.00000000 1.00000000
173 0.969144 0.032617
0.36375225 -0.28250480 0.88762307 -2.20106602
0.46578217 0.88037938 0.08931975 -0.30575091
-0.80667913 0.38094869 0.45182586 1.12957585
0.00000000 0.00000000 0.00000000 1.00000000
174 2.500142 0.067026
-0.00434708 -0.31775814 0.94816154 -1.92595029
0.49011704 0.82579947 0.27899808 -0.45686471
-0.87164539 0.46592313 0.15214889 1.40239382
0.00000000 0.00000000 0.00000000 1.00000000
175 0.000000 0.076940
0.39266557 0.60493493 -0.69272590 1.26635289
-0.69098818 0.69112498 0.21185762 -0.44094926
0.60691833 0.39547604 0.68938327 0.25643027
0.00000000 0.00000000 0.00000000 1.00000000
176 0.000000 0.036096
0.88276845 0.28845209 -0.37082970 1.14260924
-0.34227052 0.93555987 -0.08705041 0.26096848
0.32182384 0.20376928 0.92461193 -0.19770849
0.00000000 0.00000000 0.00000000 1.00000000
177 0.444114 0.013917
0.96501511 0.13688737 -0.22362131 0.81424212
-0.18959530 0.95343769 -0.23454189 0.20160110
0.18110341 0.26873392 0.94603574 0.12704849
0.00000000 0.00000000 0.00000000 1.00000000
178 1.309853 0.042516
0.99715716 -0.01925988 0.07284655 0.43918046
0.04430494 0.93186504 -0.36009037 0.04424322
-0.06094798 0.36229420 0.93006927 0.33410823
0.00000000 0.00000000 0.00000000 1.00000000
179 0.599378 0.029018
0.98810369 -0.14049767 0.06254485 0.09788780
0.15198609 0.95422208 -0.25760487 -0.03502464
-0.02348892 0.26404580 0.96422410 0.46730280
0.00000000 0.00000000 0.00000000 1.00000000
180 0.861392 0.064475
0.87312305 0.12293112 -0.47174439 1.24661267
-0.11479685 0.99231756 0.04611582 0.14841411
0.47378993 0.01388976 0.88052797 -0.26749253
0.00000000 0.00000000 0.00000000 1.00000000
181 2.839866 0.075055
0.89344794 0.12517184 -0.43137315 0.71342152
-0.19569060 0.97292215 -0.12299486 -0.22780798
0.40429720 0.19430521 0.89375019 0.01076066
0.00000000 0.00000000 0.00000000 1.00000000
182 0.819483 0.025442
0.99055696 -0.13214257 -0.03654240 -0.42405403
0.12759259 0.98603821 -0.10700577 0.03164476
0.05017202 0.10133436 0.99358714 0.58807063
0.00000000 0.00000000 0.00000000 1.00000000
183 2.382774 0.142082
0.94195694 -0.02380636 -0.33488914 -0.39723635
-0.02238750 0.99080884 -0.13340633 0.12261063
0.33498755 0.13316077 0.93276572 0.36371136
0.00000000 0.00000000 0.00000000 1.00000000
184 2.261053 0.079635
0.96230143 -0.21318498 0.16890255 -1.81699371
0.22841153 0.97056890 -0.07631627 0.20789355
-0.14766216 0.11201841 0.98267359 -0.05478001
0.00000000 0.00000000 0.00000000 1.00000000
185 1.130904 0.029109
0.65588188 -0.25279367 0.71127576 -2.14011168
0.42667717 0.90144730 -0.07306635 0.04492116
-0.62270701 0.35140747 0.69910455 0.75410330
0.00000000 0.00000000 0.00000000 1.00000000
186 0.993866 0.035991
0.31149936 -0.30764735 0.89906704 -2.09979820
0.50696665 0.85404366 0.11659211 -0.17135224
-0.80371195 0.41947821 0.42200083 1.08537388
0.00000000 0.00000000 0.00000000 1.00000000
187 2.188922 0.050093
0.70079041 0.31081480 -0.64209628 1.62803614
-0.38296059 0.92331040 0.02897328 0.26302254
0.60185933 0.22559342 0.76607668 -0.12135327
0.00000000 0.00000000 0.00000000 1.00000000
188 0.000000 0.020849
0.82391906 0.20729828 -0.52743280 1.31131470
-0.32762539 0.93363929 -0.14484277 0.24548598
0.46240625 0.29213959 0.83715904 0.15527666
0.00000000 0.00000000 0.00000000 1.00000000
189 1.974768 0.031961
0.96573424 0.03770066 -0.25678095 0.89684129
-0.12738304 0.93087673 -0.34240675 0.22488004
0.22612239 0.36338377 0.90378165 0.24640441
0.00000000 0.00000000 0.00000000 1.00000000
190 0.742304 0.019396
0.95929271 -0.08037756 -0.27073446 0.54480088
0.00120701 0.95980275 -0.28067449 0.18443191
0.28241143 0.26892298 0.92082846 0.39215350
0.00000000 0.00000000 0.00000000 1.00000000
191 2.516528 0.040749
0.67728829 0.13177571 -0.72381979 1.65471840
-0.11033027 0.99089456 0.07716030 0.24433498
0.72739726 0.02759874 0.68566066 -0.22321773
0.00000000 0.00000000 0.00000000 1.00000000
192 4.422086 0.108982
0.71190780 0.16210155 -0.68330777 1.14478469
-0.27420995 0.95992100 -0.05796401 -0.15441269
0.64652598 0.22863454 0.72782552 0.10431111
0.00000000 0.00000000 0.00000000 1.00000000
193 2.100402 0.047028
0.88775098 0.35889956 -0.28825176 -0.76263255
-0.32721412 0.93244392 0.15323083 0.21733591
0.32377326 -0.04171090 0.94521475 -0.02970862
0.00000000 0.00000000 0.00000000 1.00000000
194 1.012204 0.016374
0.94458544 0.28121549 -0.16934067 -0.53175658
-0.26364633 0.95724761 0.11902899 0.22421855
0.19557381 -0.06778724 0.97834349 -0.27109718
0.00000000 0.00000000 0.00000000 1.00000000
195 0.000000 0.012701
0.96928978 0.23303178 -0.07856899 -0.26932579
-0.22459559 0.96897697 0.10314986 0.23904619
0.10016921 -0.08233621 0.99155748 -0.28582954
0.00000000 0.00000000 0.00000000 1.00000000
196 0.000000 0.025557
0.91884899 0.34354043 -0.19415951 -0.02715327
-0.33811951 0.93909377 0.06147593 0.41689563
0.20345268 0.00916214 0.97904277 -0.55751503
0.00000000 0.00000000 0.00000000 1.00000000
197 76.417539 1.179782
-0.15168676 -0.40786758 0.90035284 -1.76100051
0.33705166 0.83495438 0.43502587 -0.66930950
-0.92918646 0.36945289 0.01082101 2.35506272
0.00000000 0.00000000 0.00000000 1.00000000
198 2.215230 0.054929
0.53908002 -0.28664374 0.79197699 -1.82412720
