0 0.666760 0.044513
0.99931002 0.03357316 0.01584870 -0.69871074
-0.03450021 0.99745417 0.06240267 0.19185778
-0.01371361 -0.06290659 0.99792504 -0.18810844
0.00000000 0.00000000 0.00000000 1.00000000
1 0.924504 0.039495
0.97388160 0.22428080 -0.03540033 -0.40025604
-0.22314036 0.97421157 0.03346866 0.32403207
0.04199402 -0.02469501 0.99881274 -0.40228724
0.00000000 0.00000000 0.00000000 1.00000000
2 0.331022 0.019753
0.98574084 0.15068190 0.07489742 -0.16319305
-0.15242019 0.98815078 0.01802558 0.34451208
-0.07129406 -0.02918547 0.99702787 -0.66787350
0.00000000 0.00000000 0.00000000 1.00000000
3 0.909997 0.032382
0.97766507 0.10532533 0.18187279 0.02191997
-0.11124952 0.99353421 0.02265951 0.34688395
-0.17831053 -0.04238605 0.98306131 -0.72476244
0.00000000 0.00000000 0.00000000 1.00000000
4 2.688608 0.035143
0.97854263 0.20038399 0.04797516 0.33321276
-0.19821215 0.97905809 -0.04645458 0.52221447
-0.05627910 0.03594926 0.99776840 -0.94614625
0.00000000 0.00000000 0.00000000 1.00000000
5 2.366785 0.066599
0.87713265 0.36721763 -0.30949679 0.66310877
-0.40694234 0.91053671 -0.07294688 0.59394962
0.25502092 0.18993121 0.94809812 -0.85563612
0.00000000 0.00000000 0.00000000 1.00000000
6 1.660597 0.043078
0.81613362 0.42701232 -0.38934088 0.05276752
-0.39078674 0.90417528 0.17249593 0.16527334
0.42568973 0.01137006 0.90479797 -0.31754732
0.00000000 0.00000000 0.00000000 1.00000000
7 0.271242 0.008623
0.99723256 -0.06023649 0.04358084 0.11266661
0.06107285 0.99796867 -0.01812565 0.05408105
-0.04240062 0.02073675 0.99888533 -0.12294555
0.00000000 0.00000000 0.00000000 1.00000000
8 2.529097 0.084768
0.76881933 -0.09816545 0.63188732 -2.38778782
0.10263751 0.99428010 0.02958667 0.02294666
-0.63117611 0.04210955 0.77449650 0.94186163
0.00000000 0.00000000 0.00000000 1.00000000
9 1.241750 0.103312
0.29696766 -0.30648023 0.90436769 -2.02942753
0.31956249 0.92438132 0.20832703 -0.29544178
-0.89982808 0.22713655 0.37245041 1.54896343
0.00000000 0.00000000 0.00000000 1.00000000
10 2.847576 0.167142
0.19269624 -0.29617828 0.93549335 -2.12915826
0.33426595 0.91615462 0.22120413 -0.01543419
-0.92256963 0.27007806 0.27554178 1.20931566
0.00000000 0.00000000 0.00000000 1.00000000
11 1.900016 0.128929
0.25046861 -0.30158144 0.91995335 -2.25612664
0.30367234 0.92675948 0.22113384 0.28482029
-0.91926545 0.22397742 0.32370621 0.61902368
0.00000000 0.00000000 0.00000000 1.00000000
12 0.852257 0.036417
0.95860118 -0.09726657 0.26762730 0.24322042
0.10928807 0.99354672 -0.03035721 0.23066196
-0.26294777 0.05834979 0.96304476 -0.43372965
0.00000000 0.00000000 0.00000000 1.00000000
13 2.648115 0.125491
-0.25443506 -0.50248766 0.82629800 -2.16654134
0.46892145 0.68315578 0.55983067 -0.25732207
-0.84579831 0.52990967 0.06180912 0.57637185
0.00000000 0.00000000 0.00000000 1.00000000
14 4.128060 0.129282
-0.65090561 -0.38924527 0.65177459 -1.69523084
0.56418562 0.32642794 0.75837898 -1.01132429
-0.50795245 0.86135519 0.00713339 1.14256442
0.00000000 0.00000000 0.00000000 1.00000000
15 0.000000 0.018902
0.35517469 0.50542200 -0.78638393 1.59217000
-0.67962575 0.71721101 0.15400723 0.42718777
0.64184189 0.47974765 0.59823275 -0.00278556
0.00000000 0.00000000 0.00000000 1.00000000
16 93.549443 2.578118
0.73290014 -0.25391096 0.63117862 -1.46976042
0.39396781 0.91475928 -0.08947009 0.49101257
-0.55465895 0.31423673 0.77046007 0.01287413
0.00000000 0.00000000 0.00000000 1.00000000
17 2.755058 0.080811
0.71004921 0.31814718 -0.62818098 0.64245397
-0.47579044 0.87441921 -0.09494263 0.44675606
0.51908785 0.36629584 0.77225250 0.13026929
0.00000000 0.00000000 0.00000000 1.00000000
18 0.858662 0.030485
0.93302673 -0.14710490 0.32836035 0.01441652
0.11266381 0.98615581 0.12166411 0.43449885
-0.34171218 -0.07652226 0.93668395 -0.71351588
0.00000000 0.00000000 0.00000000 1.00000000
19 1.995864 0.086437
0.96207583 -0.01423857 0.27241075 0.45215237
-0.09965324 0.91126662 0.39957756 0.10230964
-0.25392896 -0.41157073 0.87528867 -0.21798182
0.00000000 0.00000000 0.00000000 1.00000000
20 1.300858 0.050505
0.98027122 0.10404838 -0.16805440 0.23034558
-0.09134111 0.99246472 0.08167315 0.44366485
0.17528623 -0.06471163 0.98238850 -0.51684093
0.00000000 0.00000000 0.00000000 1.00000000
21 1.352484 0.055525
0.93935281 0.26014569 -0.22347404 0.05169886
-0.22923347 0.96094143 0.15506753 0.20354907
0.25508529 -0.09443420 0.96229672 -0.35953522
0.00000000 0.00000000 0.00000000 1.00000000
22 0.873125 0.043306
0.95330745 0.19237272 -0.23280478 -0.30153418
-0.17135885 0.97932237 0.10754600 0.02742031
0.24867928 -0.06262997 0.96655929 -0.38581681
0.00000000 0.00000000 0.00000000 1.00000000
23 0.559531 0.031585
0.99597985 0.08688910 -0.02177291 -0.82612693
-0.08489801 0.99318063 0.07990795 0.15651497
0.02856765 -0.07773778 0.99656445 -0.06047773
0.00000000 0.00000000 0.00000000 1.00000000
24 0.780845 0.027330
0.95739692 0.28133994 -0.06512231 -0.53760266
-0.27727568 0.95859516 0.06492513 0.30001193
0.08069192 -0.04410130 0.99576342 -0.28165841
0.00000000 0.00000000 0.00000000 1.00000000
25 0.309010 0.013111
0.97545952 0.21613759 0.04201122 -0.27836326
-0.21784750 0.97509825 0.04156598 0.32324407
-0.03198082 -0.04969698 0.99825257 -0.53253818
0.00000000 0.00000000 0.00000000 1.00000000
26 1.154197 0.021992
0.97620189 0.16492724 0.14081965 -0.06110539
-0.17208895 0.98426133 0.04020733 0.33502349
-0.13197163 -0.06348374 0.98921853 -0.57666278
0.00000000 0.00000000 0.00000000 1.00000000
27 2.526620 0.038685
0.96384585 0.26608855 0.01407854 0.22160512
-0.26572657 0.96376669 -0.02330163 0.50199521
-0.01976874 0.01871806 0.99962938 -0.81328261
0.00000000 0.00000000 0.00000000 1.00000000
28 60.714352 0.780827
-0.10214210 -0.44892216 0.88771331 -2.04457235
0.33938354 0.82311398 0.45530364 -0.47952151
-0.93508548 0.34778151 0.06828290 1.71715581
0.00000000 0.00000000 0.00000000 1.00000000
29 1.148077 0.071840
0.33634886 -0.28536457 0.89746094 -1.97774053
0.25926554 0.94421726 0.20306498 -0.32410699
-0.90534580 0.16437975 0.39157146 1.74221408
0.00000000 0.00000000 0.00000000 1.00000000
30 1.232894 0.093605
0.22534662 -0.29843903 0.92744464 -2.06157112
0.28155214 0.93126243 0.23125723 -0.07386991
-0.93271011 0.20901105 0.29388279 1.39865911
0.00000000 0.00000000 0.00000000 1.00000000
31 0.798684 0.058838
0.27764189 -0.28881148 0.91624415 -2.19631147
0.23409694 0.94533062 0.22704320 0.23268776
-0.93172681 0.15145293 0.33007324 0.82711506
0.00000000 0.00000000 0.00000000 1.00000000
32 0.915143 0.018309
0.96932769 -0.04559970 0.24150455 0.13619278
0.05154106 0.99850208 -0.01833927 0.18315685
-0.24030665 0.03022423 0.97022593 -0.27530265
0.00000000 0.00000000 0.00000000 1.00000000
33 2.533428 0.107896
-0.18275324 -0.51306379 0.83866936 -2.04384398
0.45901972 0.70982909 0.53426814 -0.23934221
-0.86942595 0.48260549 0.10578316 0.67686498
0.00000000 0.00000000 0.00000000 1.00000000
34 3.857829 0.122681
-0.60418695 -0.43902636 0.66499060 -1.51353037
0.57507092 0.33744270 0.74526864 -0.99420941
-0.55158842 0.83269882 0.04859355 1.16005003
0.00000000 0.00000000 0.00000000 1.00000000
35 0.840699 0.019746
0.95180809 -0.09396833 0.29194427 -0.05627787
0.05473476 0.98866951 0.13977543 0.38626745
-0.30177075 -0.11705987 0.94616681 -0.54707670
0.00000000 0.00000000 0.00000000 1.00000000
36 2.306305 0.069628
0.98251045 0.02998781 0.18377265 0.39054626
-0.09952852 0.91870278 0.38220280 0.09413886
-0.15737076 -0.39380938 0.90562052 0.27369070
0.00000000 0.00000000 0.00000000 1.00000000
37 0.588174 0.020467
0.96575493 0.03790947 0.25666994 0.33347234
-0.15005058 0.88865459 0.43333271 0.08388698
-0.21166420 -0.45700687 0.86391115 -0.03983402
0.00000000 0.00000000 0.00000000 1.00000000
38 2.024101 0.071493
0.97043669 0.15490048 -0.18509366 0.02695942
-0.13760316 0.98511970 0.10297826 0.42439473
0.19829087 -0.07446423 0.97731066 -0.41934800
0.00000000 0.00000000 0.00000000 1.00000000
39 0.673185 0.029886
0.91327769 0.31109017 -0.26295739 -0.10827422
-0.26858652 0.94523799 0.18543199 0.18588930
0.30624342 -0.09872517 0.94681978 -0.27334929
0.00000000 0.00000000 0.00000000 1.00000000
40 0.104678 0.006888
0.97783566 0.19808701 -0.06781220 0.25337702
-0.19981571 0.97963679 -0.01966128 -0.01616034
0.06253670 0.03277600 0.99750447 -0.18133068
0.00000000 0.00000000 0.00000000 1.00000000
41 0.347179 0.014610
0.98915178 0.13898969 0.04754750 0.52674812
-0.13709880 0.98971057 -0.04096344 0.05720529
-0.05275181 0.03400120 0.99802905 -0.51967740
0.00000000 0.00000000 0.00000000 1.00000000
42 1.610340 0.083886
0.97883594 0.10565329 0.17526346 0.68688738
-0.10030685 0.99418712 -0.03911808 0.07711917
-0.17837684 0.02071008 0.98374373 -0.67225266
0.00000000 0.00000000 0.00000000 1.00000000
43 2.499672 0.047870
0.98055041 0.19460241 0.02551699 0.97839260
-0.19121847 0.97651559 -0.09926614 0.16180277
-0.04423517 0.09245658 0.99473381 -0.81246603
0.00000000 0.00000000 0.00000000 1.00000000
44 1.990955 0.024648
0.88280672 0.33786547 -0.32634190 1.11618972
-0.39662609 0.90836835 -0.13249421 0.13908169
0.25167301 0.24640235 0.93592012 -0.53961062
0.00000000 0.00000000 0.00000000 1.00000000
45 1.642586 0.033141
0.61810732 0.41255981 -0.66913193 1.19402075
-0.53007156 0.84731901 0.03277141 -0.13203454
0.58048868 0.33443153 0.74242055 -0.04674232
0.00000000 0.00000000 0.00000000 1.00000000
46 1.955247 0.033247
0.34639734 0.38573992 -0.85510993 1.02820063
-0.45516953 0.86616552 0.20634180 -0.18230580
0.82026142 0.31774414 0.47561458 0.40242672
0.00000000 0.00000000 0.00000000 1.00000000
47 0.000000 0.048463
0.58516043 0.36745432 -0.72288585 0.92122597
-0.39366287 0.90807509 0.14292595 -0.12646264
0.70895404 0.20093837 0.67602289 0.27434480
0.00000000 0.00000000 0.00000000 1.00000000
48 0.000000 0.022137
0.80922389 0.36445272 -0.46079499 0.55384958
-0.35387343 0.92845666 0.11288184 -0.23460692
0.46896777 0.07171628 0.88029861 0.20058227
0.00000000 0.00000000 0.00000000 1.00000000
49 0.864114 0.084136
0.82797790 0.22063051 -0.51553339 0.18663836
-0.28160942 0.95860791 -0.04203096 -0.15770179
0.48492092 0.17997956 0.85583806 0.80338788
0.00000000 0.00000000 0.00000000 1.00000000
50 0.225554 0.044624
0.95576572 0.05783233 0.28838828 -1.57484627
-0.01316372 0.98790777 -0.15448532 0.04613215
-0.29383487 0.14385584 0.94496965 0.46579385
0.00000000 0.00000000 0.00000000 1.00000000
51 1.401094 0.067012
0.78750992 -0.10738413 0.60687554 -1.65443182
0.15086567 0.98833430 -0.02088928 -0.08281270
-0.59755170 0.10800746 0.79452300 0.60701108
0.00000000 0.00000000 0.00000000 1.00000000
52 3.223429 0.104826
0.33408079 -0.24386480 0.91045070 -1.58517301
0.33085808 0.93482327 0.12898812 -0.17265755
-0.88256621 0.25813732 0.39299113 0.92588091
0.00000000 0.00000000 0.00000000 1.00000000
53 2.103010 0.042701
0.16840579 0.50858039 -0.84438431 1.80390716
-0.62301713 0.71873873 0.30864662 -0.16274117
0.76386410 0.47408801 0.43789363 0.27809930
0.00000000 0.00000000 0.00000000 1.00000000
54 1.528287 0.007287
0.36399525 0.43557543 -0.82327425 1.60249734
-0.64559436 0.75511193 0.11407456 -0.14632139
0.67135274 0.48997855 0.55606276 0.49253500
0.00000000 0.00000000 0.00000000 1.00000000
55 1.057954 0.014819
0.64089251 0.35978419 -0.67809439 1.37324536
-0.59222329 0.79376763 -0.13857442 -0.12631950
0.48839325 0.49039391 0.72179282 0.47867680
0.00000000 0.00000000 0.00000000 1.00000000
56 0.917706 0.030935
0.68227208 0.25352874 -0.68573117 1.03971303
-0.46646601 0.87318313 -0.14127994 -0.09605122
0.56295097 0.41626126 0.71401125 0.66554475
0.00000000 0.00000000 0.00000000 1.00000000
57 1.826063 0.091954
0.95885676 -0.02758864 0.28254688 1.09279537
-0.06967945 0.94195163 0.32843900 -0.02803391
-0.27520639 -0.33461386 0.90127409 -0.18249917
0.00000000 0.00000000 0.00000000 1.00000000
58 1.009106 0.028866
0.99107975 -0.06110005 0.11843798 0.28719032
0.06268702 0.99798584 -0.00971910 0.03852794
-0.11760557 0.01705700 0.99291408 -0.31538486
0.00000000 0.00000000 0.00000000 1.00000000
59 1.360275 0.027565
0.97224426 -0.09858710 0.21218321 0.55283022
0.10495301 0.99429685 -0.01892352 0.09311447
-0.20910776 0.04066703 0.97704637 -0.42029262
0.00000000 0.00000000 0.00000000 1.00000000
60 2.412326 0.028556
0.99570674 -0.00310990 0.09251590 0.75133371
0.01110266 0.99623334 -0.08600250 0.17953414
-0.09189987 0.08666083 0.99199021 -0.60585916
0.00000000 0.00000000 0.00000000 1.00000000
61 3.051719 0.041532
0.95351434 0.15038198 -0.26114345 0.83140260
-0.18656838 0.97512525 -0.11968401 0.16619885
0.23664939 0.16284195 0.95785207 -0.42554414
0.00000000 0.00000000 0.00000000 1.00000000
62 0.000000 0.075037
0.68930256 0.25811166 -0.67693394 0.64247543
-0.21315695 0.96527779 0.15100372 -0.03543299
0.69240564 0.04020581 0.72038752 0.24495220
0.00000000 0.00000000 0.00000000 1.00000000
63 0.498893 0.026350
0.89722371 0.20711905 -0.38998812 0.24340090
-0.17004940 0.97712475 0.12771922 -0.16709933
0.40751946 -0.04827473 0.91191995 0.25739646
0.00000000 0.00000000 0.00000000 1.00000000
64 1.989381 0.135005
0.87848574 0.05297180 -0.47482368 -0.07519960
-0.07974537 0.99615049 -0.03640771 -0.11757505
0.47106680 0.06984881 0.87932825 0.86896396
0.00000000 0.00000000 0.00000000 1.00000000
65 0.856380 0.029890
0.92320591 -0.14562257 0.35564768 -1.76403999
0.20069808 0.97189748 -0.12303030 -0.00980502
-0.32773700 0.18496048 0.92648733 0.73274589
0.00000000 0.00000000 0.00000000 1.00000000
66 1.158596 0.057922
0.70018291 -0.27875313 0.65729761 -1.72750282
0.34821624 0.93704075 0.02645400 -0.15827158
-0.62328911 0.21035871 0.75316632 0.91169107
0.00000000 0.00000000 0.00000000 1.00000000
67 2.778688 0.090698
0.20441037 -0.33386093 0.92019188 -1.48683858
0.51072258 0.83832622 0.19070695 -0.26999670
-0.83509159 0.43098027 0.34187320 1.20428395
0.00000000 0.00000000 0.00000000 1.00000000
68 4.215193 0.172368
0.08841807 -0.32095292 0.94295824 -1.60113680
0.53669703 0.81284934 0.22634414 0.01521013
-0.83912909 0.48607054 0.24412489 0.80323529
0.00000000 0.00000000 0.00000000 1.00000000
69 1.876384 0.036416
0.49692690 0.37414426 -0.78299433 1.35423267
-0.48627523 0.86737138 0.10584810 -0.01149723
0.71874893 0.32815152 0.61295706 0.43753254
0.00000000 0.00000000 0.00000000 1.00000000
70 1.574207 0.033803
0.74458033 0.24643871 -0.62037832 1.04920053
-0.41657791 0.89772582 -0.14336672 -0.03791156
0.52159774 0.36518428 0.77108884 0.47148311
0.00000000 0.00000000 0.00000000 1.00000000
71 1.816392 0.038693
0.76369864 0.11299238 -0.63560832 0.73183334
-0.26251483 0.95384187 -0.14585203 -0.02600110
0.58978850 0.27824420 0.75810975 0.66517591
0.00000000 0.00000000 0.00000000 1.00000000
72 2.473855 0.085363
0.92097831 -0.22729778 0.31644207 0.99631393
0.10622087 0.92790610 0.35736156 0.03945345
-0.37485600 -0.29550937 0.87872458 0.07515311
0.00000000 0.00000000 0.00000000 1.00000000
73 0.590167 0.007039
0.99413377 -0.03967773 0.10061756 0.28736869
0.04040439 0.99916995 -0.00519645 0.02844113
-0.10032784 0.00923169 0.99491185 -0.07422829
0.00000000 0.00000000 0.00000000 1.00000000
74 1.957848 0.025318
0.99808246 0.05631795 -0.02566437 0.46168453
-0.05775617 0.99657190 -0.05923760 0.12186527
0.02224051 0.06060636 0.99791396 -0.29685867
0.00000000 0.00000000 0.00000000 1.00000000
75 2.514505 0.036047
0.90960467 0.22644213 -0.34834358 0.41844922
-0.26659381 0.96116608 -0.07132751 0.17775902
0.31866422 0.15774590 0.93464911 -0.25442803
0.00000000 0.00000000 0.00000000 1.00000000
76 1.755689 0.027588
0.84433186 0.25351936 -0.47205049 -0.19356889
-0.19113024 0.96553171 0.17668241 -0.10932210
0.50057268 -0.05895567 0.86368465 0.35095859
0.00000000 0.00000000 0.00000000 1.00000000
77 4.870012 0.078194
0.76201129 -0.21845672 0.60960221 -1.86058414
0.24698767 0.96826291 0.03824720 -0.35266149
-0.59861124 0.12141942 0.79178405 1.36562157
0.00000000 0.00000000 0.00000000 1.00000000
78 1.545350 0.041903
0.31002495 -0.32864356 0.89211977 -1.32699704
0.46604896 0.87041122 0.15868646 -0.42088830
-0.82866269 0.36657459 0.42301339 1.59420609
0.00000000 0.00000000 0.00000000 1.00000000
79 2.269865 0.087198
0.20474349 -0.30242315 0.93092436 -1.41235912
0.49230605 0.85383695 0.16910566 -0.10718229
-0.84599882 0.42367637 0.32370210 1.17259407
0.00000000 0.00000000 0.00000000 1.00000000
80 2.175649 0.088893
0.26446238 -0.29185438 0.91917360 -1.52888453
0.45192885 0.87948376 0.14922465 0.21588027
-0.85194951 0.37593675 0.36448807 0.63098478
0.00000000 0.00000000 0.00000000 1.00000000
81 4.183948 0.056038
0.39764288 0.45398769 -0.79735488 0.92567980
-0.57860619 0.79851532 0.16609588 0.20037356
0.71210539 0.39530697 0.58020425 0.29180229
0.00000000 0.00000000 0.00000000 1.00000000
82 2.733088 0.049577
0.97610617 -0.16558573 0.14070648 0.81905699
0.10883772 0.93302107 0.34296498 -0.00492078
-0.18807201 -0.31945664 0.92875004 0.82593787
0.00000000 0.00000000 0.00000000 1.00000000
83 1.855829 0.055350
0.96436155 -0.16746953 0.20484078 0.79338944
0.08087154 0.92370856 0.37445766 0.05013546
-0.25192371 -0.34454876 0.90433365 0.45697856
0.00000000 0.00000000 0.00000000 1.00000000
84 2.739669 0.096957
0.98197681 -0.14716616 0.11859657 0.68625844
0.10002829 0.93705362 0.33455265 0.11876231
-0.16036588 -0.31665906 0.93488514 0.03459430
0.00000000 0.00000000 0.00000000 1.00000000
85 1.702953 0.063037
0.96417904 -0.16100386 0.21080264 0.58359897
0.08301675 0.93795633 0.33667216 0.12651813
-0.25192899 -0.30711117 0.91772294 -0.45953476
0.00000000 0.00000000 0.00000000 1.00000000
86 1.500635 0.065716
0.99605703 -0.06460676 -0.06078720 0.82221150
0.07930536 0.95557559 0.28387374 0.21976012
0.03974657 -0.28757617 0.95693266 -0.62604201
0.00000000 0.00000000 0.00000000 1.00000000
87 1.182998 0.017270
0.98724675 0.09859496 -0.12499119 0.16430435
-0.10497203 0.99343342 -0.04549101 0.12699242
0.11968537 0.05803135 0.99111402 -0.25504851
0.00000000 0.00000000 0.00000000 1.00000000
88 2.645009 0.036645
0.86283439 0.24381764 -0.44279718 0.12613213
-0.29170126 0.95557630 -0.04223979 0.25308958
0.41282746 0.16561039 0.89562607 -0.30653954
0.00000000 0.00000000 0.00000000 1.00000000
89 2.865530 0.046396
0.81759745 -0.26281756 0.51231086 -2.01814604
0.29311985 0.95581126 0.02254745 -0.45304745
-0.49559641 0.13173415 0.85850513 1.57153904
0.00000000 0.00000000 0.00000000 1.00000000
90 2.715844 0.059097
0.41601971 -0.30407375 0.85701090 -1.36098123
0.43383685 0.89463711 0.10682684 -0.54110795
-0.79919666 0.32736105 0.50410515 1.85791874
0.00000000 0.00000000 0.00000000 1.00000000
91 2.434939 0.086283
0.31134164 -0.29553056 0.90317661 -1.42150021
0.47162038 0.87316215 0.12313282 -0.24883966
-0.82500893 0.38761982 0.41123009 1.42823493
0.00000000 0.00000000 0.00000000 1.00000000
92 2.488528 0.096090
0.37470889 -0.29656452 0.87843162 -1.54960108
0.43822443 0.89159697 0.11407812 0.07770656
-0.81703848 0.34220415 0.46405113 0.87635827
0.00000000 0.00000000 0.00000000 1.00000000
93 4.848079 0.538810
0.19920276 -0.39743567 0.89574736 -2.08305025
0.53584170 0.80948997 0.24000022 0.10657483
-0.82048392 0.43217003 0.37421519 0.73824286
0.00000000 0.00000000 0.00000000 1.00000000
94 2.394246 0.041091
0.99006271 -0.13358730 0.04394476 0.53006619
0.11060953 0.93269539 0.34328720 -0.04102916
-0.08684535 -0.33501461 0.93820220 0.92479646
0.00000000 0.00000000 0.00000000 1.00000000
95 2.028930 0.045311
0.98699075 -0.11611059 0.11121239 0.51487279
0.06658870 0.92480302 0.37457424 0.02042574
-0.14634171 -0.36229575 0.92050326 0.58195210
0.00000000 0.00000000 0.00000000 1.00000000
96 2.427532 0.069713
0.99461228 -0.10250937 0.01542850 0.41454190
0.09109350 0.93530631 0.34191099 0.06498411
-0.04947935 -0.33866385 0.93960541 0.13392854
0.00000000 0.00000000 0.00000000 1.00000000
97 1.713493 0.058330
0.98734099 -0.10947617 0.11477369 0.31211281
0.06482480 0.93893266 0.33793953 0.09949151
-0.14476115 -0.32622147 0.93414325 -0.33514464
0.00000000 0.00000000 0.00000000 1.00000000
98 1.187950 0.047234
0.98541337 -0.03775853 -0.16593808 0.53148270
0.08627043 0.95133448 0.29584086 0.16849308
0.14669195 -0.30584025 0.94071436 -0.58838081
0.00000000 0.00000000 0.00000000 1.00000000
99 2.165550 0.113256
0.94676995 0.00401030 -0.32188615 0.60828710
0.08005992 0.96557140 0.24751231 0.30276534
0.31179664 -0.26010734 0.91385269 -0.76570594
0.00000000 0.00000000 0.00000000 1.00000000
100 0.804056 0.009242
0.92488539 0.18767506 -0.33070287 -0.10326701
-0.20756721 0.97788703 -0.02555396 0.16000408
0.31859392 0.09227765 0.94338858 -0.12224567
0.00000000 0.00000000 0.00000000 1.00000000
101 0.909567 0.067350
0.84980464 0.23340610 -0.47260281 -0.66188967
-0.13498016 0.96308070 0.23292664 -0.10658036
0.50952142 -0.13415048 0.84993619 0.42415464
0.00000000 0.00000000 0.00000000 1.00000000
102 2.385565 0.050161
0.94823784 -0.15398699 0.27773169 -2.33168364
0.17245653 0.98406971 -0.04319073 -0.35495400
-0.26665634 0.08885173 0.95968735 1.50419343
0.00000000 0.00000000 0.00000000 1.00000000
103 3.004786 0.059497
0.73031443 -0.33964279 0.59269148 -1.94293547
0.35267606 0.93052834 0.09867221 -0.56856811
-0.58502960 0.13696676 0.79936177 1.85519683
0.00000000 0.00000000 0.00000000 1.00000000
104 1.553182 0.043189
0.25517830 -0.41711554 0.87229413 -1.12287152
0.52789354 0.81593782 0.23573816 -0.71026373
-0.81006837 0.40032423 0.42840326 2.04757547
0.00000000 0.00000000 0.00000000 1.00000000
105 5.208873 0.120568
0.19573471 -0.34988874 0.91611445 -1.15699744
0.51851666 0.82984376 0.20615460 -0.33010131
-0.83236229 0.43466872 0.34385258 1.57036841
0.00000000 0.00000000 0.00000000 1.00000000
106 3.907056 0.127185
0.24662295 -0.37300205 0.89445269 -1.28984618
0.51796281 0.83080846 0.20364518 -0.01915519
-0.81907815 0.41306978 0.39809868 1.02578056
0.00000000 0.00000000 0.00000000 1.00000000
107 9.604760 0.123354
0.44546559 0.51982701 -0.72893125 0.42381820
-0.59619111 0.77963477 0.19164060 0.46225002
0.66792011 0.34921288 0.65721631 0.11696124
0.00000000 0.00000000 0.00000000 1.00000000
108 4.109993 0.063657
0.66991907 0.34760776 -0.65602994 0.12332574
-0.47876722 0.87761641 -0.02388540 0.15055877
0.56743932 0.33008718 0.75435627 0.44181383
0.00000000 0.00000000 0.00000000 1.00000000
109 2.569179 0.075708
0.70380032 0.19790047 -0.68227619 -0.24181509
-0.31053793 0.94949859 -0.04492352 0.04811183
0.63893020 0.24348998 0.72971296 0.57580292
0.00000000 0.00000000 0.00000000 1.00000000
110 3.882621 0.046061
0.96465373 -0.22249401 0.14121062 0.46310487
0.14740616 0.89977044 0.41071302 -0.08417422
-0.21843785 -0.37538075 0.90076339 1.24167430
0.00000000 0.00000000 0.00000000 1.00000000
111 3.119603 0.049510
0.95058435 -0.22211124 0.21692151 0.45074132
0.11054693 0.89505607 0.43203381 -0.00027257
-0.29011634 -0.38670534 0.87538081 0.90652061
0.00000000 0.00000000 0.00000000 1.00000000
112 3.755463 0.083020
0.97201103 -0.19164383 0.13589384 0.30500436
0.12360257 0.90906161 0.39790636 0.04529372
-0.19979259 -0.36997262 0.90730548 0.44776559
0.00000000 0.00000000 0.00000000 1.00000000
113 4.903127 0.054975
0.21271960 0.42764980 -0.87855858 0.43878579
-0.46939600 0.83331674 0.29197592 0.00419320
0.85698152 0.35028300 0.37800005 -0.08889520
0.00000000 0.00000000 0.00000000 1.00000000
114 1.045301 0.051343
0.90086091 0.21077013 -0.37950671 -0.02999710
-0.18436185 0.97722268 0.10509411 0.00767216
0.39301425 -0.02470931 0.91920006 0.01725197
0.00000000 0.00000000 0.00000000 1.00000000
115 1.924171 0.046381
0.71452504 0.33610225 -0.61358804 -0.15120757
-0.18918917 0.93719202 0.29305160 0.05700839
0.67354476 -0.09330846 0.73323321 0.04235661
0.00000000 0.00000000 0.00000000 1.00000000
116 2.479229 0.054222
0.87490803 0.21826868 -0.43231332 -0.32344046
-0.10568602 0.95721239 0.26939675 -0.02290962
0.47261661 -0.19000793 0.86054069 0.22692740
0.00000000 0.00000000 0.00000000 1.00000000
117 2.239832 0.022285
0.98814720 0.08689290 -0.12654515 -0.64905131
-0.05190267 0.96493876 0.25729126 -0.20512891
0.14446557 -0.24767411 0.95801216 0.57462728
0.00000000 0.00000000 0.00000000 1.00000000
118 2.783333 0.042948
0.97968942 -0.02379370 -0.19910391 -1.04690766
0.04973534 0.99074137 0.12632546 -0.29895541
0.19425462 -0.13366207 0.97180247 1.10209930
0.00000000 0.00000000 0.00000000 1.00000000
119 120.226694 1.665698
-0.29636297 -0.89133650 0.34305787 0.32557940
0.85325456 -0.40847760 -0.32419419 -0.28227010
0.42909706 0.19663656 0.88159513 0.85446501
0.00000000 0.00000000 0.00000000 1.00000000
120 2.552976 0.044466
0.75704336 -0.34809244 0.55291724 -2.13744450
0.35258198 0.93011630 0.10281226 -0.45082039
-0.55006474 0.11711518 0.82686913 1.53150105
0.00000000 0.00000000 0.00000000 1.00000000
121 2.907980 0.075251
0.45693338 -0.48710698 0.74427086 -1.69063234
0.47744423 0.84028935 0.25682950 -0.58344895
-0.75050610 0.23799376 0.61652267 1.74130607
0.00000000 0.00000000 0.00000000 1.00000000
122 93.508696 0.970201
0.99408859 -0.06347418 0.08808341 -0.18942808
0.05671366 0.99539804 0.07724085 -0.41805556
-0.09258094 -0.07178868 0.99311370 1.33989286
0.00000000 0.00000000 0.00000000 1.00000000
123 1.742261 0.038484
0.59324217 0.53089428 -0.60515696 0.72471321
-0.43562162 0.84386098 0.31326041 0.35048252
0.67697626 0.07778007 0.73188317 -0.11993206
0.00000000 0.00000000 0.00000000 1.00000000
124 1.269183 0.044920
0.73486620 0.37874821 -0.56260389 0.44183785
-0.37575060 0.91795468 0.12717259 0.19165269
0.56461024 0.11794463 0.81688774 0.28915298
0.00000000 0.00000000 0.00000000 1.00000000
125 2.819806 0.057817
0.90680659 0.19634348 -0.37302923 0.15232846
-0.24700485 0.96456516 -0.09275317 -0.05315238
0.34159943 0.17624959 0.92317194 0.57213211
0.00000000 0.00000000 0.00000000 1.00000000
126 2.093309 0.041382
0.91458094 0.07545714 -0.39730021 -0.21360436
-0.10098469 0.99392831 -0.04369441 -0.14505482
0.39159083 0.08008328 0.91664785 0.70075023
0.00000000 0.00000000 0.00000000 1.00000000
127 3.078670 0.026222
0.58474094 0.38540936 -0.71381903 0.32385659
-0.33219430 0.91653371 0.22273579 -0.17835815
0.74008393 0.10688344 0.66396630 0.04644108
0.00000000 0.00000000 0.00000000 1.00000000
128 0.623696 0.015183
0.94211841 0.12228446 -0.31218415 -0.08976895
-0.06803206 0.98146927 0.17913833 0.03158280
0.32830477 -0.14753082 0.93297935 0.03870678
0.00000000 0.00000000 0.00000000 1.00000000
129 1.234163 0.026209
0.99735159 -0.02806716 -0.06709829 -0.28767443
0.04018090 0.98160470 0.18664718 -0.03604917
0.06062527 -0.18884936 0.98013318 0.21175957
0.00000000 0.00000000 0.00000000 1.00000000
130 1.837602 0.046373
0.95832050 -0.15010691 0.24308440 -0.59626490
0.10482645 0.97625291 0.18958271 -0.20381814
-0.26576906 -0.15619972 0.95129824 0.53769088
0.00000000 0.00000000 0.00000000 1.00000000
131 1.712808 0.014201
0.94905043 -0.26014560 0.17784244 -1.00222278
0.24262567 0.96335006 0.11441287 -0.30224636
-0.20108831 -0.06543395 0.97738552 1.08054602
0.00000000 0.00000000 0.00000000 1.00000000
132 2.962401 0.071841
0.98680127 -0.13559406 -0.08852631 -1.19589150
0.14215337 0.98718297 0.07253474 -0.18293285
0.07755600 -0.08416259 0.99342918 0.61469138
0.00000000 0.00000000 0.00000000 1.00000000
133 6.079283 0.236163
0.98205489 0.05450344 -0.18054281 -1.43994451
-0.04390028 0.99709660 0.06221272 0.21425989
0.18340957 -0.05317061 0.98159748 0.12619019
0.00000000 0.00000000 0.00000000 1.00000000
134 7.384321 0.268036
0.99909109 0.02557799 0.03414389 -2.09845686
-0.02691808 0.99886328 0.03934459 0.45529613
-0.03309906 -0.04022747 0.99864239 0.13544202
0.00000000 0.00000000 0.00000000 1.00000000
135 2.831030 0.069931
0.85352206 -0.34251815 0.39266163 -2.27133656
0.30066025 0.93922025 0.16574059 -0.12674417
-0.42556474 -0.02340514 0.90462542 0.58183920
0.00000000 0.00000000 0.00000000 1.00000000
136 0.799174 0.039501
0.39977294 -0.45961583 0.79305452 -2.09204984
0.49738443 0.83551657 0.23349676 -0.46792370
-0.76992899 0.30110803 0.56262249 1.44686437
0.00000000 0.00000000 0.00000000 1.00000000
137 4.094908 0.114490
0.05516651 -0.48577505 0.87234116 -1.68301499
0.53392774 0.75261813 0.38534021 -0.54334724
-0.84372848 0.44450942 0.30088848 1.62879622
0.00000000 0.00000000 0.00000000 1.00000000
138 0.000000 0.012767
0.39924985 0.71731216 -0.57101929 0.93819219
-0.65086991 0.66039181 0.37450111 -0.19701128
0.64573061 0.22213949 0.73053825 0.15826726
0.00000000 0.00000000 0.00000000 1.00000000
139 0.000000 0.017934
0.87825394 0.33156675 -0.34457612 0.76375937
-0.31250077 0.94337857 0.11125976 0.29969382
0.36195654 0.00996548 0.93214154 -0.10526824
0.00000000 0.00000000 0.00000000 1.00000000
140 0.000000 0.013192
0.95531833 0.16173518 -0.24740392 0.48070788
-0.17582227 0.98377073 -0.03579545 0.15728006
0.23759957 0.07769510 0.96825075 0.27724409
0.00000000 0.00000000 0.00000000 1.00000000
141 0.000000 0.017165
0.99813986 -0.05859908 -0.01686183 0.20770276
0.05453703 0.98160076 -0.18299219 -0.08049041
0.02727438 0.18173203 0.98296988 0.53704643
0.00000000 0.00000000 0.00000000 1.00000000
142 0.925773 0.011594
0.98523116 -0.16593683 -0.04223770 -0.15476213
0.16172475 0.98283052 -0.08881721 -0.15866351
0.05625062 0.08067423 0.99515200 0.67383885
0.00000000 0.00000000 0.00000000 1.00000000
143 2.159577 0.062352
0.98100311 -0.07314669 -0.17967311 0.78229862
0.10526249 0.97869408 0.17629045 0.31018555
0.16294974 -0.19185431 0.96780127 -0.58762968
0.00000000 0.00000000 0.00000000 1.00000000
144 0.909567 0.028954
0.86035961 0.17101073 -0.48014313 0.81762731
-0.05580598 0.96797615 0.24476239 0.14830326
0.50662404 -0.18378827 0.84235030 -0.27713513
0.00000000 0.00000000 0.00000000 1.00000000
145 0.743358 0.044934
0.64411271 0.34858823 -0.68088520 0.71078277
-0.25512028 0.93705845 0.23839781 -0.06983785
0.72113240 0.02015215 0.69250327 0.05726647
0.00000000 0.00000000 0.00000000 1.00000000
146 0.470638 0.057181
0.53238755 0.41839862 -0.73587155 0.59402347
-0.34904253 0.90047240 0.25946176 -0.26065090
0.77119017 0.11871678 0.62543851 0.20369172
0.00000000 0.00000000 0.00000000 1.00000000
147 0.000000 0.018810
0.66611332 0.32123443 -0.67312789 0.48711672
-0.29584286 0.94226134 0.15691178 -0.30812815
0.68466723 0.09461904 0.72268802 0.26711798
0.00000000 0.00000000 0.00000000 1.00000000
148 0.449370 0.020862
0.85897070 0.18650642 -0.47684854 0.38725621
-0.17275932 0.98225635 0.07298347 -0.22475392
0.48199978 0.01968929 0.87595004 0.07573366
0.00000000 0.00000000 0.00000000 1.00000000
149 1.038540 0.028175
0.95798999 -0.11434889 0.26301870 -0.21014994
0.10596225 0.99330872 0.04590312 -0.06028455
-0.26650867 -0.01610550 0.96369743 0.14180470
0.00000000 0.00000000 0.00000000 1.00000000
150 1.545604 0.052784
0.81096184 -0.16600497 0.56105620 -0.54808724
0.15302850 0.98570740 0.07046002 -0.23313174
-0.56473374 0.02871832 0.82477397 0.44695258
0.00000000 0.00000000 0.00000000 1.00000000
151 1.472995 0.008696
0.80227292 -0.29764149 0.51746362 -0.93865848
0.32399741 0.94515586 0.04132259 -0.30017963
-0.50138253 0.13450539 0.85470760 0.99211705
0.00000000 0.00000000 0.00000000 1.00000000
152 1.832910 0.046282
0.93868297 -0.19724996 0.28278431 -1.11907005
0.21810198 0.97493619 -0.04392964 -0.17485642
-0.26703182 0.10291150 0.95817667 0.57362914
0.00000000 0.00000000 0.00000000 1.00000000
153 2.656528 0.103456
0.98142362 -0.11089191 0.15655875 -1.45413411
0.12401576 0.98931241 -0.07668349 0.13243693
-0.14638197 0.09467447 0.98468715 0.05678439
0.00000000 0.00000000 0.00000000 1.00000000
154 3.955077 0.182154
0.96000695 -0.11507228 0.25523418 -1.83730900
0.13748121 0.98790509 -0.07171014 0.32045045
-0.24389595 0.10393199 0.96421576 -0.08523583
0.00000000 0.00000000 0.00000000 1.00000000
155 1.878886 0.057345
0.63311541 -0.34603447 0.69240522 -2.22355270
0.37128049 0.92065316 0.12061444 -0.13323310
-0.67920190 0.18071343 0.71135569 0.48131752
0.00000000 0.00000000 0.00000000 1.00000000
156 2.286018 0.065982
0.09827541 -0.34202209 0.93453908 -2.12953734
0.51029611 0.82354414 0.24773782 -0.44590706
-0.85436589 0.45254555 0.25546676 1.31291819
0.00000000 0.00000000 0.00000000 1.00000000
157 1.095751 0.067503
0.62371552 0.57457650 -0.52994561 1.03581715
-0.65006530 0.75777596 0.05650440 -0.32193696
0.43404481 0.30925733 0.84614789 0.19784760
0.00000000 0.00000000 0.00000000 1.00000000
158 0.000000 0.017613
0.97476566 0.19884399 -0.10145259 0.87337476
-0.21163772 0.96774489 -0.13667527 0.27085668
0.07100242 0.15469840 0.98540741 -0.14626551
0.00000000 0.00000000 0.00000000 1.00000000
159 0.290740 0.022898
0.99739468 0.05454960 0.04719952 0.58364403
-0.04204386 0.97130144 -0.23410508 0.12318483
-0.05861521 0.23151053 0.97106487 0.22717476
0.00000000 0.00000000 0.00000000 1.00000000
160 0.827089 0.022132
0.94022715 -0.14002118 0.31043151 0.29225823
0.23438397 0.92738134 -0.29159799 -0.08608946
-0.24705811 0.34692848 0.90476686 0.45752263
0.00000000 0.00000000 0.00000000 1.00000000
161 1.371164 0.025997
0.92191494 -0.24358135 0.30123338 -0.05238514
0.30256665 0.93834126 -0.16723946 -0.17107266
-0.24192311 0.24532378 0.93877029 0.60045278
0.00000000 0.00000000 0.00000000 1.00000000
162 1.450504 0.062820
0.97146881 -0.17066707 0.16468748 0.86994362
0.16306564 0.98486596 0.05872558 0.28433138
-0.17221829 -0.03019550 0.98459625 -0.64535594
0.00000000 0.00000000 0.00000000 1.00000000
163 0.416841 0.013714
0.97813928 0.02458425 -0.20649536 0.95120221
-0.01187789 0.99797207 0.06255108 0.10982145
0.20761406 -0.05873024 0.97644627 -0.26247072
0.00000000 0.00000000 0.00000000 1.00000000
164 0.965098 0.047648
0.85015982 0.18367873 -0.49344611 0.83580494
-0.20643324 0.97842276 0.00853968 -0.15755454
0.48436728 0.09460303 0.86973435 0.14531231
0.00000000 0.00000000 0.00000000 1.00000000
165 0.886470 0.032799
0.87974000 0.13744757 -0.45515528 0.58149672
-0.20005630 0.97544521 -0.09211147 -0.35440886
0.43131837 0.17209089 0.88563508 0.26560569
0.00000000 0.00000000 0.00000000 1.00000000
166 1.136772 0.036591
0.98197025 0.02992613 -0.18664899 0.48332590
-0.05560777 0.98943120 -0.13391729 -0.26399493
0.18066874 0.14188218 0.97325641 0.05964446
0.00000000 0.00000000 0.00000000 1.00000000
167 0.662047 0.038389
0.94150037 -0.05672603 0.33220330 -0.41663578
0.05585685 0.99836385 0.01217374 -0.15607509
-0.33235070 0.00709343 0.94312871 0.24484277
0.00000000 0.00000000 0.00000000 1.00000000
168 0.834156 0.019286
0.93742555 -0.19364479 0.28937101 -0.79449046
0.22014339 0.97351485 -0.06169239 -0.18521941
-0.26976097 0.12153584 0.95522684 0.80272937
0.00000000 0.00000000 0.00000000 1.00000000
169 1.188938 0.008817
0.99522460 -0.09189826 0.03289692 -0.95893729
0.09510591 0.98880720 -0.11495605 -0.07771075
-0.02196427 0.11753538 0.99282587 0.43150187
0.00000000 0.00000000 0.00000000 1.00000000
170 2.691955 0.147624
0.99197578 -0.00899535 -0.12611130 -1.19447505
-0.00748448 0.99153882 -0.12959479 0.22424632
0.12620953 0.12949872 0.98351502 -0.04437375
0.00000000 0.00000000 0.00000000 1.00000000
171 3.105767 0.151811
0.99999350 -0.00140662 0.00338298 -1.66046739
0.00181125 0.99244487 -0.12267885 0.40005392
-0.00318518 0.12268400 0.99244118 -0.18701172
0.00000000 0.00000000 0.00000000 1.00000000
172 1.905775 0.023418
0.82638168 -0.24582967 0.50661778 -2.15759397
0.28233272 0.95930421 0.00495636 -0.02946097
-0.48721880 0.13893884 0.86215663 0.27216029
0.00000000 0.00000000 0.00000000 1.00000000
173 1.000929 0.031439
0.36333767 -0.28326276 0.88755167 -2.19713974
0.46621922 0.88007683 0.09002069 -0.30536240
-0.80661321 0.38108572 0.45182750 1.12684643
0.00000000 0.00000000 0.00000000 1.00000000
174 2.602335 0.070650
-0.00230187 -0.31659800 0.94855720 -1.92466497
0.48981327 0.82662320 0.27708972 -0.45392531
-0.87182444 0.46525410 0.15317172 1.39988065
0.00000000 0.00000000 0.00000000 1.00000000
175 0.605872 0.086524
0.38942701 0.60534906 -0.69418871 1.26935673
-0.69199294 0.68969297 0.21323216 -0.44594613
0.60785818 0.39733562 0.68748271 0.26406801
0.00000000 0.00000000 0.00000000 1.00000000
176 0.000000 0.035525
0.88285142 0.28836033 -0.37070382 1.14219761
-0.34214628 0.93560511 -0.08705878 0.26112527
0.32172823 0.20369495 0.92466164 -0.19808352
0.00000000 0.00000000 0.00000000 1.00000000
177 0.449370 0.013953
0.96501523 0.13689025 -0.22362094 0.81423020
-0.18959074 0.95344687 -0.23450637 0.20157008
0.18110949 0.26869780 0.94604456 0.12702739
0.00000000 0.00000000 0.00000000 1.00000000
178 1.285423 0.042163
0.99719036 -0.01931422 0.07237662 0.43959266
0.04418226 0.93188512 -0.36005336 0.04421884
-0.06049269 0.36223957 0.93011999 0.33404279
0.00000000 0.00000000 0.00000000 1.00000000
179 0.582827 0.028537
0.98803920 -0.14121723 0.06192879 0.09729013
0.15253091 0.95398659 -0.25815180 -0.03382808
-0.02262374 0.26450932 0.96411729 0.46681762
0.00000000 0.00000000 0.00000000 1.00000000
180 0.882931 0.068602
0.87292349 0.12354593 -0.47195506 1.24929845
-0.11525860 0.99224401 0.04656282 0.14723507
0.47404665 0.01375133 0.88039255 -0.26427484
0.00000000 0.00000000 0.00000000 1.00000000
181 2.826047 0.074717
0.89336807 0.12533009 -0.43149379 0.71359599
-0.19598176 0.97283918 -0.12319489 -0.22739457
0.40433383 0.19462377 0.89366454 0.01056206
0.00000000 0.00000000 0.00000000 1.00000000
182 0.855923 0.023203
0.99053824 -0.13247864 -0.03581027 -0.42735818
0.12801467 0.98601294 -0.10673094 0.03171390
0.04944904 0.10113758 0.99364311 0.58732390
0.00000000 0.00000000 0.00000000 1.00000000
183 2.390810 0.142477
0.94191754 -0.02377498 -0.33500075 -0.39686248
-0.02244541 0.99080372 -0.13342656 0.12267381
0.33509222 0.13319501 0.93272257 0.36382699
0.00000000 0.00000000 0.00000000 1.00000000
184 1.888030 0.051953
0.96425056 -0.19191507 0.18272737 -1.83784175
0.20968531 0.97421288 -0.08331409 0.23767674
-0.16202645 0.11865142 0.97962713 -0.03579164
0.00000000 0.00000000 0.00000000 1.00000000
185 1.199426 0.028983
0.65614724 -0.25345516 0.71079671 -2.14036942
0.42760485 0.90097594 -0.07345825 0.04442292
-0.62179285 0.35213977 0.69955128 0.75364041
0.00000000 0.00000000 0.00000000 1.00000000
186 0.984370 0.036064
0.31121796 -0.30806839 0.89901984 -2.09937215
0.50734824 0.85377002 0.11693117 -0.17155297
-0.80357999 0.41972429 0.42200658 1.08499908
0.00000000 0.00000000 0.00000000 1.00000000
187 2.530490 0.051909
0.70112109 0.30581033 -0.64413524 1.63052285
-0.37749699 0.92557156 0.02853197 0.26331952
0.60491794 0.22315541 0.76437992 -0.12091410
0.00000000 0.00000000 0.00000000 1.00000000
188 0.000000 0.021085
0.82387674 0.20854752 -0.52700663 1.31066024
-0.32869440 0.93331265 -0.14452073 0.24459893
0.46172243 0.29229203 0.83748245 0.15452182
0.00000000 0.00000000 0.00000000 1.00000000
189 1.953043 0.031921
0.96557266 0.03867113 -0.25724474 0.89734763
-0.12834193 0.93097520 -0.34178129 0.22417119
0.22627130 0.36303082 0.90388650 0.24629927
0.00000000 0.00000000 0.00000000 1.00000000
190 0.808909 0.019108
0.95915055 -0.08110794 -0.27101883 0.54407310
0.00195676 0.95989740 -0.28034449 0.18455076
0.28288844 0.26836231 0.92084509 0.39172161
0.00000000 0.00000000 0.00000000 1.00000000
191 2.533273 0.042453
0.67784768 0.13166988 -0.72331560 1.65395081
-0.11095425 0.99088478 0.07639697 0.24574980
0.72678167 0.02846920 0.68627834 -0.22425973
0.00000000 0.00000000 0.00000000 1.00000000
192 1.187291 0.046784
0.66793031 0.17388736 -0.72362357 1.20320201
-0.29435292 0.95476109 -0.04226899 -0.16506797
0.68353760 0.24123321 0.68889904 0.14088523
0.00000000 0.00000000 0.00000000 1.00000000
193 2.032784 0.057597
0.88699126 0.35663688 -0.29335487 -0.75143898
-0.32530919 0.93344247 0.15119447 0.22102152
0.32775125 -0.03867734 0.94397217 -0.02660060
0.00000000 0.00000000 0.00000000 1.00000000
194 1.034386 0.017501
0.94464713 0.28123972 -0.16895190 -0.53260303
-0.26361465 0.95720410 0.11944428 0.22320923
0.19531474 -0.06829453 0.97835928 -0.27132154
0.00000000 0.00000000 0.00000000 1.00000000
195 0.000000 0.013040
0.96936190 0.23281930 -0.07830870 -0.27005473
-0.22440016 0.96901846 0.10319117 0.23888084
0.09990746 -0.08245710 0.99157405 -0.28579831
0.00000000 0.00000000 0.00000000 1.00000000
196 0.000000 0.022502
0.92054397 0.33916602 -0.19381523 -0.03073885
-0.33397627 0.94067729 0.05988005 0.41896999
0.20262718 0.00960737 0.97920841 -0.55637634
0.00000000 0.00000000 0.00000000 1.00000000
197 75.739450 1.529904
-0.11865109 -0.56069577 0.81947643 -2.03342438
0.37149179 0.74030101 0.56031066 -1.13725197
-0.92082298 0.37091050 0.12045598 2.65390253
0.00000000 0.00000000 0.00000000 1.00000000
198 2.224224 0.056769
0.53776795 -0.28669727 0.79284996 -1.82534504
