0 0.676086 0.045383
0.99931186 0.03369429 0.01550729 -0.69759655
-0.03459923 0.99745470 0.06235582 0.19206023
-0.01336695 -0.06284875 0.99793398 -0.18810964
0.00000000 0.00000000 0.00000000 1.00000000
1 0.915143 0.039582
0.97393531 0.22394860 -0.03602873 -0.39904878
-0.22279118 0.97429144 0.03349629 0.32384238
0.04260429 -0.02459547 0.99878949 -0.40213513
0.00000000 0.00000000 0.00000000 1.00000000
2 0.302612 0.019475
0.98574036 0.15064383 0.07498968 -0.16343305
-0.15239745 0.98815221 0.01820812 0.34398443
-0.07135798 -0.02937585 0.99701834 -0.66796124
0.00000000 0.00000000 0.00000000 1.00000000
3 0.904822 0.032248
0.97751951 0.10541914 0.18259723 0.02023255
-0.11134705 0.99352622 0.02249575 0.34712213
-0.17904416 -0.04232216 0.98293000 -0.72453165
0.00000000 0.00000000 0.00000000 1.00000000
4 2.709205 0.035890
0.97858089 0.20015138 0.04814444 0.33275574
-0.19800609 0.97912681 -0.04586792 0.52085662
-0.05632016 0.03535220 0.99778640 -0.94646049
0.00000000 0.00000000 0.00000000 1.00000000
5 2.200871 0.063882
0.87676853 0.36919975 -0.30816871 0.66163385
-0.40889841 0.90960658 -0.07360363 0.59631759
0.25313807 0.19054291 0.94847971 -0.85475087
0.00000000 0.00000000 0.00000000 1.00000000
6 1.428481 0.037457
0.81437027 0.42742464 -0.39256865 0.05766720
-0.39063656 0.90397543 0.17387712 0.16261056
0.42919126 0.01175198 0.90313768 -0.31545234
0.00000000 0.00000000 0.00000000 1.00000000
7 0.259443 0.008786
0.99724180 -0.06017079 0.04347545 0.11282542
0.06101038 0.99797100 -0.01825464 0.05424938
-0.04228891 0.02085823 0.99888837 -0.12286401
0.00000000 0.00000000 0.00000000 1.00000000
8 2.521501 0.081446
0.76760620 -0.09895357 0.63323700 -2.39016914
0.10202517 0.99427718 0.03169823 0.02025163
-0.63274914 0.04027462 0.77330887 0.94364679
0.00000000 0.00000000 0.00000000 1.00000000
9 1.129865 0.095374
0.29424655 -0.30220985 0.90669107 -2.03533220
0.31660801 0.92594481 0.20587888 -0.29163566
-0.90176415 0.22648710 0.36813775 1.55887794
0.00000000 0.00000000 0.00000000 1.00000000
10 2.858006 0.167763
0.19278401 -0.29565993 0.93563879 -2.12865973
0.33404341 0.91634667 0.22073612 -0.01449952
-0.92263162 0.26998919 0.27542040 1.20925212
0.00000000 0.00000000 0.00000000 1.00000000
11 1.947826 0.130382
0.25090969 -0.30177262 0.91977024 -2.25546479
0.30447957 0.92654240 0.22093351 0.28585991
-0.91887724 0.22461705 0.32436204 0.61809170
0.00000000 0.00000000 0.00000000 1.00000000
12 0.833217 0.035590
0.95853955 -0.09670925 0.26804408 0.24219307
0.10871187 0.99361205 -0.03026992 0.23042202
-0.26340419 0.05815387 0.96293050 -0.43456578
0.00000000 0.00000000 0.00000000 1.00000000
13 2.706892 0.127406
-0.25329661 -0.50255048 0.82660997 -2.16642666
0.46918654 0.68343019 0.55927408 -0.25597912
-0.84599364 0.52949637 0.06267965 0.57451719
0.00000000 0.00000000 0.00000000 1.00000000
14 3.952501 0.126477
-0.65284944 -0.38739663 0.65093100 -1.69278431
0.56303489 0.32668966 0.75912094 -1.01056504
-0.50673306 0.86208898 0.00483945 1.14499617
0.00000000 0.00000000 0.00000000 1.00000000
15 0.000000 0.027991
0.35220385 0.50619292 -0.78722358 1.59829998
-0.68123657 0.71541512 0.15523528 0.42253411
0.64177102 0.48161140 0.59680897 0.00404036
0.00000000 0.00000000 0.00000000 1.00000000
16 1.490691 0.035400
0.64522803 0.41751251 -0.63981515 1.09741259
-0.59905559 0.79623175 -0.08454062 0.47583026
0.47414452 0.43783265 0.76386428 0.03338337
0.00000000 0.00000000 0.00000000 1.00000000
17 2.768666 0.081374
0.71021885 0.31769589 -0.62821943 0.64199466
-0.47538200 0.87462151 -0.09512788 0.44725466
0.51923251 0.36620629 0.77219903 0.13003230
0.00000000 0.00000000 0.00000000 1.00000000
18 0.820438 0.032279
0.93338722 -0.14397462 0.32872182 0.01591730
0.11019429 0.98672628 0.11927807 0.43867612
-0.34153175 -0.07511026 0.93686402 -0.71081448
0.00000000 0.00000000 0.00000000 1.00000000
19 2.119326 0.091381
0.96274501 -0.01358141 0.27007198 0.45826051
-0.09915210 0.91145104 0.39928475 0.10301095
-0.25158024 -0.41118592 0.87614733 -0.21871567
0.00000000 0.00000000 0.00000000 1.00000000
20 1.334129 0.052167
0.98020256 0.10423507 -0.16834202 0.23154758
-0.09161486 0.99248815 0.08109039 0.44503680
0.17553009 -0.06406167 0.98238796 -0.51648474
0.00000000 0.00000000 0.00000000 1.00000000
21 1.337352 0.056316
0.93937796 0.25958353 -0.22402048 0.05268711
-0.22864968 0.96110773 0.15489203 0.20359734
0.25551483 -0.09427980 0.96219718 -0.35948348
0.00000000 0.00000000 0.00000000 1.00000000
22 0.870431 0.042946
0.95331472 0.19225943 -0.23286507 -0.30191112
-0.17124620 0.97934395 0.10751563 0.02739984
0.24872598 -0.06261933 0.96654749 -0.38577008
0.00000000 0.00000000 0.00000000 1.00000000
23 0.576073 0.041933
0.99562728 0.08972359 -0.02600230 -0.81013870
-0.08738223 0.99293047 0.08033875 0.15772545
0.03302680 -0.07771489 0.99642867 -0.06336045
0.00000000 0.00000000 0.00000000 1.00000000
24 0.787333 0.027530
0.95738393 0.28136095 -0.06522012 -0.53740430
-0.27730167 0.95859587 0.06480360 0.30026522
0.08075312 -0.04395512 0.99576491 -0.28158522
0.00000000 0.00000000 0.00000000 1.00000000
25 0.327456 0.013950
0.97543746 0.21630353 0.04165371 -0.27745610
-0.21798684 0.97507823 0.04129341 0.32398471
-0.03168356 -0.04935846 0.99827856 -0.53271902
0.00000000 0.00000000 0.00000000 1.00000000
26 1.172364 0.024273
0.97640330 0.16490161 0.13944499 -0.05801898
-0.17201412 0.98426151 0.04050702 0.33434781
-0.13057053 -0.06353758 0.98940098 -0.57696939
0.00000000 0.00000000 0.00000000 1.00000000
27 2.536362 0.038761
0.96388161 0.26596391 0.01394911 0.22192743
-0.26560307 0.96379852 -0.02337366 0.50219262
-0.01966089 0.01882395 0.99962938 -0.81326771
0.00000000 0.00000000 0.00000000 1.00000000
28 2.594953 0.046392
0.78573251 -0.07298538 0.61424625 -2.40402174
0.03978203 0.99692190 0.06756714 -0.06011367
-0.61728644 -0.02865413 0.78621691 1.12032807
0.00000000 0.00000000 0.00000000 1.00000000
29 1.515945 0.079880
0.34038761 -0.28163666 0.89711559 -1.97504318
0.25551087 0.94589281 0.20000249 -0.31782752
-0.90490305 0.16114402 0.39393219 1.73649478
0.00000000 0.00000000 0.00000000 1.00000000
30 1.688412 0.107483
0.23276755 -0.29976767 0.92517978 -2.05693078
0.28152603 0.93134773 0.23093669 -0.07258280
-0.93089271 0.20670722 0.30118030 1.38398600
0.00000000 0.00000000 0.00000000 1.00000000
31 0.802594 0.058864
0.27768832 -0.28879344 0.91623527 -2.19634008
0.23408219 0.94533938 0.22702242 0.23272340
-0.93171597 0.15143305 0.33011144 0.82704461
0.00000000 0.00000000 0.00000000 1.00000000
32 0.895256 0.017646
0.96927369 -0.04562935 0.24171823 0.13580169
0.05149095 0.99851185 -0.01798532 0.18239775
-0.24053863 0.02987930 0.97018003 -0.27531433
0.00000000 0.00000000 0.00000000 1.00000000
33 2.786286 0.111972
-0.17884620 -0.51206559 0.84012067 -2.04762769
0.46010220 0.71123779 0.53145647 -0.23491877
-0.86966652 0.48159081 0.10840040 0.67351282
0.00000000 0.00000000 0.00000000 1.00000000
34 3.660302 0.116345
-0.60406566 -0.43762323 0.66602671 -1.51432776
0.57223898 0.34347913 0.74469155 -0.99296486
-0.55466092 0.83096862 0.04294032 1.16794300
0.00000000 0.00000000 0.00000000 1.00000000
35 0.772278 0.019735
0.95200080 -0.09231892 0.29184493 -0.05589569
0.05334334 0.98888391 0.13880630 0.38863257
-0.30141491 -0.11657546 0.94634014 -0.54726291
0.00000000 0.00000000 0.00000000 1.00000000
36 2.197667 0.064713
0.98209327 0.02939695 0.18608986 0.38416487
-0.09994522 0.91859645 0.38235292 0.09373224
-0.15970176 -0.39410496 0.90508407 0.27370739
0.00000000 0.00000000 0.00000000 1.00000000
37 0.393664 0.018121
0.96524721 0.04211321 0.25792462 0.33344075
-0.15464075 0.88764548 0.43378916 0.07899994
-0.21067697 -0.45859939 0.86330879 -0.03894782
0.00000000 0.00000000 0.00000000 1.00000000
38 2.022747 0.071464
0.97045577 0.15480830 -0.18506967 0.02682018
-0.13749275 0.98512626 0.10306796 0.42419913
0.19827262 -0.07457659 0.97730589 -0.41941857
0.00000000 0.00000000 0.00000000 1.00000000
39 1.000929 0.035499
0.91356021 0.30408159 -0.27007833 -0.10137367
-0.26074809 0.94754577 0.18484527 0.18273348
0.31211954 -0.09844506 0.94492847 -0.27219844
0.00000000 0.00000000 0.00000000 1.00000000
40 0.121947 0.006873
0.97783518 0.19808488 -0.06782486 0.25338906
-0.19981393 0.97963601 -0.01966706 -0.01615277
0.06254818 0.03278279 0.99750322 -0.18132496
0.00000000 0.00000000 0.00000000 1.00000000
41 0.387654 0.015732
0.98918945 0.13850400 0.04819162 0.52615255
-0.13662687 0.98980421 -0.04029059 0.05611947
-0.05328039 0.03327250 0.99802595 -0.52065349
0.00000000 0.00000000 0.00000000 1.00000000
42 1.615921 0.083569
0.97899568 0.10523130 0.17462292 0.68849844
-0.10001468 0.99424338 -0.03843397 0.07565844
-0.17766216 0.02016169 0.98388493 -0.67209768
0.00000000 0.00000000 0.00000000 1.00000000
43 2.493557 0.047771
0.98053598 0.19467868 0.02550327 0.97840965
-0.19129232 0.97649419 -0.09933358 0.16189772
-0.04424214 0.09252161 0.99472755 -0.81243169
0.00000000 0.00000000 0.00000000 1.00000000
44 1.991348 0.024646
0.88280714 0.33786479 -0.32634136 1.11619520
-0.39662617 0.90836769 -0.13249454 0.13908163
0.25167328 0.24640256 0.93591976 -0.53961015
0.00000000 0.00000000 0.00000000 1.00000000
45 1.650194 0.033190
0.61829460 0.41233647 -0.66909713 1.19413269
-0.52985626 0.84746081 0.03262967 -0.13198805
0.58048695 0.33435079 0.74245870 -0.04669273
0.00000000 0.00000000 0.00000000 1.00000000
46 2.010908 0.030097
0.34728849 0.38619867 -0.85454178 1.02620363
-0.45554337 0.86599386 0.20624039 -0.18188298
0.81967717 0.31765574 0.47668034 0.39998674
0.00000000 0.00000000 0.00000000 1.00000000
47 0.000000 0.048799
0.58506626 0.36750242 -0.72293866 0.92150456
-0.39370608 0.90804875 0.14298058 -0.12656620
0.70900929 0.20097221 0.67595613 0.27453971
0.00000000 0.00000000 0.00000000 1.00000000
48 0.000000 0.021805
0.80921584 0.36476809 -0.46055937 0.55328792
-0.35410866 0.92834353 0.11307985 -0.23493138
0.46880463 0.07158259 0.88039684 0.20038199
0.00000000 0.00000000 0.00000000 1.00000000
49 0.833217 0.084098
0.82805991 0.22078314 -0.51533556 0.18714029
-0.28207898 0.95844346 -0.04263201 -0.15662876
0.48450765 0.18066677 0.85592747 0.80299425
0.00000000 0.00000000 0.00000000 1.00000000
50 0.000000 0.037942
0.95517427 0.06012343 0.28987485 -1.57961321
-0.01627018 0.98834169 -0.15138128 0.04093242
-0.29559696 0.13987908 0.94501662 0.46820021
0.00000000 0.00000000 0.00000000 1.00000000
51 1.394093 0.066585
0.78739470 -0.10743877 0.60701352 -1.65467286
0.15092671 0.98832476 -0.02084705 -0.08296123
-0.59768707 0.10802877 0.79441762 0.60734308
0.00000000 0.00000000 0.00000000 1.00000000
52 3.699782 0.128738
0.34159371 -0.24197271 0.90816462 -1.57226396
0.32890576 0.93596399 0.12566677 -0.16318364
-0.88041770 0.25577396 0.39930546 0.90809083
0.00000000 0.00000000 0.00000000 1.00000000
53 2.184447 0.035577
0.17077112 0.51065218 -0.84265792 1.79927182
-0.62382913 0.71801585 0.30869612 -0.16202244
0.76267636 0.47295800 0.44117647 0.26906288
0.00000000 0.00000000 0.00000000 1.00000000
54 1.572465 0.006783
0.36479574 0.43583417 -0.82278323 1.60141349
-0.64562416 0.75513554 0.11375147 -0.14554974
0.67089003 0.48971283 0.55685532 0.49069023
0.00000000 0.00000000 0.00000000 1.00000000
55 1.071189 0.014222
0.64124107 0.35868496 -0.67834777 1.37442315
-0.59156454 0.79413211 -0.13929775 -0.12548949
0.48873419 0.49060953 0.72141558 0.47953737
0.00000000 0.00000000 0.00000000 1.00000000
56 1.027934 0.026723
0.68358755 0.25462568 -0.68401229 1.03556108
-0.46657759 0.87312555 -0.14126456 -0.09585589
0.56125993 0.41571069 0.71566093 0.66238046
0.00000000 0.00000000 0.00000000 1.00000000
57 1.813157 0.091010
0.95886075 -0.02788569 0.28250352 1.09290957
-0.06951630 0.94179744 0.32891423 -0.02910015
-0.27523321 -0.33502135 0.90111440 -0.18229151
0.00000000 0.00000000 0.00000000 1.00000000
58 0.993078 0.028020
0.99112463 -0.06112254 0.11804590 0.28802425
0.06275058 0.99797690 -0.01012811 0.03936030
-0.11718868 0.01744407 0.99295557 -0.31518888
0.00000000 0.00000000 0.00000000 1.00000000
59 1.302962 0.027099
0.97249311 -0.09770435 0.21145138 0.55438161
0.10429177 0.99434209 -0.02019706 0.09521006
-0.20828083 0.04169467 0.97718024 -0.41966081
0.00000000 0.00000000 0.00000000 1.00000000
60 2.408754 0.028654
0.99570417 -0.00300360 0.09253731 0.75120360
0.01099795 0.99623364 -0.08600727 0.17940934
-0.09193099 0.08665484 0.99198747 -0.60587204
0.00000000 0.00000000 0.00000000 1.00000000
61 3.050435 0.041271
0.95354646 0.15028319 -0.26108399 0.83095419
-0.18649328 0.97512150 -0.11982903 0.16649610
0.23658058 0.16295344 0.95784998 -0.42554772
0.00000000 0.00000000 0.00000000 1.00000000
62 0.000000 0.074590
0.68915731 0.25833824 -0.67699432 0.64212239
-0.21321627 0.96522099 0.15127757 -0.03576161
0.69253141 0.04009148 0.72027242 0.24463975
0.00000000 0.00000000 0.00000000 1.00000000
63 0.554614 0.026225
0.89724141 0.20788008 -0.38954318 0.24224892
-0.17073378 0.97695506 0.12809879 -0.16752782
0.40719515 -0.04842737 0.91205639 0.25685954
0.00000000 0.00000000 0.00000000 1.00000000
64 2.136617 0.140178
0.87789416 0.05115080 -0.47611517 -0.07040447
-0.07765844 0.99632430 -0.03615326 -0.11748528
0.47251552 0.06871337 0.87863958 0.87109160
0.00000000 0.00000000 0.00000000 1.00000000
65 0.891752 0.030397
0.92320734 -0.14602818 0.35547817 -1.76359940
0.20110440 0.97180796 -0.12307298 -0.00959826
-0.32748428 0.18511021 0.92654693 0.73256564
0.00000000 0.00000000 0.00000000 1.00000000
66 1.161296 0.057903
0.70019072 -0.27873141 0.65729755 -1.72752607
0.34820426 0.93704486 0.02643332 -0.15825102
-0.62328619 0.21036452 0.75316614 0.91170454
0.00000000 0.00000000 0.00000000 1.00000000
67 2.807422 0.092690
0.20620212 -0.33125809 0.92073286 -1.48596179
0.50831771 0.84029222 0.18847775 -0.26643527
-0.83611852 0.42916024 0.34165442 1.20353591
0.00000000 0.00000000 0.00000000 1.00000000
68 4.492047 0.177279
0.08950987 -0.32430845 0.94170684 -1.59881771
0.54079127 0.80981225 0.22748305 0.01604313
-0.83638036 0.48890457 0.24787007 0.79879427
0.00000000 0.00000000 0.00000000 1.00000000
69 1.873671 0.036181
0.49697828 0.37419829 -0.78293592 1.35409629
-0.48636764 0.86732459 0.10580358 -0.01139681
0.71865124 0.32821268 0.61303914 0.43734658
0.00000000 0.00000000 0.00000000 1.00000000
70 1.605228 0.034116
0.74479312 0.24641700 -0.62012964 1.04887247
-0.41637447 0.89782625 -0.14331445 -0.03788818
0.52145374 0.36494556 0.77129757 0.47104096
0.00000000 0.00000000 0.00000000 1.00000000
71 1.702264 0.042509
0.76241964 0.11210674 -0.63729787 0.73434567
-0.26364782 0.95324010 -0.14772639 -0.02346021
0.59093678 0.28065157 0.75632584 0.66916013
0.00000000 0.00000000 0.00000000 1.00000000
72 2.530490 0.080118
0.92089760 -0.23072606 0.31418726 1.00147748
0.10835004 0.92575854 0.36225966 0.03192765
-0.37444425 -0.29956150 0.87752759 0.07767844
0.00000000 0.00000000 0.00000000 1.00000000
73 0.574713 0.005189
0.99402571 -0.03998766 0.10155986 0.28585255
0.04075584 0.99915469 -0.00549769 0.02928442
-0.10125437 0.00960460 0.99481487 -0.07503963
0.00000000 0.00000000 0.00000000 1.00000000
74 1.957248 0.025315
0.99808353 0.05630763 -0.02568267 0.46172222
-0.05774660 0.99657160 -0.05925074 0.12190205
0.02225812 0.06062064 0.99791288 -0.29684639
0.00000000 0.00000000 0.00000000 1.00000000
75 2.514661 0.036047
0.90960461 0.22644192 -0.34834352 0.41844898
-0.26659387 0.96116602 -0.07132740 0.17775881
0.31866431 0.15774596 0.93464899 -0.25442791
0.00000000 0.00000000 0.00000000 1.00000000
76 1.755243 0.027635
0.84433639 0.25359529 -0.47200119 -0.19361693
-0.19121636 0.96551329 0.17669049 -0.10931588
0.50053173 -0.05893202 0.86371005 0.35093307
0.00000000 0.00000000 0.00000000 1.00000000
77 5.717997 0.085320
0.75985491 -0.20857596 0.61572206 -1.86708903
0.23406608 0.97138786 0.04019645 -0.35490099
-0.60649037 0.11357671 0.78693640 1.36813998
0.00000000 0.00000000 0.00000000 1.00000000
78 1.555196 0.041381
0.30960628 -0.32766321 0.89262605 -1.32746398
0.46505329 0.87099379 0.15841994 -0.42109305
-0.82937926 0.36607096 0.42204586 1.59526670
0.00000000 0.00000000 0.00000000 1.00000000
79 2.304777 0.089184
0.20509896 -0.30307743 0.93063313 -1.41057825
0.49332106 0.85324168 0.16915207 -0.10705969
-0.84532124 0.42440763 0.32451355 1.17106164
0.00000000 0.00000000 0.00000000 1.00000000
80 2.171867 0.088898
0.26444957 -0.29191884 0.91915697 -1.52884269
0.45199928 0.87944150 0.14926095 0.21584263
-0.85191673 0.37598619 0.36451524 0.63094437
0.00000000 0.00000000 0.00000000 1.00000000
81 3.946849 0.052501
0.39745080 0.45096827 -0.79916221 0.92802894
-0.57515001 0.80103254 0.16598138 0.19983020
0.71500713 0.39366835 0.57774556 0.29474986
0.00000000 0.00000000 0.00000000 1.00000000
82 2.733088 0.049747
0.97610873 -0.16553888 0.14074159 0.81898594
0.10885095 0.93314552 0.34262261 -0.00432378
-0.18804963 -0.31911755 0.92887086 0.82591724
0.00000000 0.00000000 0.00000000 1.00000000
83 1.849914 0.055190
0.96434838 -0.16738975 0.20497394 0.79320246
0.08077912 0.92376792 0.37433746 0.05004951
-0.25200880 -0.34443286 0.90435493 0.45702481
0.00000000 0.00000000 0.00000000 1.00000000
84 2.741669 0.096921
0.98196214 -0.14728150 0.11857061 0.68625009
0.10014169 0.93702888 0.33458537 0.11872822
-0.16038224 -0.31667727 0.93487561 0.03461266
0.00000000 0.00000000 0.00000000 1.00000000
85 1.690265 0.064137
0.96428621 -0.15925677 0.21163343 0.58312398
0.08136749 0.93851852 0.33550382 0.12772050
-0.25205317 -0.30630165 0.91795897 -0.45951366
0.00000000 0.00000000 0.00000000 1.00000000
86 1.627746 0.071633
0.99604923 -0.06426456 -0.06128822 0.82346600
0.07901803 0.95632434 0.28142449 0.22557040
0.04052581 -0.28515545 0.95762396 -0.62589657
0.00000000 0.00000000 0.00000000 1.00000000
87 1.182337 0.017190
0.98726267 0.09854434 -0.12490281 0.16414925
-0.10492094 0.99343824 -0.04552698 0.12700595
0.11959690 0.05805185 0.99112403 -0.25503230
0.00000000 0.00000000 0.00000000 1.00000000
88 2.633588 0.036302
0.86275071 0.24394801 -0.44289005 0.12650317
-0.29183730 0.95553815 -0.04217971 0.25297958
0.41290939 0.16564274 0.89558411 -0.30648398
0.00000000 0.00000000 0.00000000 1.00000000
89 2.704867 0.040336
0.82107407 -0.25312161 0.51163167 -2.01570082
0.28142607 0.95930749 0.02296564 -0.44750828
-0.49662608 0.12513012 0.85889733 1.56714690
0.00000000 0.00000000 0.00000000 1.00000000
90 2.879568 0.059280
0.41527840 -0.30167586 0.85821605 -1.36423230
0.43063855 0.89620066 0.10664776 -0.54195762
-0.80130714 0.32529229 0.50208592 1.86055088
0.00000000 0.00000000 0.00000000 1.00000000
91 2.341510 0.082128
0.30982989 -0.29599378 0.90354413 -1.42371988
0.47100404 0.87328964 0.12457403 -0.25192690
-0.82592869 0.38697612 0.40998587 1.43031859
0.00000000 0.00000000 0.00000000 1.00000000
92 2.437991 0.095539
0.37430143 -0.29751551 0.87828398 -1.54885125
0.43898261 0.89113343 0.11478482 0.07644385
-0.81681818 0.34258735 0.46415687 0.87606597
0.00000000 0.00000000 0.00000000 1.00000000
93 93.357705 1.716808
0.97308499 0.18515882 -0.13719149 -0.42225602
-0.18982272 0.98158085 -0.02161232 0.68893111
0.13066286 0.04707281 0.99030918 -0.48815942
0.00000000 0.00000000 0.00000000 1.00000000
94 2.411677 0.041383
0.99002290 -0.13403577 0.04346150 0.53085959
0.11118425 0.93258417 0.34340402 -0.04137784
-0.08656000 -0.33514506 0.93818188 0.92485118
0.00000000 0.00000000 0.00000000 1.00000000
95 2.028351 0.045230
0.98699373 -0.11612111 0.11117375 0.51493055
0.06660402 0.92477846 0.37463054 0.02033183
-0.14631383 -0.36235383 0.92048454 0.58196568
0.00000000 0.00000000 0.00000000 1.00000000
96 2.454314 0.071009
0.99484456 -0.10007477 0.01644568 0.41347420
0.08848223 0.93571997 0.34146717 0.06626183
-0.04956076 -0.33825073 0.93975043 0.13332152
0.00000000 0.00000000 0.00000000 1.00000000
97 1.823060 0.063769
0.98728478 -0.11038449 0.11437865 0.31205586
0.06621558 0.93975216 0.33538085 0.10491031
-0.14450851 -0.32354367 0.93511319 -0.33584332
0.00000000 0.00000000 0.00000000 1.00000000
98 1.150801 0.044703
0.98567224 -0.03608870 -0.16476791 0.53044319
0.08441405 0.95125502 0.29663154 0.16588673
0.14603105 -0.30628917 0.94067138 -0.58897173
0.00000000 0.00000000 0.00000000 1.00000000
99 2.159395 0.113000
0.94676799 0.00388071 -0.32189298 0.60824198
0.08023156 0.96552896 0.24762174 0.30250695
0.31175789 -0.26026645 0.91382092 -0.76569474
0.00000000 0.00000000 0.00000000 1.00000000
100 0.807940 0.009901
0.92491597 0.18688551 -0.33106491 -0.10441744
-0.20685290 0.97803187 -0.02579986 0.15992096
0.31897017 0.09234439 0.94325519 -0.12242508
0.00000000 0.00000000 0.00000000 1.00000000
101 5.608500 0.239263
0.80874240 0.30085045 -0.50539631 -0.49342379
-0.18948786 0.94673836 0.26034948 -0.12571749
0.55680436 -0.11478865 0.82267427 0.45671642
0.00000000 0.00000000 0.00000000 1.00000000
102 3.444806 0.080143
0.94506633 -0.14351022 0.29368681 -2.36672783
0.16201971 0.98599392 -0.03956520 -0.36043566
-0.28389567 0.08497468 0.95508242 1.52902973
0.00000000 0.00000000 0.00000000 1.00000000
103 3.004395 0.059497
0.73031449 -0.33964264 0.59269172 -1.94293571
0.35267648 0.93052852 0.09867233 -0.56856847
-0.58502978 0.13696668 0.79936218 1.85519588
0.00000000 0.00000000 0.00000000 1.00000000
104 1.853297 0.046241
0.25888628 -0.41408131 0.87264770 -1.12383151
0.52474725 0.81879222 0.23285145 -0.70526034
-0.81093705 0.39763770 0.42926165 2.04599190
0.00000000 0.00000000 0.00000000 1.00000000
105 4.669254 0.110091
0.18747477 -0.35227543 0.91692686 -1.15949786
0.52314222 0.82588220 0.21033472 -0.33691743
-0.83136940 0.44025040 0.33912235 1.57933259
0.00000000 0.00000000 0.00000000 1.00000000
106 87.229094 2.601388
-0.93868542 0.09940653 0.33013156 -0.26536432
0.33789611 0.45553860 0.82359630 -1.41847908
-0.06851673 0.88464832 -0.46119595 3.07673097
0.00000000 0.00000000 0.00000000 1.00000000
107 10.580427 0.139051
0.44821259 0.52652311 -0.72241133 0.41780600
-0.60750127 0.77225077 0.18592981 0.47680795
0.65577900 0.35553020 0.66599691 0.11822140
0.00000000 0.00000000 0.00000000 1.00000000
108 3.899832 0.065195
0.66426980 0.34708035 -0.66202813 0.13035247
-0.47879192 0.87769449 -0.02026505 0.14789049
0.57402480 0.33043551 0.74920523 0.44264627
0.00000000 0.00000000 0.00000000 1.00000000
109 2.000369 0.074732
0.70000654 0.18970212 -0.68848062 -0.23498368
-0.30135152 0.95249993 -0.04394670 0.04195374
0.64744127 0.23823759 0.72392219 0.57735157
0.00000000 0.00000000 0.00000000 1.00000000
110 3.848478 0.045738
0.96449232 -0.22289771 0.14166774 0.46246392
0.14756763 0.89967340 0.41086510 -0.08406860
-0.21903586 -0.37537104 0.90062189 1.24179161
0.00000000 0.00000000 0.00000000 1.00000000
111 3.183338 0.056513
0.95012844 -0.22339343 0.21760601 0.44986376
0.11268073 0.89654094 0.42838940 0.00697058
-0.29079232 -0.38250443 0.87700087 0.90512753
0.00000000 0.00000000 0.00000000 1.00000000
112 3.724678 0.083934
0.97175103 -0.19336092 0.13531514 0.30548266
0.12550251 0.90894604 0.39757365 0.04641011
-0.19986983 -0.36936107 0.90753716 0.44781899
0.00000000 0.00000000 0.00000000 1.00000000
113 4.898410 0.054963
0.21294567 0.42751339 -0.87857080 0.43888032
-0.46920872 0.83347040 0.29184151 0.00415125
0.85702896 0.35008669 0.37807655 -0.08877063
0.00000000 0.00000000 0.00000000 1.00000000
114 1.043052 0.051327
0.90085739 0.21079451 -0.37950146 -0.03000849
-0.18438661 0.97721815 0.10510287 0.00766838
0.39301044 -0.02470776 0.91920209 0.01723969
0.00000000 0.00000000 0.00000000 1.00000000
115 1.891758 0.042146
0.71545774 0.33556280 -0.61279488 -0.15597814
-0.18798921 0.93721968 0.29373163 0.05696163
0.67288941 -0.09495372 0.73362368 0.03961432
0.00000000 0.00000000 0.00000000 1.00000000
116 2.451761 0.055596
0.87665588 0.21711239 -0.42934364 -0.32242352
-0.10563654 0.95747364 0.26848528 -0.02345770
0.46937713 -0.19001524 0.86231059 0.23069131
0.00000000 0.00000000 0.00000000 1.00000000
117 2.431721 0.022393
0.98777926 0.09128976 -0.12632179 -0.64723247
-0.05588841 0.96407294 0.25969005 -0.20597179
0.14549083 -0.24945718 0.95739400 0.57466114
0.00000000 0.00000000 0.00000000 1.00000000
118 2.630018 0.027342
0.98093784 -0.02918601 -0.19211772 -1.06434417
0.05412273 0.99057031 0.12585893 -0.29898947
0.18663326 -0.13385820 0.97326756 1.10048938
0.00000000 0.00000000 0.00000000 1.00000000
119 7.111133 0.169618
0.89101315 0.18034254 -0.41662040 -1.24990404
-0.14778426 0.98294783 0.10942565 -0.04129392
0.42925030 -0.03592941 0.90247071 0.67556190
0.00000000 0.00000000 0.00000000 1.00000000
120 2.827847 0.046677
0.75848627 -0.34345627 0.55383825 -2.13561058
0.34840307 0.93191189 0.10077330 -0.44596323
-0.55073977 0.11652404 0.82650328 1.53019488
0.00000000 0.00000000 0.00000000 1.00000000
121 2.583765 0.067258
0.45284301 -0.49036881 0.74462855 -1.69532561
0.48167598 0.83735514 0.25850460 -0.58923823
-0.75028098 0.24160776 0.61538947 1.74734724
0.00000000 0.00000000 0.00000000 1.00000000
122 3.864624 0.100626
-0.10532487 -0.49279720 0.86374611 -0.92453647
0.55190128 0.69356507 0.46300116 -0.64649457
-0.82723093 0.52546793 0.19892505 1.82932448
0.00000000 0.00000000 0.00000000 1.00000000
123 1.747197 0.041612
0.59212297 0.53123063 -0.60595691 0.72733551
-0.43621925 0.84355080 0.31326509 0.34999260
0.67757189 0.07883886 0.73121858 -0.11801815
0.00000000 0.00000000 0.00000000 1.00000000
124 1.285727 0.045094
0.73494357 0.37872773 -0.56251472 0.44191837
-0.37581691 0.91794837 0.12701577 0.19172728
0.56446379 0.11805317 0.81697273 0.28931677
0.00000000 0.00000000 0.00000000 1.00000000
125 2.819528 0.057818
0.90680313 0.19633651 -0.37304106 0.15233186
-0.24699953 0.96456635 -0.09275159 -0.05315095
0.34161288 0.17624843 0.92316687 0.57212937
0.00000000 0.00000000 0.00000000 1.00000000
126 2.004279 0.041650
0.91435999 0.07397404 -0.39808786 -0.21278304
-0.09945147 0.99408227 -0.04370415 -0.14513791
0.39249903 0.07955196 0.91630560 0.70063722
0.00000000 0.00000000 0.00000000 1.00000000
127 2.939049 0.025082
0.58300364 0.38529301 -0.71530163 0.32549196
-0.33167952 0.91656780 0.22336935 -0.17850634
0.74168450 0.10702646 0.66215551 0.04678595
0.00000000 0.00000000 0.00000000 1.00000000
128 0.627450 0.015195
0.94210947 0.12229315 -0.31220618 -0.08975786
-0.06804603 0.98147213 0.17911398 0.03165386
0.32832628 -0.14750063 0.93297660 0.03865004
0.00000000 0.00000000 0.00000000 1.00000000
129 1.240173 0.026400
0.99734038 -0.02800616 -0.06730065 -0.28711349
0.04015862 0.98160863 0.18663764 -0.03606763
0.06083561 -0.18884301 0.98012131 0.21181393
0.00000000 0.00000000 0.00000000 1.00000000
130 1.810132 0.046608
0.95827687 -0.14968249 0.24351501 -0.59727263
0.10430951 0.97629887 0.18963051 -0.20382568
-0.26612705 -0.15631822 0.95117831 0.53780532
0.00000000 0.00000000 0.00000000 1.00000000
131 1.709606 0.014120
0.94905567 -0.26006526 0.17793091 -1.00223422
0.24253830 0.96337217 0.11441103 -0.30217487
-0.20116794 -0.06542677 0.97736943 1.08065975
0.00000000 0.00000000 0.00000000 1.00000000
132 2.399472 0.057778
0.98832065 -0.13083008 -0.07813237 -1.20840073
0.13635831 0.98817086 0.07017291 -0.17547429
0.06802721 -0.08000794 0.99447024 0.62348104
0.00000000 0.00000000 0.00000000 1.00000000
133 5.038629 0.172082
0.98571378 0.03938276 -0.16376200 -1.51814187
-0.03021377 0.99785316 0.05810975 0.21767262
0.16569883 -0.05233148 0.98478693 0.12626815
0.00000000 0.00000000 0.00000000 1.00000000
134 7.384746 0.268034
0.99908876 0.02557099 0.03414854 -2.09846210
-0.02690935 0.99886316 0.03934157 0.45528913
-0.03310333 -0.04022455 0.99864233 0.13545108
0.00000000 0.00000000 0.00000000 1.00000000
135 2.808538 0.069075
0.85321349 -0.34266132 0.39320272 -2.27226138
0.30077687 0.93917251 0.16579467 -0.12692907
-0.42609656 -0.02319226 0.90438026 0.58288169
0.00000000 0.00000000 0.00000000 1.00000000
136 0.847653 0.039399
0.40080202 -0.45943251 0.79264081 -2.09110212
0.49757040 0.83561611 0.23274344 -0.46636716
-0.76927328 0.30111071 0.56351650 1.44497168
0.00000000 0.00000000 0.00000000 1.00000000
137 4.109707 0.115077
0.05526816 -0.48461848 0.87297714 -1.68313909
0.53366327 0.75329101 0.38439035 -0.54199642
-0.84388971 0.44463128 0.30025572 1.62894249
0.00000000 0.00000000 0.00000000 1.00000000
138 0.000000 0.013013
0.39904901 0.71741605 -0.57102942 0.93835169
-0.65087467 0.66027790 0.37469637 -0.19722906
0.64585006 0.22214735 0.73043090 0.15828824
0.00000000 0.00000000 0.00000000 1.00000000
139 0.000000 0.017094
0.87817502 0.33071840 -0.34559035 0.76409203
-0.31143001 0.94368052 0.11169800 0.30031791
0.36306891 0.00953570 0.93171287 -0.10668778
0.00000000 0.00000000 0.00000000 1.00000000
140 0.000000 0.013243
0.95530248 0.16190797 -0.24735132 0.48078400
-0.17598946 0.98374194 -0.03577149 0.15719607
0.23753835 0.07770398 0.96826512 0.27730751
0.00000000 0.00000000 0.00000000 1.00000000
141 0.000000 0.013861
0.99828297 -0.05715366 -0.01287792 0.20475340
0.05381438 0.98143500 -0.18409507 -0.07890967
0.02316032 0.18308625 0.98282421 0.53984892
0.00000000 0.00000000 0.00000000 1.00000000
142 0.748604 0.010320
0.98538578 -0.16545923 -0.04048670 -0.15694134
0.16139525 0.98289335 -0.08872604 -0.15853506
0.05447458 0.08089513 0.99523300 0.67486942
0.00000000 0.00000000 0.00000000 1.00000000
143 2.276753 0.061968
0.98049963 -0.07570574 -0.18135065 0.78084022
0.10822698 0.97828656 0.17675495 0.30813494
0.16403174 -0.19293526 0.96740341 -0.59000957
0.00000000 0.00000000 0.00000000 1.00000000
144 0.961848 0.031731
0.86195093 0.17158504 -0.47707397 0.81367135
-0.05748661 0.96799904 0.24428660 0.14958163
0.50372243 -0.18313608 0.84423083 -0.27496660
0.00000000 0.00000000 0.00000000 1.00000000
145 0.526376 0.043568
0.63892704 0.35145125 -0.68429124 0.72065407
-0.25817770 0.93590987 0.23961979 -0.06686620
0.72464937 0.02356914 0.68871468 0.05452216
0.00000000 0.00000000 0.00000000 1.00000000
146 0.672603 0.040650
0.51617968 0.42096221 -0.74588847 0.61987489
-0.35144415 0.89828557 0.26376048 -0.26112702
0.78105420 0.12599024 0.61162162 0.20757878
0.00000000 0.00000000 0.00000000 1.00000000
147 0.000000 0.018811
0.66611373 0.32123494 -0.67312777 0.48711628
-0.29584303 0.94226152 0.15691209 -0.30812845
0.68466759 0.09461936 0.72268814 0.26711750
0.00000000 0.00000000 0.00000000 1.00000000
148 0.526376 0.022392
0.85995102 0.18668815 -0.47500584 0.38519055
-0.17298219 0.98222452 0.07287106 -0.22485885
0.48016813 0.01950148 0.87695873 0.07638180
0.00000000 0.00000000 0.00000000 1.00000000
149 1.033629 0.028169
0.95798683 -0.11433892 0.26303560 -0.21017855
0.10595112 0.99331152 0.04590499 -0.06029010
-0.26652497 -0.01610708 0.96369344 0.14181352
0.00000000 0.00000000 0.00000000 1.00000000
150 1.547628 0.052782
0.81096154 -0.16600621 0.56105542 -0.54808563
0.15303010 0.98570639 0.07046014 -0.23313174
-0.56473267 0.02871779 0.82477391 0.44695354
0.00000000 0.00000000 0.00000000 1.00000000
151 1.475119 0.008601
0.80212265 -0.29767683 0.51767504 -0.93857485
0.32414466 0.94510853 0.04120886 -0.30002785
-0.50152647 0.13474578 0.85458386 0.99224114
0.00000000 0.00000000 0.00000000 1.00000000
152 1.832910 0.046282
0.93868244 -0.19724971 0.28278440 -1.11907017
0.21810228 0.97493672 -0.04392949 -0.17485660
-0.26703164 0.10291174 0.95817697 0.57362843
0.00000000 0.00000000 0.00000000 1.00000000
153 2.625250 0.102810
0.98134142 -0.11181922 0.15641101 -1.45444620
0.12489317 0.98922360 -0.07639748 0.13134778
-0.14618306 0.09450573 0.98473239 0.05641174
0.00000000 0.00000000 0.00000000 1.00000000
154 3.954879 0.182154
0.96000713 -0.11507216 0.25523451 -1.83730972
0.13748120 0.98790514 -0.07171029 0.32045087
-0.24389577 0.10393210 0.96421617 -0.08523679
0.00000000 0.00000000 0.00000000 1.00000000
155 1.880135 0.057345
0.63318092 -0.34652188 0.69210160 -2.22227311
0.37150496 0.92051196 0.12100500 -0.13415979
-0.67901832 0.18050098 0.71158499 0.48063934
0.00000000 0.00000000 0.00000000 1.00000000
156 2.678250 0.070464
0.10570400 -0.34231219 0.93362093 -2.11856532
0.51154989 0.82383919 0.24414352 -0.43560028
-0.85272777 0.45178667 0.26219279 1.29724097
0.00000000 0.00000000 0.00000000 1.00000000
157 1.087865 0.067251
0.62383199 0.57452810 -0.52985948 1.03562665
-0.65000951 0.75782871 0.05642441 -0.32178912
0.43396008 0.30921444 0.84620631 0.19773650
0.00000000 0.00000000 0.00000000 1.00000000
158 0.000000 0.017961
0.97470176 0.19914347 -0.10148089 0.87372339
-0.21195267 0.96764910 -0.13686419 0.27090004
0.07094210 0.15491134 0.98537827 -0.14590120
0.00000000 0.00000000 0.00000000 1.00000000
159 0.242283 0.022411
0.99739504 0.05441752 0.04736018 0.58315283
-0.04187793 0.97130549 -0.23412380 0.12356308
-0.05874217 0.23153117 0.97105265 0.22719407
0.00000000 0.00000000 0.00000000 1.00000000
160 0.848576 0.022452
0.94018531 -0.14032274 0.31042022 0.29243916
0.23462829 0.92737520 -0.29141867 -0.08636731
-0.24698353 0.34682107 0.90482813 0.45745063
0.00000000 0.00000000 0.00000000 1.00000000
161 1.137116 0.021162
0.92164928 -0.24113266 0.30400309 -0.05823527
0.30100581 0.93870962 -0.16798633 -0.16919750
-0.24486342 0.24633089 0.93774343 0.60143781
0.00000000 0.00000000 0.00000000 1.00000000
162 1.548639 0.063144
0.97119224 -0.17223684 0.16468072 0.87074673
0.16476141 0.98461914 0.05812892 0.28609830
-0.17215982 -0.02932121 0.98463255 -0.64392805
0.00000000 0.00000000 0.00000000 1.00000000
163 0.416841 0.013530
0.97822893 0.02448496 -0.20608017 0.95050853
-0.01178479 0.99796683 0.06263095 0.10974461
0.20719498 -0.05883911 0.97652864 -0.26273704
0.00000000 0.00000000 0.00000000 1.00000000
164 0.995440 0.048371
0.84953386 0.18392761 -0.49443179 0.83873916
-0.20669933 0.97836548 0.00879797 -0.15813541
0.48535299 0.09472507 0.86917216 0.14606214
0.00000000 0.00000000 0.00000000 1.00000000
165 0.909567 0.032939
0.87992394 0.13713026 -0.45489436 0.58111733
-0.19973817 0.97549278 -0.09229605 -0.35438377
0.43108955 0.17207320 0.88574994 0.26581037
0.00000000 0.00000000 0.00000000 1.00000000
166 1.025266 0.034308
0.98190171 0.02960973 -0.18706420 0.48390317
-0.05572332 0.98915160 -0.13592321 -0.26106793
0.18101010 0.14388746 0.97289896 0.05944276
0.00000000 0.00000000 0.00000000 1.00000000
167 0.660864 0.038352
0.94151771 -0.05673654 0.33215243 -0.41658998
0.05586800 0.99836385 0.01217240 -0.15606335
-0.33229992 0.00709614 0.94314694 0.24482894
0.00000000 0.00000000 0.00000000 1.00000000
168 0.829923 0.019279
0.93741190 -0.19365615 0.28940910 -0.79456371
0.22014968 0.97351646 -0.06165650 -0.18531534
-0.26980373 0.12151185 0.95521820 0.80277157
0.00000000 0.00000000 0.00000000 1.00000000
169 1.163652 0.007482
0.99521750 -0.09193119 0.03303367 -0.96106863
0.09517890 0.98867345 -0.11604568 -0.07516456
-0.02199113 0.11863554 0.99269468 0.43099642
0.00000000 0.00000000 0.00000000 1.00000000
170 2.754206 0.152510
0.99170977 -0.00973403 -0.12812153 -1.18874013
-0.00698190 0.99157095 -0.12937371 0.22329539
0.12830254 0.12919660 0.98328245 -0.04599452
0.00000000 0.00000000 0.00000000 1.00000000
171 3.110554 0.152188
0.99999374 -0.00138514 0.00330302 -1.66018200
0.00178018 0.99243605 -0.12275158 0.40029687
-0.00310794 0.12275666 0.99243230 -0.18696737
0.00000000 0.00000000 0.00000000 1.00000000
172 1.904337 0.023418
0.82638228 -0.24582955 0.50661790 -2.15759563
0.28233358 0.95930493 0.00495633 -0.02946109
-0.48721910 0.13893892 0.86215675 0.27216029
0.00000000 0.00000000 0.00000000 1.00000000
173 1.011818 0.031743
0.36312059 -0.28362304 0.88752508 -2.19705462
0.46674669 0.87978053 0.09018354 -0.30591404
-0.80640525 0.38150218 0.45184699 1.12682164
0.00000000 0.00000000 0.00000000 1.00000000
174 2.463707 0.064907
-0.00487201 -0.31707639 0.94838750 -1.92751038
0.49023035 0.82585764 0.27862972 -0.45711380
-0.87157965 0.46628681 0.15141751 1.40462410
0.00000000 0.00000000 0.00000000 1.00000000
175 0.535223 0.085421
0.39006186 0.60498738 -0.69414747 1.26896262
-0.69159257 0.69019300 0.21291363 -0.44515941
0.60790676 0.39701766 0.68762338 0.26332664
0.00000000 0.00000000 0.00000000 1.00000000
176 0.000000 0.035487
0.88308519 0.28785488 -0.37053937 1.14219165
-0.34160843 0.93579119 -0.08716327 0.26149824
0.32165766 0.20355147 0.92471766 -0.19790769
0.00000000 0.00000000 0.00000000 1.00000000
177 0.451108 0.013953
0.96501499 0.13689017 -0.22362089 0.81422991
-0.18959074 0.95344675 -0.23450631 0.20156996
0.18110953 0.26869780 0.94604450 0.12702751
0.00000000 0.00000000 0.00000000 1.00000000
178 1.250231 0.041653
0.99721831 -0.01959350 0.07191863 0.44013089
0.04428253 0.93184531 -0.36014655 0.04429635
-0.05996058 0.36232984 0.93011963 0.33398879
0.00000000 0.00000000 0.00000000 1.00000000
179 0.592813 0.028604
0.98804623 -0.14112404 0.06204737 0.09770196
0.15246737 0.95406121 -0.25791866 -0.03430611
-0.02279903 0.26429605 0.96417248 0.46696782
0.00000000 0.00000000 0.00000000 1.00000000
180 0.935445 0.073995
0.87220442 0.12426904 -0.47309399 1.25422287
-0.11631413 0.99213898 0.04617040 0.14858145
0.47511113 0.01475774 0.87980247 -0.26064277
0.00000000 0.00000000 0.00000000 1.00000000
181 2.824107 0.074630
0.89335501 0.12530379 -0.43152899 0.71369779
-0.19596350 0.97284174 -0.12320007 -0.22740181
0.40437135 0.19462556 0.89364713 0.01059139
0.00000000 0.00000000 0.00000000 1.00000000
182 0.819483 0.025437
0.99055821 -0.13213639 -0.03653905 -0.42406178
0.12758619 0.98603892 -0.10700545 0.03164458
0.05016810 0.10133436 0.99358726 0.58806944
0.00000000 0.00000000 0.00000000 1.00000000
183 2.355843 0.141504
0.94177800 -0.02517083 -0.33529177 -0.39763740
-0.02104515 0.99082601 -0.13349490 0.12257844
0.33557603 0.13277900 0.93260854 0.36306882
0.00000000 0.00000000 0.00000000 1.00000000
184 1.839943 0.052901
0.96415192 -0.19253637 0.18259493 -1.83717179
0.21046022 0.97396123 -0.08429801 0.23952550
-0.16160955 0.11970487 0.97956783 -0.03561091
0.00000000 0.00000000 0.00000000 1.00000000
185 1.034765 0.029527
0.65460223 -0.25200009 0.71273470 -2.14175820
0.42573649 0.90196890 -0.07210597 0.04838520
-0.62469411 0.35063726 0.69771671 0.75652409
0.00000000 0.00000000 0.00000000 1.00000000
186 0.981583 0.036063
0.31121820 -0.30806857 0.89902020 -2.09937286
0.50734812 0.85377085 0.11693171 -0.17155385
-0.80358016 0.41972503 0.42200696 1.08499837
0.00000000 0.00000000 0.00000000 1.00000000
187 2.172228 0.050072
0.70079517 0.31103343 -0.64198470 1.62795079
-0.38334143 0.92315751 0.02879977 0.26313898
0.60161078 0.22591659 0.76617622 -0.12138879
0.00000000 0.00000000 0.00000000 1.00000000
188 0.000000 0.020884
0.82391262 0.20734355 -0.52742463 1.31134152
-0.32767498 0.93362129 -0.14484546 0.24545820
0.46238220 0.29216412 0.83716357 0.15528905
0.00000000 0.00000000 0.00000000 1.00000000
189 1.962041 0.031920
0.96566874 0.03783256 -0.25700742 0.89693320
-0.12757155 0.93088979 -0.34230128 0.22482111
0.22629531 0.36333689 0.90375721 0.24637544
0.00000000 0.00000000 0.00000000 1.00000000
190 0.693233 0.019821
0.95936126 -0.07977071 -0.27067164 0.54532611
0.00058897 0.95977402 -0.28077263 0.18408751
0.28218094 0.26920319 0.92081672 0.39244092
0.00000000 0.00000000 0.00000000 1.00000000
191 2.250467 0.031256
0.67389482 0.13381292 -0.72660857 1.66393483
-0.11350286 0.99053764 0.07714927 0.24417599
0.73005682 0.03048143 0.68270624 -0.21222973
0.00000000 0.00000000 0.00000000 1.00000000
192 4.488470 0.113919
0.71283853 0.16138816 -0.68250579 1.14051306
-0.27384034 0.95996243 -0.05901347 -0.15162018
0.64565706 0.22896463 0.72849292 0.10121381
0.00000000 0.00000000 0.00000000 1.00000000
193 2.047366 0.057631
0.88697070 0.35676670 -0.29326215 -0.75162351
-0.32552105 0.93340194 0.15098852 0.22156052
0.32759857 -0.03845959 0.94403410 -0.02655816
0.00000000 0.00000000 0.00000000 1.00000000
194 1.033629 0.017501
0.94464707 0.28123963 -0.16895190 -0.53260314
-0.26361498 0.95720422 0.11944421 0.22320966
0.19531453 -0.06829479 0.97835946 -0.27132225
0.00000000 0.00000000 0.00000000 1.00000000
195 0.000000 0.012602
0.96933430 0.23277894 -0.07879081 -0.26902801
-0.22432879 0.96904421 0.10310565 0.23906791
0.10035196 -0.08226795 0.99154615 -0.28585529
0.00000000 0.00000000 0.00000000 1.00000000
196 0.000000 0.022592
0.92061830 0.33884579 -0.19402283 -0.03055301
-0.33365554 0.94079256 0.05985890 0.41898817
0.20281801 0.00962953 0.97916865 -0.55636048
0.00000000 0.00000000 0.00000000 1.00000000
197 88.230901 3.663777
0.38082221 0.62736195 -0.67925894 1.22766018
-0.55085087 0.74395293 0.37828282 -0.72317326
0.74265659 0.23011212 0.62889588 1.49241281
0.00000000 0.00000000 0.00000000 1.00000000
198 2.196242 0.055541
0.53852224 -0.28701013 0.79222411 -1.82462466
