0 0.678974 0.045318
0.99931026 0.03371181 0.01556556 -0.69773114
-0.03461987 0.99745393 0.06234753 0.19208980
-0.01342455 -0.06284288 0.99793315 -0.18809223
0.00000000 0.00000000 0.00000000 1.00000000
1 0.934608 0.039861
0.97386104 0.22431837 -0.03571211 -0.39960432
-0.22317466 0.97420645 0.03336769 0.32426709
0.04227609 -0.02452642 0.99880457 -0.40220475
0.00000000 0.00000000 0.00000000 1.00000000
2 0.323851 0.019745
0.98573107 0.15073726 0.07491545 -0.16320935
-0.15247232 0.98814404 0.01797104 0.34465483
-0.07131854 -0.02913755 0.99702799 -0.66781652
0.00000000 0.00000000 0.00000000 1.00000000
3 0.955316 0.035403
0.97763193 0.10497191 0.18225452 0.02027769
-0.11114677 0.99351484 0.02397370 0.34422293
-0.17855595 -0.04369467 0.98295915 -0.72586989
0.00000000 0.00000000 0.00000000 1.00000000
4 2.708194 0.035777
0.97858405 0.20014673 0.04810733 0.33285168
-0.19799921 0.97912556 -0.04593313 0.52108824
-0.05629645 0.03542417 0.99778575 -0.94642961
0.00000000 0.00000000 0.00000000 1.00000000
5 2.363640 0.066575
0.87712282 0.36723840 -0.30950105 0.66313499
-0.40697438 0.91051972 -0.07298297 0.59401482
0.25500488 0.18997398 0.94809401 -0.85561204
0.00000000 0.00000000 0.00000000 1.00000000
6 1.430671 0.037458
0.81438172 0.42740625 -0.39256355 0.05767000
-0.39062244 0.90398329 0.17386293 0.16263005
0.42918083 0.01175335 0.90314204 -0.31545699
0.00000000 0.00000000 0.00000000 1.00000000
7 0.275536 0.008788
0.99724180 -0.06016435 0.04346532 0.11284737
0.06100258 0.99797106 -0.01822969 0.05421215
-0.04228047 0.02083057 0.99888849 -0.12289500
0.00000000 0.00000000 0.00000000 1.00000000
8 2.333471 0.078466
0.76814526 -0.10222846 0.63206196 -2.38805389
0.10405760 0.99397957 0.03430292 0.01562512
-0.63176334 0.03942108 0.77415812 0.94100630
0.00000000 0.00000000 0.00000000 1.00000000
9 0.998580 0.098019
0.29438922 -0.30928057 0.90425658 -2.03151894
0.32136390 0.92312348 0.21111077 -0.30047631
-0.90003335 0.22844619 0.37114951 1.55187023
0.00000000 0.00000000 0.00000000 1.00000000
10 2.814942 0.166266
0.19218504 -0.29552877 0.93580317 -2.12939501
0.33343375 0.91651446 0.22096026 -0.01509269
-0.92297727 0.26956320 0.27467978 1.21041632
0.00000000 0.00000000 0.00000000 1.00000000
11 1.919894 0.128819
0.25029761 -0.30237830 0.91973817 -2.25648808
0.30528086 0.92616385 0.22141233 0.28522879
-0.91877866 0.22535890 0.32412687 0.61910725
0.00000000 0.00000000 0.00000000 1.00000000
12 0.848576 0.036708
0.95864952 -0.09735261 0.26741874 0.24355558
0.10923423 0.99356663 -0.02988181 0.22984779
-0.26278919 0.05785742 0.96311671 -0.43447375
0.00000000 0.00000000 0.00000000 1.00000000
13 2.478598 0.123191
-0.25709137 -0.50263697 0.82538426 -2.16541195
0.46949384 0.68156207 0.56129092 -0.25994718
-0.84467614 0.53181654 0.06076211 0.57909697
0.00000000 0.00000000 0.00000000 1.00000000
14 2.830476 0.109886
-0.67174035 -0.38059741 0.63553917 -1.66572356
0.55273598 0.31367660 0.77206808 -1.02352870
-0.49320051 0.86991554 -0.00033921 1.15050602
0.00000000 0.00000000 0.00000000 1.00000000
15 0.000000 0.018902
0.35517469 0.50542200 -0.78638393 1.59217000
-0.67962575 0.71721101 0.15400723 0.42718777
0.64184189 0.47974765 0.59823275 -0.00278556
0.00000000 0.00000000 0.00000000 1.00000000
16 1.488852 0.034385
0.64470732 0.41692299 -0.64072287 1.09881377
-0.59876394 0.79648536 -0.08420770 0.47533017
0.47521865 0.43793070 0.76313913 0.03412032
0.00000000 0.00000000 0.00000000 1.00000000
17 2.820223 0.083424
0.71077353 0.31820601 -0.62733221 0.64046162
-0.47557706 0.87450141 -0.09525380 0.44794020
0.51829290 0.36604884 0.77290380 0.12874210
0.00000000 0.00000000 0.00000000 1.00000000
18 0.860028 0.030845
0.93306625 -0.14708735 0.32825595 0.01477599
0.11266903 0.98616123 0.12162739 0.43460816
-0.34160250 -0.07650170 0.93672591 -0.71355999
0.00000000 0.00000000 0.00000000 1.00000000
19 2.057664 0.088927
0.96257687 -0.01317926 0.27068737 0.45707789
-0.10000975 0.91104305 0.39999843 0.10090941
-0.25187957 -0.41210097 0.87563086 -0.21777511
0.00000000 0.00000000 0.00000000 1.00000000
20 1.337059 0.052168
0.98020190 0.10423534 -0.16834222 0.23154843
-0.09161481 0.99248707 0.08109003 0.44503692
0.17552958 -0.06406203 0.98238730 -0.51648283
0.00000000 0.00000000 0.00000000 1.00000000
21 1.351326 0.055173
0.93935210 0.26021507 -0.22339544 0.05150896
-0.22926942 0.96090537 0.15522784 0.20322143
0.25505447 -0.09459621 0.96228820 -0.35953712
0.00000000 0.00000000 0.00000000 1.00000000
22 0.864114 0.042758
0.95333481 0.19223699 -0.23280463 -0.30209768
-0.17122705 0.97934848 0.10751912 0.02738973
0.24866539 -0.06263804 0.96656245 -0.38579464
0.00000000 0.00000000 0.00000000 1.00000000
23 0.591491 0.039011
0.99575019 0.08853202 -0.02536632 -0.81428182
-0.08625577 0.99305964 0.07995254 0.15752965
0.03226864 -0.07742459 0.99647593 -0.06224012
0.00000000 0.00000000 0.00000000 1.00000000
24 0.780845 0.027330
0.95739692 0.28133994 -0.06512231 -0.53760266
-0.27727568 0.95859516 0.06492513 0.30001193
0.08069192 -0.04410130 0.99576342 -0.28165841
0.00000000 0.00000000 0.00000000 1.00000000
25 0.328649 0.011370
0.97557783 0.21544784 0.04277992 -0.28035766
-0.21721862 0.97520864 0.04224733 0.32171309
-0.03261711 -0.05050787 0.99819100 -0.53259313
0.00000000 0.00000000 0.00000000 1.00000000
26 1.156906 0.022296
0.97623366 0.16492441 0.14060152 -0.06063282
-0.17207709 0.98426169 0.04024377 0.33495525
-0.13175103 -0.06348151 0.98924798 -0.57670236
0.00000000 0.00000000 0.00000000 1.00000000
27 2.560326 0.039162
0.96397984 0.26560831 0.01396859 0.22177996
-0.26525420 0.96390307 -0.02302432 0.50149029
-0.01958002 0.01848918 0.99963725 -0.81345236
0.00000000 0.00000000 0.00000000 1.00000000
28 13.206004 0.820757
0.64007646 -0.11206125 0.76009345 -1.68843627
0.09347938 0.99331492 0.06772590 0.11541548
-0.76260227 0.02770316 0.64627427 0.80022061
0.00000000 0.00000000 0.00000000 1.00000000
29 1.575698 0.079597
0.33840346 -0.28018537 0.89832038 -1.98015666
0.25484291 0.94625610 0.19913487 -0.31597158
-0.90583545 0.16154295 0.39161980 1.74183202
0.00000000 0.00000000 0.00000000 1.00000000
30 1.689339 0.107533
0.23277809 -0.29972178 0.92519248 -2.05692053
0.28149599 0.93136656 0.23089778 -0.07250694
-0.93089890 0.20668980 0.30117273 1.38397169
0.00000000 0.00000000 0.00000000 1.00000000
31 0.785841 0.058560
0.27740827 -0.28891519 0.91628158 -2.19658470
0.23442127 0.94524306 0.22707526 0.23275365
-0.93171442 0.15180343 0.32994616 0.82756090
0.00000000 0.00000000 0.00000000 1.00000000
32 0.903090 0.017662
0.96924764 -0.04570501 0.24180415 0.13558410
0.05157155 0.99850732 -0.01798292 0.18242747
-0.24062154 0.02990049 0.97015786 -0.27530324
0.00000000 0.00000000 0.00000000 1.00000000
33 2.775869 0.111736
-0.17903316 -0.51209342 0.84006298 -2.04748464
0.46003214 0.71119207 0.53157717 -0.23511070
-0.86966455 0.48162669 0.10825302 0.67371815
0.00000000 0.00000000 0.00000000 1.00000000
34 4.136212 0.131411
-0.60081702 -0.44239110 0.66581488 -1.51317978
0.57643521 0.33730155 0.74427849 -0.99028713
-0.55384278 0.83097446 0.05235249 1.15173531
0.00000000 0.00000000 0.00000000 1.00000000
35 0.757956 0.019704
0.95204246 -0.09179313 0.29187235 -0.05588180
0.05290509 0.98895538 0.13845593 0.38929501
-0.30135772 -0.11637430 0.94638300 -0.54722404
0.00000000 0.00000000 0.00000000 1.00000000
36 2.374710 0.073575
0.98273599 0.03226799 0.18218073 0.39391899
-0.10084909 0.91895878 0.38123956 0.09578788
-0.15511480 -0.39303017 0.90634775 0.27230430
0.00000000 0.00000000 0.00000000 1.00000000
37 0.637965 0.032035
0.96676719 0.04832337 0.25104833 0.34856465
-0.15683952 0.88758236 0.43312824 0.07969654
-0.20189619 -0.45810878 0.86566389 -0.04268479
0.00000000 0.00000000 0.00000000 1.00000000
38 2.033939 0.071929
0.97051328 0.15477152 -0.18479520 0.02599838
-0.13746139 0.98512226 0.10314450 0.42398861
0.19801012 -0.07470071 0.97734928 -0.41963172
0.00000000 0.00000000 0.00000000 1.00000000
39 1.149440 0.039910
0.91405529 0.30080563 -0.27206334 -0.09640980
-0.25719827 0.94855201 0.18465114 0.18205072
0.31361052 -0.09880835 0.94439650 -0.27261829
0.00000000 0.00000000 0.00000000 1.00000000
40 0.100871 0.006818
0.97783488 0.19808498 -0.06783992 0.25344938
-0.19981371 0.97963649 -0.01966247 -0.01616314
0.06256361 0.03278202 0.99750262 -0.18132257
0.00000000 0.00000000 0.00000000 1.00000000
41 0.381549 0.014569
0.98922104 0.13841139 0.04779183 0.52667850
-0.13651785 0.98979563 -0.04085359 0.05730411
-0.05295900 0.03388989 0.99802184 -0.52018857
0.00000000 0.00000000 0.00000000 1.00000000
42 1.902898 0.092549
0.97997898 0.10132548 0.17138889 0.69521952
-0.09751626 0.99476552 -0.03052512 0.05760980
-0.17358463 0.01320052 0.98473024 -0.67448449
0.00000000 0.00000000 0.00000000 1.00000000
43 2.503897 0.047964
0.98054242 0.19463305 0.02558441 0.97827053
-0.19124825 0.97652376 -0.09912571 0.16174880
-0.04427741 0.09230408 0.99474645 -0.81271434
0.00000000 0.00000000 0.00000000 1.00000000
44 1.991348 0.024647
0.88280725 0.33786389 -0.32634181 1.11618900
-0.39662555 0.90836817 -0.13249502 0.13908297
0.25167406 0.24640292 0.93591958 -0.53960979
0.00000000 0.00000000 0.00000000 1.00000000
45 1.649482 0.032927
0.61809850 0.41284418 -0.66896451 1.19363785
-0.53025961 0.84719610 0.03289703 -0.13215193
0.58032632 0.33439079 0.74256569 -0.04695320
0.00000000 0.00000000 0.00000000 1.00000000
46 1.865086 0.036632
0.34504861 0.38617092 -0.85546184 1.03004313
-0.45568305 0.86573702 0.20701230 -0.18363479
0.82054609 0.31839001 0.47469199 0.40503049
0.00000000 0.00000000 0.00000000 1.00000000
47 0.000000 0.048799
0.58506614 0.36750236 -0.72293830 0.92150396
-0.39370602 0.90804839 0.14298064 -0.12656647
0.70900881 0.20097233 0.67595601 0.27454019
0.00000000 0.00000000 0.00000000 1.00000000
48 0.000000 0.022232
0.80917770 0.36465493 -0.46071368 0.55382895
-0.35403639 0.92837924 0.11299807 -0.23479021
0.46892330 0.07167330 0.88032562 0.20062232
0.00000000 0.00000000 0.00000000 1.00000000
49 0.859573 0.084677
0.82803363 0.22068907 -0.51541948 0.18724495
-0.28163612 0.95860124 -0.04200709 -0.15775937
0.48481107 0.17994380 0.85590780 0.80338407
0.00000000 0.00000000 0.00000000 1.00000000
50 0.000000 0.034728
0.95469242 0.06132127 0.29120758 -1.58201408
-0.01801644 0.98865467 -0.14912182 0.03752977
-0.29704803 0.13711897 0.94496620 0.46905828
0.00000000 0.00000000 0.00000000 1.00000000
51 1.355952 0.064332
0.78699678 -0.10753369 0.60751295 -1.65637958
0.15111601 0.98829615 -0.02082685 -0.08355486
-0.59816372 0.10819545 0.79403615 0.60878110
0.00000000 0.00000000 0.00000000 1.00000000
52 3.756714 0.130265
0.34259525 -0.24337026 0.90741378 -1.57060409
0.32920897 0.93572265 0.12666973 -0.16480233
-0.87991494 0.25533259 0.40069392 0.90652514
0.00000000 0.00000000 0.00000000 1.00000000
53 2.349521 0.037515
0.17283815 0.50935495 -0.84302092 1.79985154
-0.62263066 0.71969843 0.30718970 -0.15839247
0.76318961 0.47179708 0.44153130 0.26859426
0.00000000 0.00000000 0.00000000 1.00000000
54 1.488852 0.007192
0.36361253 0.43583739 -0.82330573 1.60263026
-0.64592183 0.75479829 0.11430073 -0.14666569
0.67124611 0.49023056 0.55597043 0.49260199
0.00000000 0.00000000 0.00000000 1.00000000
55 1.103226 0.015540
0.64111638 0.36014003 -0.67769378 1.37327158
-0.59212160 0.79389685 -0.13827056 -0.12706523
0.48822266 0.48992458 0.72222745 0.47845864
0.00000000 0.00000000 0.00000000 1.00000000
56 0.925350 0.030248
0.68251908 0.25423229 -0.68522555 1.03888392
-0.46677354 0.87306392 -0.14100531 -0.09651297
0.56239712 0.41608411 0.71455163 0.66470695
0.00000000 0.00000000 0.00000000 1.00000000
57 1.700884 0.080512
0.95986241 -0.02622186 0.27924109 1.10472596
-0.07039735 0.94122308 0.33036709 -0.03441721
-0.27149147 -0.33676526 0.90159887 -0.18315625
0.00000000 0.00000000 0.00000000 1.00000000
58 1.001710 0.028308
0.99108338 -0.06124926 0.11832917 0.28750366
0.06285992 0.99797320 -0.00992221 0.03910652
-0.11748140 0.01727194 0.99292511 -0.31540728
0.00000000 0.00000000 0.00000000 1.00000000
59 1.325889 0.027401
0.97235239 -0.09803045 0.21194631 0.55328465
0.10449138 0.99433541 -0.01947233 0.09372845
-0.20883664 0.04108083 0.97708750 -0.42010117
0.00000000 0.00000000 0.00000000 1.00000000
60 2.478124 0.031209
0.99561930 -0.00346321 0.09342338 0.74922699
0.01140140 0.99635112 -0.08457607 0.17659569
-0.09279045 0.08526933 0.99202681 -0.60687816
0.00000000 0.00000000 0.00000000 1.00000000
61 3.037315 0.041985
0.95338613 0.15080746 -0.26136422 0.83247209
-0.18699653 0.97506523 -0.11950058 0.16567299
0.23682570 0.16280416 0.95781457 -0.42538261
0.00000000 0.00000000 0.00000000 1.00000000
62 0.000000 0.074956
0.68932015 0.25810891 -0.67691869 0.64241260
-0.21315490 0.96527940 0.15100181 -0.03542209
0.69238967 0.04020001 0.72040319 0.24490190
0.00000000 0.00000000 0.00000000 1.00000000
63 0.498893 0.026350
0.89722371 0.20711905 -0.38998812 0.24340090
-0.17004940 0.97712475 0.12771922 -0.16709933
0.40751946 -0.04827473 0.91191995 0.25739646
0.00000000 0.00000000 0.00000000 1.00000000
64 2.001152 0.134258
0.87852615 0.05259064 -0.47479081 -0.07584769
-0.07951379 0.99615490 -0.03678766 -0.11688706
0.47103050 0.07007107 0.87932968 0.86881948
0.00000000 0.00000000 0.00000000 1.00000000
65 0.903956 0.030534
0.92321068 -0.14620054 0.35539770 -1.76338148
0.20123199 0.97179455 -0.12297001 -0.00975019
-0.32739502 0.18504471 0.92659128 0.73243785
0.00000000 0.00000000 0.00000000 1.00000000
66 1.181012 0.059236
0.70049953 -0.27852947 0.65705550 -1.72649860
0.34789231 0.93716335 0.02637401 -0.15772802
-0.62311405 0.21010953 0.75338060 0.91089404
0.00000000 0.00000000 0.00000000 1.00000000
67 2.774317 0.090590
0.20438889 -0.33379185 0.92022216 -1.48692822
0.51068866 0.83835691 0.19066921 -0.26996711
-0.83511823 0.43097651 0.34181422 1.20437694
0.00000000 0.00000000 0.00000000 1.00000000
68 4.215193 0.172368
0.08841807 -0.32095292 0.94295824 -1.60113680
0.53669703 0.81284934 0.22634414 0.01521013
-0.83912909 0.48607054 0.24412489 0.80323529
0.00000000 0.00000000 0.00000000 1.00000000
69 1.812725 0.039270
0.49601275 0.37471527 -0.78330088 1.35593712
-0.48689640 0.86695313 0.10641345 -0.01312207
0.71895981 0.32860410 0.61246705 0.43922782
0.00000000 0.00000000 0.00000000 1.00000000
70 1.740463 0.035122
0.74611145 0.24593574 -0.61873454 1.04764879
-0.41510293 0.89839125 -0.14346607 -0.03762257
0.52058208 0.36387992 0.77238947 0.46971309
0.00000000 0.00000000 0.00000000 1.00000000
71 1.819837 0.037594
0.76432419 0.11370140 -0.63472915 0.73088646
-0.26272678 0.95383656 -0.14550430 -0.02675855
0.58888340 0.27797377 0.75891256 0.66406798
0.00000000 0.00000000 0.00000000 1.00000000
72 2.224224 0.076167
0.92008787 -0.22567663 0.32017034 0.98728245
0.10280748 0.92783105 0.35855272 0.03261787
-0.37798101 -0.29698396 0.87688679 0.07544231
0.00000000 0.00000000 0.00000000 1.00000000
73 0.577430 0.005523
0.99406052 -0.03990329 0.10124511 0.28631938
0.04068799 0.99915481 -0.00569507 0.02950990
-0.10093237 0.00978005 0.99484468 -0.07470417
0.00000000 0.00000000 0.00000000 1.00000000
74 1.959446 0.025347
0.99808246 0.05632529 -0.02565017 0.46166232
-0.05776170 0.99657273 -0.05920818 0.12180296
0.02222719 0.06057578 0.99791551 -0.29687774
0.00000000 0.00000000 0.00000000 1.00000000
75 2.506865 0.035867
0.90954602 0.22663480 -0.34837195 0.41870242
-0.26678866 0.96111453 -0.07129000 0.17773381
0.31866837 0.15778300 0.93464196 -0.25439012
0.00000000 0.00000000 0.00000000 1.00000000
76 1.696275 0.025611
0.84370112 0.25311080 -0.47339511 -0.19151556
-0.19062260 0.96565259 0.17657277 -0.10957517
0.50182760 -0.05873521 0.86297107 0.35210049
0.00000000 0.00000000 0.00000000 1.00000000
77 4.831078 0.078183
0.76190877 -0.21929699 0.60942960 -1.86043549
0.24785091 0.96803427 0.03847504 -0.35299352
-0.59838569 0.12173322 0.79190618 1.36556876
0.00000000 0.00000000 0.00000000 1.00000000
78 1.512326 0.041853
0.30976266 -0.32919401 0.89200771 -1.32697845
0.46665084 0.87002611 0.15903032 -0.42112464
-0.82842249 0.36699474 0.42312023 1.59410703
0.00000000 0.00000000 0.00000000 1.00000000
79 2.229322 0.086663
0.20423475 -0.30135345 0.93138266 -1.41225255
0.49158871 0.85434395 0.16863152 -0.10678251
-0.84653813 0.42341611 0.32262909 1.17374253
0.00000000 0.00000000 0.00000000 1.00000000
80 2.175469 0.088353
0.26454589 -0.29186362 0.91914749 -1.52977705
0.45182136 0.87953657 0.14924470 0.21591383
-0.85198319 0.37580860 0.36454794 0.63134539
0.00000000 0.00000000 0.00000000 1.00000000
81 3.600435 0.048295
0.39625487 0.44714078 -0.80190277 0.93117237
-0.57078791 0.80408084 0.16630375 0.19929641
0.71915501 0.39181805 0.57384354 0.29821622
0.00000000 0.00000000 0.00000000 1.00000000
82 2.729648 0.049383
0.97602397 -0.16614053 0.14062433 0.81904638
0.10930969 0.93281090 0.34338877 -0.00540301
-0.18822670 -0.31978357 0.92860615 0.82595396
0.00000000 0.00000000 0.00000000 1.00000000
83 1.851606 0.055348
0.96436298 -0.16746986 0.20484044 0.79339093
0.08087124 0.92371058 0.37445951 0.05013210
-0.25192410 -0.34454820 0.90433466 0.45697594
0.00000000 0.00000000 0.00000000 1.00000000
84 2.753353 0.097870
0.98199695 -0.14679235 0.11888824 0.68583870
0.09965162 0.93724841 0.33412066 0.11965534
-0.16047405 -0.31625715 0.93500274 0.03433871
0.00000000 0.00000000 0.00000000 1.00000000
85 1.690497 0.063139
0.96425980 -0.16024779 0.21100929 0.58380657
0.08229763 0.93812889 0.33636770 0.12660879
-0.25185567 -0.30697933 0.91778702 -0.45937502
0.00000000 0.00000000 0.00000000 1.00000000
86 1.611798 0.066910
0.99627882 -0.06184932 -0.06002765 0.82301128
0.07638177 0.95623553 0.28245205 0.22077037
0.03993113 -0.28598613 0.95740145 -0.62680340
0.00000000 0.00000000 0.00000000 1.00000000
87 1.176363 0.017259
0.98725057 0.09860968 -0.12495741 0.16424640
-0.10498601 0.99343288 -0.04550052 0.12697279
0.11964966 0.05804014 0.99111933 -0.25504017
0.00000000 0.00000000 0.00000000 1.00000000
88 2.633736 0.036298
0.86274999 0.24394755 -0.44289181 0.12650722
-0.29183710 0.95553803 -0.04218005 0.25298017
0.41291121 0.16564357 0.89558291 -0.30648184
0.00000000 0.00000000 0.00000000 1.00000000
89 2.386877 0.040147
0.82172322 -0.25609869 0.50910056 -2.01561236
0.28796953 0.95749044 0.01685360 -0.44262019
-0.49177617 0.13275634 0.86054111 1.57020903
0.00000000 0.00000000 0.00000000 1.00000000
90 2.733231 0.058660
0.41359258 -0.30284137 0.85861993 -1.36499906
0.43253082 0.89519989 0.10739547 -0.54277438
-0.80116063 0.32696164 0.50123620 1.86212635
0.00000000 0.00000000 0.00000000 1.00000000
91 2.400614 0.085233
0.31079239 -0.29554600 0.90336102 -1.42182553
0.47160253 0.87313318 0.12340778 -0.24941738
-0.82522720 0.38767320 0.41074312 1.42906880
0.00000000 0.00000000 0.00000000 1.00000000
92 2.463548 0.096015
0.37430522 -0.29675516 0.87853938 -1.54923153
0.43870646 0.89134860 0.11416857 0.07757058
-0.81696540 0.34268722 0.46382511 0.87664425
0.00000000 0.00000000 0.00000000 1.00000000
93 5.215489 0.534633
0.19909011 -0.40355295 0.89303327 -2.08014011
0.53996861 0.80563849 0.24368116 0.09999132
-0.81779987 0.43369541 0.37830067 0.73166335
0.00000000 0.00000000 0.00000000 1.00000000
94 2.358666 0.040031
0.99005288 -0.13339353 0.04473996 0.52972269
0.11016724 0.93277913 0.34319857 -0.04085574
-0.08751240 -0.33485654 0.93819678 0.92613149
0.00000000 0.00000000 0.00000000 1.00000000
95 2.022747 0.045417
0.98699731 -0.11640313 0.11084855 0.51543468
0.06697483 0.92472076 0.37471026 0.02042359
-0.14612155 -0.36241290 0.92049217 0.58191013
0.00000000 0.00000000 0.00000000 1.00000000
96 2.456068 0.071011
0.99484390 -0.10007447 0.01644589 0.41347384
0.08848239 0.93571895 0.34146595 0.06626415
-0.04956085 -0.33825102 0.93974966 0.13332367
0.00000000 0.00000000 0.00000000 1.00000000
97 1.898367 0.069037
0.98710346 -0.11313799 0.11324942 0.31366989
0.06951310 0.94021755 0.33340344 0.11016709
-0.14419974 -0.32123226 0.93595743 -0.33575726
0.00000000 0.00000000 0.00000000 1.00000000
98 1.116625 0.041963
0.98574936 -0.03552652 -0.16442430 0.53057575
0.08393060 0.95096046 0.29770800 0.16285232
0.14578445 -0.30726594 0.94039071 -0.58915484
0.00000000 0.00000000 0.00000000 1.00000000
99 2.159577 0.113006
0.94677383 0.00387646 -0.32187715 0.60819483
0.08023010 0.96553010 0.24761665 0.30250978
0.31174186 -0.26026139 0.91382766 -0.76570213
0.00000000 0.00000000 0.00000000 1.00000000
100 0.792288 0.009879
0.92480201 0.18710920 -0.33125687 -0.10447712
-0.20707971 0.97798580 -0.02571287 0.15984295
0.31915313 0.09237579 0.94318998 -0.12241018
0.00000000 0.00000000 0.00000000 1.00000000
101 6.364209 0.075408
0.85174584 0.31321412 -0.42003155 -0.69322330
-0.23598322 0.94506466 0.22619717 -0.03564285
0.46780506 -0.09354202 0.87886792 0.42935038
0.00000000 0.00000000 0.00000000 1.00000000
102 4.555609 0.118464
0.93341768 -0.15650791 0.32285872 -2.40248084
0.17467377 0.98423189 -0.02788687 -0.38150236
-0.31340301 0.08242459 0.94603664 1.55779636
0.00000000 0.00000000 0.00000000 1.00000000
103 3.004786 0.059497
0.73031443 -0.33964279 0.59269148 -1.94293547
0.35267606 0.93052834 0.09867221 -0.56856811
-0.58502960 0.13696676 0.79936177 1.85519683
0.00000000 0.00000000 0.00000000 1.00000000
104 1.554189 0.043189
0.25517771 -0.41711557 0.87229407 -1.12287140
0.52789307 0.81593770 0.23573792 -0.71026349
-0.81006795 0.40032420 0.42840326 2.04757571
0.00000000 0.00000000 0.00000000 1.00000000
105 4.477897 0.105633
0.18278655 -0.35094693 0.91838211 -1.16352320
0.52370483 0.82531780 0.21114987 -0.33741572
-0.83205986 0.44236594 0.33464921 1.58787513
0.00000000 0.00000000 0.00000000 1.00000000
106 3.904448 0.127100
0.24658054 -0.37300244 0.89446449 -1.28988588
0.51795697 0.83080626 0.20366873 -0.01920459
-0.81909549 0.41307357 0.39806050 1.02584982
0.00000000 0.00000000 0.00000000 1.00000000
107 8.986512 0.114151
0.44434923 0.51514643 -0.73292392 0.42827678
-0.58859128 0.78464621 0.19465479 0.45402771
0.67536157 0.34489813 0.65186787 0.11762154
0.00000000 0.00000000 0.00000000 1.00000000
108 4.083798 0.064236
0.67042506 0.34678084 -0.65595287 0.12386191
-0.47818500 0.87791455 -0.02461047 0.15089126
0.56733620 0.33016622 0.75440085 0.44205117
0.00000000 0.00000000 0.00000000 1.00000000
109 2.675178 0.080999
0.70273459 0.19818124 -0.68329090 -0.23883671
-0.31250229 0.94879198 -0.04620817 0.05178714
0.63914335 0.24600247 0.72868270 0.57859206
0.00000000 0.00000000 0.00000000 1.00000000
110 3.879594 0.046085
0.96464092 -0.22250021 0.14128976 0.46299750
0.14739996 0.89980555 0.41063881 -0.08400077
-0.21850047 -0.37529263 0.90078473 1.24165905
0.00000000 0.00000000 0.00000000 1.00000000
111 3.119603 0.049510
0.95058435 -0.22211124 0.21692151 0.45074132
0.11054693 0.89505607 0.43203381 -0.00027257
-0.29011634 -0.38670534 0.87538081 0.90652061
0.00000000 0.00000000 0.00000000 1.00000000
112 3.755463 0.083020
0.97201103 -0.19164383 0.13589384 0.30500436
0.12360257 0.90906161 0.39790636 0.04529372
-0.19979259 -0.36997262 0.90730548 0.44776559
0.00000000 0.00000000 0.00000000 1.00000000
113 4.057048 0.050852
0.20098673 0.42486352 -0.88266402 0.45072907
-0.46105444 0.83603847 0.29743662 -0.00835806
0.86431026 0.34717530 0.36391807 -0.07381821
0.00000000 0.00000000 0.00000000 1.00000000
114 1.045301 0.051343
0.90086091 0.21077013 -0.37950671 -0.02999710
-0.18436185 0.97722268 0.10509411 0.00767216
0.39301425 -0.02470931 0.91920006 0.01725197
0.00000000 0.00000000 0.00000000 1.00000000
115 1.892792 0.042146
0.71545720 0.33556288 -0.61279446 -0.15597844
-0.18798909 0.93721950 0.29373133 0.05696198
0.67288882 -0.09495372 0.73362386 0.03961456
0.00000000 0.00000000 0.00000000 1.00000000
116 2.419779 0.058298
0.87566823 0.21606191 -0.43188125 -0.31914121
-0.10395870 0.95769906 0.26833355 -0.02415860
0.47158965 -0.19007431 0.86108935 0.23050320
0.00000000 0.00000000 0.00000000 1.00000000
117 2.240531 0.022280
0.98814756 0.08690746 -0.12653455 -0.64907134
-0.05191810 0.96493554 0.25729951 -0.20512798
0.14445922 -0.24768120 0.95801115 0.57462680
0.00000000 0.00000000 0.00000000 1.00000000
118 2.747089 0.039236
0.97996068 -0.02485409 -0.19763333 -1.05086195
0.05058658 0.99070871 0.12624213 -0.29900128
0.19265945 -0.13371006 0.97211337 1.10156167
0.00000000 0.00000000 0.00000000 1.00000000
119 119.990073 1.403429
-0.16593707 -0.85786921 0.48633847 0.02622199
0.83310920 -0.38582563 -0.39631680 -0.14240110
0.52762979 0.33940944 0.77872193 1.02584791
0.00000000 0.00000000 0.00000000 1.00000000
120 2.845926 0.046988
0.75871241 -0.34308901 0.55375731 -2.13561511
0.34813234 0.93204540 0.10048276 -0.44555265
-0.55059987 0.11654326 0.82659423 1.53009498
0.00000000 0.00000000 0.00000000 1.00000000
121 2.907980 0.075251
0.45693338 -0.48710698 0.74427086 -1.69063234
0.47744423 0.84028935 0.25682950 -0.58344895
-0.75050610 0.23799376 0.61652267 1.74130607
0.00000000 0.00000000 0.00000000 1.00000000
122 93.508696 0.970201
0.99408859 -0.06347418 0.08808341 -0.18942808
0.05671366 0.99539804 0.07724085 -0.41805556
-0.09258094 -0.07178868 0.99311370 1.33989286
0.00000000 0.00000000 0.00000000 1.00000000
123 1.729183 0.039217
0.59302604 0.53072476 -0.60551775 0.72546029
-0.43539724 0.84396195 0.31330112 0.35014784
0.67731059 0.07784486 0.73156714 -0.11957502
0.00000000 0.00000000 0.00000000 1.00000000
124 1.237962 0.045999
0.73534727 0.37663776 -0.56339049 0.44287458
-0.37377632 0.91886336 0.12641934 0.19129391
0.56529307 0.11761999 0.81646162 0.28964984
0.00000000 0.00000000 0.00000000 1.00000000
125 2.865530 0.058551
0.90603751 0.19692205 -0.37459117 0.15249407
-0.24819423 0.96419370 -0.09344187 -0.05092499
0.34277752 0.17763397 0.92246974 0.57182944
0.00000000 0.00000000 0.00000000 1.00000000
126 2.004865 0.041651
0.91435981 0.07397409 -0.39808774 -0.21278322
-0.09945156 0.99408197 -0.04370430 -0.14513776
0.39249879 0.07955185 0.91630530 0.70063770
0.00000000 0.00000000 0.00000000 1.00000000
127 2.700376 0.023450
0.58105296 0.38442618 -0.71735263 0.32778090
-0.32882500 0.91715837 0.22515422 -0.18054783
0.74448150 0.10505700 0.65932596 0.04847932
0.00000000 0.00000000 0.00000000 1.00000000
128 0.624323 0.015195
0.94210970 0.12229321 -0.31220624 -0.08975771
-0.06804596 0.98147303 0.17911440 0.03165346
0.32832617 -0.14750051 0.93297672 0.03864956
0.00000000 0.00000000 0.00000000 1.00000000
129 1.234163 0.026209
0.99735159 -0.02806716 -0.06709829 -0.28767443
0.04018090 0.98160470 0.18664718 -0.03604917
0.06062527 -0.18884936 0.98013318 0.21175957
0.00000000 0.00000000 0.00000000 1.00000000
130 1.792314 0.046332
0.95816594 -0.14996505 0.24377814 -0.59763771
0.10449709 0.97623950 0.18982938 -0.20409045
-0.26645389 -0.15641510 0.95107114 0.53817892
0.00000000 0.00000000 0.00000000 1.00000000
131 1.706627 0.014169
0.94903958 -0.26015002 0.17789391 -1.00223911
0.24260610 0.96334344 0.11451244 -0.30234343
-0.20116302 -0.06551760 0.97736466 1.08056998
0.00000000 0.00000000 0.00000000 1.00000000
132 3.683126 0.090364
0.98485821 -0.14114322 -0.10066187 -1.17882288
0.14929825 0.98565733 0.07866779 -0.19732374
0.08811454 -0.09250581 0.99180555 0.60697699
0.00000000 0.00000000 0.00000000 1.00000000
133 5.896145 0.158464
0.98880142 0.05444705 -0.13895394 -1.57897091
-0.04740861 0.99744385 0.05347276 0.24649474
0.14151002 -0.04628610 0.98885435 0.14619803
0.00000000 0.00000000 0.00000000 1.00000000
134 6.989713 0.251463
0.99930620 0.02135041 0.03050628 -2.09720230
-0.02268124 0.99877506 0.04397605 0.44098574
-0.02953000 -0.04463758 0.99856669 0.12682724
0.00000000 0.00000000 0.00000000 1.00000000
135 2.722467 0.064630
0.85172868 -0.34289443 0.39620852 -2.27429032
0.30064827 0.93910152 0.16643178 -0.12824848
-0.42914820 -0.02263520 0.90295035 0.58805668
0.00000000 0.00000000 0.00000000 1.00000000
136 0.825194 0.039539
0.40017530 -0.45964801 0.79283214 -2.09184051
0.49775010 0.83540982 0.23309729 -0.46743011
-0.76948273 0.30135265 0.56310058 1.44621420
0.00000000 0.00000000 0.00000000 1.00000000
137 3.867562 0.106909
0.05175312 -0.49230343 0.86888373 -1.68513894
0.53461283 0.74853861 0.39227369 -0.55262554
-0.84351063 0.44421518 0.30193096 1.63239169
0.00000000 0.00000000 0.00000000 1.00000000
138 0.000000 0.012756
0.39928171 0.71723187 -0.57109791 0.93833911
-0.65078545 0.66048080 0.37449145 -0.19694342
0.64579636 0.22213481 0.73048162 0.15839291
0.00000000 0.00000000 0.00000000 1.00000000
139 0.000000 0.017166
0.87815905 0.33068669 -0.34566242 0.76413918
-0.31136268 0.94369292 0.11178732 0.30022749
0.36316636 0.00945896 0.93167621 -0.10678232
0.00000000 0.00000000 0.00000000 1.00000000
140 0.000000 0.011310
0.95538712 0.16441756 -0.24535809 0.47862419
-0.17865445 0.98322338 -0.03678331 0.15869257
0.23519464 0.07897580 0.96873415 0.27754855
0.00000000 0.00000000 0.00000000 1.00000000
141 0.000000 0.015294
0.99821717 -0.05779634 -0.01488810 0.20608173
0.05409260 0.98152530 -0.18352672 -0.07961896
0.02522035 0.18239412 0.98290205 0.53848934
0.00000000 0.00000000 0.00000000 1.00000000
142 0.802594 0.010517
0.98528951 -0.16590390 -0.04098734 -0.15673940
0.16182944 0.98287261 -0.08816156 -0.15931368
0.05491167 0.08023146 0.99526238 0.67412639
0.00000000 0.00000000 0.00000000 1.00000000
143 2.342513 0.062797
0.98031676 -0.07680182 -0.18188512 0.78086805
0.10935101 0.97824204 0.17630917 0.30907995
0.16438600 -0.19272791 0.96738493 -0.59011400
0.00000000 0.00000000 0.00000000 1.00000000
144 0.931252 0.031578
0.86165345 0.17200363 -0.47745898 0.81409562
-0.05793383 0.96800047 0.24416909 0.15013379
0.50417846 -0.18272838 0.84404647 -0.27540123
0.00000000 0.00000000 0.00000000 1.00000000
145 0.563712 0.041498
0.64148808 0.34958398 -0.68284982 0.71633583
-0.25542259 0.93667591 0.23957872 -0.07061438
0.72336173 0.02072814 0.69015795 0.05717587
0.00000000 0.00000000 0.00000000 1.00000000
146 0.356083 0.052620
0.52969658 0.41748679 -0.73832607 0.59982502
-0.34704164 0.90095341 0.26046741 -0.26245713
0.77394003 0.11826077 0.62211728 0.20367718
0.00000000 0.00000000 0.00000000 1.00000000
147 0.000000 0.017246
0.66481048 0.32192454 -0.67408460 0.48967743
-0.29606807 0.94202566 0.15789115 -0.30863655
0.68583411 0.09460625 0.72158158 0.26669896
0.00000000 0.00000000 0.00000000 1.00000000
148 0.495746 0.021810
0.85961998 0.18670508 -0.47559825 0.38592970
-0.17299594 0.98221982 0.07290819 -0.22480591
0.48075527 0.01960289 0.87663531 0.07629883
0.00000000 0.00000000 0.00000000 1.00000000
149 1.034765 0.028166
0.95799166 -0.11434350 0.26301730 -0.21013235
0.10595668 0.99331063 0.04590312 -0.06028694
-0.26650691 -0.01610640 0.96369839 0.14180970
0.00000000 0.00000000 0.00000000 1.00000000
150 1.516977 0.053110
0.81071717 -0.16539054 0.56158984 -0.54898196
0.15231705 0.98581761 0.07044062 -0.23348671
-0.56527555 0.02843121 0.82441121 0.44729471
0.00000000 0.00000000 0.00000000 1.00000000
151 1.474323 0.008717
0.80228853 -0.29764226 0.51743829 -0.93851370
0.32398364 0.94515932 0.04134032 -0.30019510
-0.50136590 0.13447502 0.85472161 0.99212682
0.00000000 0.00000000 0.00000000 1.00000000
152 1.832910 0.046283
0.93868297 -0.19725011 0.28278425 -1.11906993
0.21810216 0.97493625 -0.04392985 -0.17485589
-0.26703173 0.10291168 0.95817667 0.57362890
0.00000000 0.00000000 0.00000000 1.00000000
153 2.611045 0.102401
0.98131049 -0.11214536 0.15637410 -1.45444989
0.12515017 0.98922831 -0.07593063 0.13005024
-0.14617413 0.09408218 0.98477501 0.05619001
0.00000000 0.00000000 0.00000000 1.00000000
154 4.020975 0.185137
0.96006119 -0.11200094 0.25639486 -1.83821106
0.13492765 0.98811889 -0.07359150 0.32685226
-0.24510622 0.10524720 0.96376657 -0.08270049
0.00000000 0.00000000 0.00000000 1.00000000
155 1.861515 0.056732
0.63284504 -0.34649637 0.69242090 -2.22215724
0.37147039 0.92050910 0.12112516 -0.13426241
-0.67934972 0.18056017 0.71125335 0.48131728
0.00000000 0.00000000 0.00000000 1.00000000
156 2.452240 0.065227
0.10412381 -0.33776811 0.93545240 -2.12305546
0.50712037 0.82714105 0.24221273 -0.43306458
-0.85556257 0.44916746 0.25741434 1.30606270
0.00000000 0.00000000 0.00000000 1.00000000
157 1.095751 0.067503
0.62371552 0.57457650 -0.52994561 1.03581715
-0.65006530 0.75777596 0.05650440 -0.32193696
0.43404481 0.30925733 0.84614789 0.19784760
0.00000000 0.00000000 0.00000000 1.00000000
158 0.000000 0.018541
0.97460008 0.19956544 -0.10162881 0.87439889
-0.21238945 0.96756077 -0.13680682 0.27006981
0.07103071 0.15491615 0.98537076 -0.14525843
0.00000000 0.00000000 0.00000000 1.00000000
159 0.296075 0.022863
0.99736148 0.05487695 0.04752457 0.58321857
-0.04228589 0.97128612 -0.23412678 0.12303469
-0.05900814 0.23149949 0.97104371 0.22729325
0.00000000 0.00000000 0.00000000 1.00000000
160 0.853175 0.022549
0.94015974 -0.14048040 0.31042689 0.29250914
0.23477897 0.92734456 -0.29139236 -0.08644271
-0.24693754 0.34683692 0.90483487 0.45743144
0.00000000 0.00000000 0.00000000 1.00000000
161 1.346684 0.025193
0.92186850 -0.24341147 0.30151102 -0.05337480
0.30250600 0.93833458 -0.16738763 -0.17056912
-0.24217449 0.24551842 0.93865448 0.60026956
0.00000000 0.00000000 0.00000000 1.00000000
162 1.546110 0.063823
0.97126198 -0.17235819 0.16414368 0.86974919
0.16478944 0.98457634 0.05876440 0.28555563
-0.17174068 -0.03002636 0.98468459 -0.64534664
0.00000000 0.00000000 0.00000000 1.00000000
163 0.422436 0.013706
0.97814059 0.02457850 -0.20648600 0.95118445
-0.01187246 0.99797124 0.06255093 0.10982318
0.20760457 -0.05873215 0.97644830 -0.26247978
0.00000000 0.00000000 0.00000000 1.00000000
164 0.965098 0.047648
0.85015982 0.18367873 -0.49344611 0.83580494
-0.20643324 0.97842276 0.00853968 -0.15755454
0.48436728 0.09460303 0.86973435 0.14531231
0.00000000 0.00000000 0.00000000 1.00000000
165 0.886470 0.032799
0.87974000 0.13744757 -0.45515528 0.58149672
-0.20005630 0.97544521 -0.09211147 -0.35440886
0.43131837 0.17209089 0.88563508 0.26560569
0.00000000 0.00000000 0.00000000 1.00000000
166 1.130558 0.036476
0.98196012 0.03000614 -0.18669340 0.48333591
-0.05571249 0.98941207 -0.13401002 -0.26382995
0.18069547 0.14199311 0.97323525 0.05961668
0.00000000 0.00000000 0.00000000 1.00000000
167 0.654916 0.038440
0.94149780 -0.05683580 0.33219296 -0.41669315
0.05596811 0.99835819 0.01218617 -0.15603566
-0.33233991 0.00711882 0.94313318 0.24482989
0.00000000 0.00000000 0.00000000 1.00000000
168 0.887352 0.019854
0.93746924 -0.19408491 0.28893515 -0.79339820
0.22078350 0.97331542 -0.06254759 -0.18397450
-0.26908490 0.12242836 0.95530349 0.80267978
0.00000000 0.00000000 0.00000000 1.00000000
169 1.129865 0.010908
0.99516702 -0.09318069 0.03098222 -0.95690298
0.09617268 0.98860145 -0.11583677 -0.07617640
-0.01983507 0.11825678 0.99278480 0.43028641
0.00000000 0.00000000 0.00000000 1.00000000
170 2.752500 0.152361
0.99172848 -0.00957101 -0.12800136 -1.18896484
-0.00713023 0.99156880 -0.12938687 0.22347403
0.12815991 0.12922896 0.98329836 -0.04585576
0.00000000 0.00000000 0.00000000 1.00000000
171 3.115207 0.152526
0.99999350 -0.00134476 0.00329167 -1.66012025
0.00173929 0.99242228 -0.12286089 0.40070945
-0.00310123 0.12286603 0.99241841 -0.18684340
0.00000000 0.00000000 0.00000000 1.00000000
172 1.904954 0.023418
0.82638198 -0.24582979 0.50661796 -2.15759516
0.28233302 0.95930463 0.00495627 -0.02946073
-0.48721898 0.13893886 0.86215663 0.27216029
0.00000000 0.00000000 0.00000000 1.00000000
173 1.005221 0.031535
0.36324579 -0.28338033 0.88755125 -2.19718194
0.46637589 0.87998629 0.09009258 -0.30556619
-0.80656397 0.38120645 0.45181313 1.12693536
0.00000000 0.00000000 0.00000000 1.00000000
174 2.607294 0.070762
-0.00225706 -0.31662631 0.94854748 -1.92464375
0.49002913 0.82650596 0.27705571 -0.45375466
-0.87170291 0.46544206 0.15329081 1.39984465
0.00000000 0.00000000 0.00000000 1.00000000
175 0.321425 0.082440
0.39163312 0.60406613 -0.69406611 1.26828837
-0.69036216 0.69159198 0.21236902 -0.44333339
0.60829568 0.39598614 0.68787444 0.26101875
0.00000000 0.00000000 0.00000000 1.00000000
176 0.000000 0.035322
0.88297760 0.28808305 -0.37061733 1.14207852
-0.34183908 0.93571401 -0.08708155 0.26136687
0.32170659 0.20358175 0.92469347 -0.19812799
0.00000000 0.00000000 0.00000000 1.00000000
177 0.449370 0.013953
0.96501523 0.13689025 -0.22362094 0.81423020
-0.18959074 0.95344687 -0.23450637 0.20157008
0.18110949 0.26869780 0.94604456 0.12702739
0.00000000 0.00000000 0.00000000 1.00000000
178 1.294222 0.042424
0.99718589 -0.01925076 0.07245524 0.43928006
0.04414833 0.93190414 -0.36000559 0.04424095
-0.06059074 0.36219096 0.93013227 0.33400345
0.00000000 0.00000000 0.00000000 1.00000000
179 0.594790 0.028582
0.98804510 -0.14113246 0.06203402 0.09771222
0.15247126 0.95405686 -0.25793210 -0.03428644
-0.02278101 0.26430771 0.96416962 0.46696687
0.00000000 0.00000000 0.00000000 1.00000000
180 0.818049 0.064289
0.87337917 0.12235558 -0.47142375 1.24539983
-0.11399521 0.99239874 0.04638144 0.14676923
0.47351381 0.01323207 0.88068748 -0.26726604
0.00000000 0.00000000 0.00000000 1.00000000
181 2.814664 0.074429
0.89329237 0.12541829 -0.43162304 0.71376371
-0.19618241 0.97277761 -0.12335846 -0.22711289
0.40440166 0.19487265 0.89357936 0.01060402
0.00000000 0.00000000 0.00000000 1.00000000
182 0.825194 0.025569
0.99052042 -0.13238288 -0.03665843 -0.42382601
0.12781954 0.98600811 -0.10699880 0.03162557
0.05031022 0.10129803 0.99358273 0.58806157
0.00000000 0.00000000 0.00000000 1.00000000
183 2.429627 0.145014
0.94158548 -0.02388602 -0.33592764 -0.39434105
-0.02246562 0.99080521 -0.13342169 0.12274021
0.33602592 0.13317534 0.93239009 0.36428952
0.00000000 0.00000000 0.00000000 1.00000000
184 1.839730 0.052902
0.96415198 -0.19253644 0.18259472 -1.83717155
0.21046020 0.97396135 -0.08429810 0.23952591
-0.16160959 0.11970466 0.97956795 -0.03561115
0.00000000 0.00000000 0.00000000 1.00000000
185 1.042677 0.028749
0.65530068 -0.25234944 0.71196967 -2.13967466
0.42565978 0.90200806 -0.07207292 0.04421222
-0.62401474 0.35028613 0.69850153 0.75422812
0.00000000 0.00000000 0.00000000 1.00000000
186 1.001710 0.036191
0.31157932 -0.30804515 0.89890337 -2.09969950
0.50739408 0.85377544 0.11670661 -0.17135285
-0.80341160 0.41973564 0.42231888 1.08506298
0.00000000 0.00000000 0.00000000 1.00000000
187 2.185522 0.049954
0.70083559 0.31085601 -0.64202726 1.62787962
-0.38306522 0.92327029 0.02887443 0.26318556
0.60174006 0.22570238 0.76613808 -0.12152839
0.00000000 0.00000000 0.00000000 1.00000000
188 0.000000 0.019747
0.82382274 0.20796195 -0.52732176 1.31150389
-0.32920280 0.93283832 -0.14641866 0.24731937
0.46145642 0.29421896 0.83695471 0.15585160
0.00000000 0.00000000 0.00000000 1.00000000
189 1.968017 0.031915
0.96571124 0.03776141 -0.25685933 0.89689744
-0.12746686 0.93087351 -0.34238756 0.22487767
0.22617367 0.36338958 0.90376711 0.24640381
0.00000000 0.00000000 0.00000000 1.00000000
190 0.819961 0.018907
0.95918614 -0.08132860 -0.27082738 0.54407561
0.00216681 0.95983326 -0.28056073 0.18481594
0.28276709 0.26852241 0.92083544 0.39175236
0.00000000 0.00000000 0.00000000 1.00000000
191 2.524294 0.040474
0.67723835 0.13151546 -0.72391427 1.65493453
-0.11007465 0.99093282 0.07704848 0.24441844
0.72748327 0.02750510 0.68557441 -0.22275758
0.00000000 0.00000000 0.00000000 1.00000000
192 4.402554 0.110540
0.71174061 0.16182014 -0.68354940 1.14318156
-0.27431083 0.95986605 -0.05838984 -0.15337242
0.64666784 0.22906291 0.72756511 0.10392129
0.00000000 0.00000000 0.00000000 1.00000000
193 2.050995 0.064217
0.88620704 0.35596728 -0.29652190 -0.74440861
-0.32476678 0.93376869 0.15034473 0.22248887
0.33040047 -0.03693615 0.94311786 -0.02480459
0.00000000 0.00000000 0.00000000 1.00000000
194 1.034386 0.017501
0.94464713 0.28123972 -0.16895190 -0.53260303
-0.26361465 0.95720410 0.11944428 0.22320923
0.19531474 -0.06829453 0.97835928 -0.27132154
0.00000000 0.00000000 0.00000000 1.00000000
195 0.000000 0.012564
0.96932179 0.23282835 -0.07878712 -0.26900896
-0.22437923 0.96903288 0.10310248 0.23910367
0.10035160 -0.08226119 0.99154627 -0.28586555
0.00000000 0.00000000 0.00000000 1.00000000
196 0.000000 0.026247
0.92001772 0.33942911 -0.19584164 -0.02609748
-0.33408523 0.94058293 0.06074516 0.41741064
0.20482436 0.00954112 0.97875178 -0.55639648
0.00000000 0.00000000 0.00000000 1.00000000
197 87.619766 1.344780
-0.32427725 -0.49915859 0.80354452 -1.49508822
0.44279820 0.67054224 0.59523296 -0.87071383
-0.83592653 0.54882920 0.00358555 2.23479319
0.00000000 0.00000000 0.00000000 1.00000000
198 2.157038 0.055484
0.53785849 -0.28754202 0.79248214 -1.82442951
