0 0.682996 0.045304
0.99930513 0.03386828 0.01558942 -0.69774961
-0.03477844 0.99744564 0.06239384 0.19208613
-0.01343636 -0.06289268 0.99792993 -0.18805456
0.00000000 0.00000000 0.00000000 1.00000000
1 0.922809 0.039428
0.97389162 0.22424944 -0.03533329 -0.40049225
-0.22311002 0.97421825 0.03347820 0.32400751
0.04192950 -0.02472082 0.99881482 -0.40229535
0.00000000 0.00000000 0.00000000 1.00000000
2 0.317752 0.019727
0.98573208 0.15072857 0.07492410 -0.16322589
-0.15246461 0.98814553 0.01798636 0.34462363
-0.07132490 -0.02915290 0.99702716 -0.66782486
0.00000000 0.00000000 0.00000000 1.00000000
3 0.910857 0.032646
0.97767556 0.10533051 0.18181357 0.02205765
-0.11126935 0.99353004 0.02275261 0.34662980
-0.17824085 -0.04247436 0.98307002 -0.72487330
0.00000000 0.00000000 0.00000000 1.00000000
4 2.709061 0.035762
0.97858363 0.20014846 0.04810306 0.33286333
-0.19800052 0.97912407 -0.04594469 0.52111566
-0.05629466 0.03543589 0.99778473 -0.94642043
0.00000000 0.00000000 0.00000000 1.00000000
5 2.631208 0.069602
0.87759036 0.36427146 -0.31167305 0.66375846
-0.40395480 0.91197670 -0.07154813 0.59040469
0.25817579 0.18869162 0.94749153 -0.85747337
0.00000000 0.00000000 0.00000000 1.00000000
6 1.232576 0.034482
0.81431025 0.42563137 -0.39463553 0.06037897
-0.38884294 0.90481579 0.17352468 0.16259149
0.43092939 0.01214859 0.90230393 -0.31403291
0.00000000 0.00000000 0.00000000 1.00000000
7 0.274112 0.008789
0.99724156 -0.06016427 0.04346415 0.11284945
0.06100241 0.99797118 -0.01822972 0.05421212
-0.04227930 0.02083072 0.99888873 -0.12289548
0.00000000 0.00000000 0.00000000 1.00000000
8 2.538213 0.082890
0.76798779 -0.09869364 0.63281429 -2.38839054
0.10170301 0.99431169 0.03164476 0.02108645
-0.63233721 0.04005644 0.77365720 0.94219410
0.00000000 0.00000000 0.00000000 1.00000000
9 0.929991 0.093833
0.29331526 -0.30690879 0.90541345 -2.03529668
0.31978706 0.92401171 0.20961593 -0.29803807
-0.90094513 0.22805578 0.36917222 1.55686486
0.00000000 0.00000000 0.00000000 1.00000000
10 2.858006 0.167763
0.19278401 -0.29565993 0.93563879 -2.12865973
0.33404341 0.91634667 0.22073612 -0.01449952
-0.92263162 0.26998919 0.27542040 1.20925212
0.00000000 0.00000000 0.00000000 1.00000000
11 2.053094 0.132724
0.25163579 -0.30391398 0.91886693 -2.25430250
0.30784979 0.92524087 0.22171676 0.28662807
-0.91755641 0.22708097 0.32638344 0.61618602
0.00000000 0.00000000 0.00000000 1.00000000
12 0.833217 0.035590
0.95853955 -0.09670925 0.26804408 0.24219307
0.10871187 0.99361205 -0.03026992 0.23042202
-0.26340419 0.05815387 0.96293050 -0.43456578
0.00000000 0.00000000 0.00000000 1.00000000
13 2.706892 0.127406
-0.25329661 -0.50255048 0.82660997 -2.16642666
0.46918654 0.68343019 0.55927408 -0.25597912
-0.84599364 0.52949637 0.06267965 0.57451719
0.00000000 0.00000000 0.00000000 1.00000000
14 4.431554 0.140137
-0.64702338 -0.39065263 0.65479100 -1.70048320
0.56770229 0.32646117 0.75573659 -1.00420904
-0.50899446 0.86070538 0.01054594 1.13502753
0.00000000 0.00000000 0.00000000 1.00000000
15 0.000000 0.016931
0.35511729 0.50800180 -0.78474563 1.59010255
-0.68297434 0.71418273 0.15325958 0.42923275
0.63830793 0.48153555 0.60057092 -0.00423062
0.00000000 0.00000000 0.00000000 1.00000000
16 1.490691 0.035400
0.64522803 0.41751251 -0.63981515 1.09741259
-0.59905559 0.79623175 -0.08454062 0.47583026
0.47414452 0.43783265 0.76386428 0.03338337
0.00000000 0.00000000 0.00000000 1.00000000
17 2.782067 0.081992
0.71035773 0.31760105 -0.62810940 0.64156193
-0.47525167 0.87468398 -0.09520349 0.44760323
0.51916057 0.36613867 0.77227914 0.12962556
0.00000000 0.00000000 0.00000000 1.00000000
18 0.854092 0.030485
0.93302763 -0.14710480 0.32836056 0.01441640
0.11266393 0.98615688 0.12166482 0.43449768
-0.34171242 -0.07652175 0.93668437 -0.71351731
0.00000000 0.00000000 0.00000000 1.00000000
19 2.119326 0.091381
0.96274501 -0.01358141 0.27007198 0.45826051
-0.09915210 0.91145104 0.39928475 0.10301095
-0.25158024 -0.41118592 0.87614733 -0.21871567
0.00000000 0.00000000 0.00000000 1.00000000
20 1.334129 0.052167
0.98020256 0.10423507 -0.16834202 0.23154758
-0.09161486 0.99248815 0.08109039 0.44503680
0.17553009 -0.06406167 0.98238796 -0.51648474
0.00000000 0.00000000 0.00000000 1.00000000
21 1.351616 0.055251
0.93935698 0.26016322 -0.22343342 0.05156490
-0.22922292 0.96092230 0.15518981 0.20327622
0.25507689 -0.09456354 0.96228522 -0.35952759
0.00000000 0.00000000 0.00000000 1.00000000
22 0.875810 0.041866
0.95335364 0.19240691 -0.23258996 -0.30300570
-0.17141426 0.97931558 0.10752413 0.02749407
0.24846664 -0.06263769 0.96661353 -0.38583255
0.00000000 0.00000000 0.00000000 1.00000000
23 0.588174 0.039011
0.99575090 0.08853185 -0.02536628 -0.81428230
-0.08625585 0.99306011 0.07995299 0.15752885
0.03226869 -0.07742482 0.99647593 -0.06224012
0.00000000 0.00000000 0.00000000 1.00000000
24 0.787333 0.027530
0.95738393 0.28136095 -0.06522012 -0.53740430
-0.27730167 0.95859587 0.06480360 0.30026522
0.08075312 -0.04395512 0.99576491 -0.28158522
0.00000000 0.00000000 0.00000000 1.00000000
25 0.316518 0.013951
0.97542948 0.21633682 0.04168093 -0.27746251
-0.21801883 0.97507513 0.04123217 0.32410610
-0.03172158 -0.04930463 0.99828053 -0.53266585
0.00000000 0.00000000 0.00000000 1.00000000
26 1.172364 0.024273
0.97640330 0.16490161 0.13944499 -0.05801898
-0.17201412 0.98426151 0.04050702 0.33434781
-0.13057053 -0.06353758 0.98940098 -0.57696939
0.00000000 0.00000000 0.00000000 1.00000000
27 2.536362 0.038761
0.96388161 0.26596391 0.01394911 0.22192743
-0.26560307 0.96379852 -0.02337366 0.50219262
-0.01966089 0.01882395 0.99962938 -0.81326771
0.00000000 0.00000000 0.00000000 1.00000000
28 2.812856 0.050595
0.78531373 -0.06964245 0.61516833 -2.40185571
0.03618614 0.99711728 0.06668845 -0.05632377
-0.61803943 -0.03011036 0.78557014 1.11867821
0.00000000 0.00000000 0.00000000 1.00000000
29 1.557711 0.079360
0.33850127 -0.28048790 0.89818877 -1.97932196
0.25500894 0.94616246 0.19936378 -0.31642884
-0.90575159 0.16156065 0.39180487 1.74119699
0.00000000 0.00000000 0.00000000 1.00000000
30 1.688412 0.107483
0.23276755 -0.29976767 0.92517978 -2.05693078
0.28152603 0.93134773 0.23093669 -0.07258280
-0.93089271 0.20670722 0.30118030 1.38398600
0.00000000 0.00000000 0.00000000 1.00000000
31 0.802594 0.058864
0.27768832 -0.28879344 0.91623527 -2.19634008
0.23408219 0.94533938 0.22702242 0.23272340
-0.93171597 0.15143305 0.33011144 0.82704461
0.00000000 0.00000000 0.00000000 1.00000000
32 0.912574 0.018309
0.96932769 -0.04559962 0.24150461 0.13619274
0.05154140 0.99850249 -0.01833940 0.18315735
-0.24030697 0.03022456 0.97022653 -0.27530372
0.00000000 0.00000000 0.00000000 1.00000000
33 2.786286 0.111972
-0.17884620 -0.51206559 0.84012067 -2.04762769
0.46010220 0.71123779 0.53145647 -0.23491877
-0.86966652 0.48159081 0.10840040 0.67351282
0.00000000 0.00000000 0.00000000 1.00000000
34 3.550823 0.114323
-0.60479170 -0.43681276 0.66589868 -1.51368952
0.57087469 0.34521011 0.74493682 -0.99208438
-0.55527270 0.83067632 0.04058635 1.17040908
0.00000000 0.00000000 0.00000000 1.00000000
35 0.780845 0.020260
0.95206726 -0.09222732 0.29165506 -0.05533832
0.05330750 0.98889923 0.13869520 0.38886556
-0.30120909 -0.11649965 0.94641483 -0.54730856
0.00000000 0.00000000 0.00000000 1.00000000
36 2.211339 0.066178
0.98217338 0.03039369 0.18550180 0.38643396
-0.10062057 0.91856349 0.38224995 0.09359777
-0.15877676 -0.39410108 0.90524781 0.27395630
0.00000000 0.00000000 0.00000000 1.00000000
37 0.393664 0.018121
0.96524721 0.04211321 0.25792462 0.33344075
-0.15464075 0.88764548 0.43378916 0.07899994
-0.21067697 -0.45859939 0.86330879 -0.03894782
0.00000000 0.00000000 0.00000000 1.00000000
38 2.022747 0.071464
0.97045577 0.15480830 -0.18506967 0.02682018
-0.13749275 0.98512626 0.10306796 0.42419913
0.19827262 -0.07457659 0.97730589 -0.41941857
0.00000000 0.00000000 0.00000000 1.00000000
39 1.281153 0.038412
0.91433078 0.29827690 -0.27391833 -0.09765837
-0.25427181 0.94928563 0.18494606 0.17994156
0.31519163 -0.09945059 0.94380349 -0.27243400
0.00000000 0.00000000 0.00000000 1.00000000
40 0.079129 0.007079
0.97783935 0.19806942 -0.06781174 0.25317883
-0.19979900 0.97964060 -0.01967847 -0.01616099
0.06253281 0.03279272 0.99750471 -0.18135142
0.00000000 0.00000000 0.00000000 1.00000000
41 0.393664 0.014894
0.98921829 0.13840002 0.04788373 0.52652025
-0.13651279 0.98980266 -0.04067656 0.05696037
-0.05302516 0.03370082 0.99802434 -0.52027273
0.00000000 0.00000000 0.00000000 1.00000000
42 1.606203 0.083411
0.97895622 0.10540125 0.17474294 0.68823016
-0.10013144 0.99422044 -0.03872856 0.07620990
-0.17781508 0.02041647 0.98385227 -0.67207074
0.00000000 0.00000000 0.00000000 1.00000000
43 2.493557 0.047771
0.98053598 0.19467868 0.02550327 0.97840965
-0.19129232 0.97649419 -0.09933358 0.16189772
-0.04424214 0.09252161 0.99472755 -0.81243169
0.00000000 0.00000000 0.00000000 1.00000000
44 1.970402 0.025251
0.88260585 0.33881885 -0.32589790 1.11575687
-0.39740622 0.90807164 -0.13219365 0.13865066
0.25114828 0.24618906 0.93611765 -0.53988731
0.00000000 0.00000000 0.00000000 1.00000000
45 1.654221 0.033052
0.61832440 0.41236722 -0.66905051 1.19398713
-0.52987069 0.84745073 0.03262666 -0.13195613
0.58044159 0.33433652 0.74250042 -0.04677558
0.00000000 0.00000000 0.00000000 1.00000000
46 2.010908 0.030097
0.34728849 0.38619867 -0.85454178 1.02620363
-0.45554337 0.86599386 0.20624039 -0.18188298
0.81967717 0.31765574 0.47668034 0.39998674
0.00000000 0.00000000 0.00000000 1.00000000
47 0.000000 0.048499
0.58515906 0.36744660 -0.72289205 0.92125499
-0.39365485 0.90808022 0.14292708 -0.12646784
0.70896125 0.20093457 0.67601776 0.27436566
0.00000000 0.00000000 0.00000000 1.00000000
48 0.000000 0.021805
0.80921584 0.36476809 -0.46055937 0.55328792
-0.35410866 0.92834353 0.11307985 -0.23493138
0.46880463 0.07158259 0.88039684 0.20038199
0.00000000 0.00000000 0.00000000 1.00000000
49 0.859118 0.084904
0.82782406 0.22070037 -0.51575053 0.18734753
-0.28170714 0.95858210 -0.04196653 -0.15782827
0.48512724 0.18003139 0.85571039 0.80367994
0.00000000 0.00000000 0.00000000 1.00000000
50 0.000000 0.040472
0.95514935 0.06180951 0.28960323 -1.57722282
-0.01916954 0.98882890 -0.14781931 0.03597248
-0.29550454 0.13563827 0.94566417 0.46521807
0.00000000 0.00000000 0.00000000 1.00000000
51 1.394093 0.066183
0.78729868 -0.10755746 0.60711730 -1.65492773
0.15089117 0.98833567 -0.02057868 -0.08344921
-0.59782255 0.10780978 0.79434550 0.60756862
0.00000000 0.00000000 0.00000000 1.00000000
52 3.699782 0.128738
0.34159371 -0.24197271 0.90816462 -1.57226396
0.32890576 0.93596399 0.12566677 -0.16318364
-0.88041770 0.25577396 0.39930546 0.90809083
0.00000000 0.00000000 0.00000000 1.00000000
53 2.347020 0.037593
0.17281172 0.50936931 -0.84301800 1.79996264
-0.62265331 0.71967363 0.30720380 -0.15851031
0.76317668 0.47181931 0.44152904 0.26874113
0.00000000 0.00000000 0.00000000 1.00000000
54 1.509736 0.007403
0.36377993 0.43545789 -0.82343256 1.60243356
-0.64563417 0.75507939 0.11407959 -0.14612392
0.67143297 0.49013573 0.55582941 0.49264145
0.00000000 0.00000000 0.00000000 1.00000000
55 1.155213 0.014920
0.64177877 0.35902819 -0.67765677 1.37395263
-0.59119141 0.79446894 -0.13897440 -0.12631702
0.48848075 0.48981595 0.72212744 0.47913492
0.00000000 0.00000000 0.00000000 1.00000000
56 0.948739 0.029828
0.68258196 0.25336665 -0.68548340 1.03867185
-0.46625048 0.87326217 -0.14150384 -0.09561867
0.56275475 0.41619462 0.71420521 0.66510379
0.00000000 0.00000000 0.00000000 1.00000000
57 1.813157 0.091010
0.95886075 -0.02788569 0.28250352 1.09290957
-0.06951630 0.94179744 0.32891423 -0.02910015
-0.27523321 -0.33502135 0.90111440 -0.18229151
0.00000000 0.00000000 0.00000000 1.00000000
58 0.993078 0.028020
0.99112463 -0.06112254 0.11804590 0.28802425
0.06275058 0.99797690 -0.01012811 0.03936030
-0.11718868 0.01744407 0.99295557 -0.31518888
0.00000000 0.00000000 0.00000000 1.00000000
59 1.302962 0.027099
0.97249311 -0.09770435 0.21145138 0.55438161
0.10429177 0.99434209 -0.02019706 0.09521006
-0.20828083 0.04169467 0.97718024 -0.41966081
0.00000000 0.00000000 0.00000000 1.00000000
60 2.408754 0.028654
0.99570417 -0.00300360 0.09253731 0.75120360
0.01099795 0.99623364 -0.08600727 0.17940934
-0.09193099 0.08665484 0.99198747 -0.60587204
0.00000000 0.00000000 0.00000000 1.00000000
61 3.058255 0.041405
0.95360374 0.15027335 -0.26087591 0.82967025
-0.18643607 0.97513676 -0.11978430 0.16650000
0.23638946 0.16286293 0.95791149 -0.42575514
0.00000000 0.00000000 0.00000000 1.00000000
62 0.000000 0.074343
0.68953300 0.25763404 -0.67688096 0.64198035
-0.21265517 0.96541643 0.15082702 -0.03510698
0.69233036 0.03994191 0.72047412 0.24449480
0.00000000 0.00000000 0.00000000 1.00000000
63 0.546797 0.026132
0.89725786 0.20772707 -0.38958663 0.24236518
-0.17060730 0.97698927 0.12800401 -0.16738360
0.40721202 -0.04838625 0.91205108 0.25688195
0.00000000 0.00000000 0.00000000 1.00000000
64 1.959246 0.137368
0.87820858 0.05420350 -0.47519726 -0.07294440
-0.08086438 0.99608147 -0.03582665 -0.11848184
0.47139299 0.06989002 0.87915003 0.86942554
0.00000000 0.00000000 0.00000000 1.00000000
65 0.925773 0.030829
0.92322791 -0.14645539 0.35524800 -1.76301742
0.20145312 0.97175431 -0.12292230 -0.00988030
-0.32721132 0.18505102 0.92665458 0.73222589
0.00000000 0.00000000 0.00000000 1.00000000
66 1.161296 0.057903
0.70019072 -0.27873141 0.65729755 -1.72752607
0.34820426 0.93704486 0.02643332 -0.15825102
-0.62328619 0.21036452 0.75316614 0.91170454
0.00000000 0.00000000 0.00000000 1.00000000
67 2.806306 0.090922
0.20489188 -0.33392841 0.92006034 -1.48669279
0.51065409 0.83840114 0.19057190 -0.27011055
-0.83501607 0.43078595 0.34230354 1.20405817
0.00000000 0.00000000 0.00000000 1.00000000
68 4.492047 0.177279
0.08950987 -0.32430845 0.94170684 -1.59881771
0.54079127 0.80981225 0.22748305 0.01604313
-0.83638036 0.48890457 0.24787007 0.79879427
0.00000000 0.00000000 0.00000000 1.00000000
69 1.873671 0.036181
0.49697828 0.37419829 -0.78293592 1.35409629
-0.48636764 0.86732459 0.10580358 -0.01139681
0.71865124 0.32821268 0.61303914 0.43734658
0.00000000 0.00000000 0.00000000 1.00000000
70 1.101451 0.034076
0.73819107 0.25124112 -0.62605923 1.05277300
-0.42324644 0.89515853 -0.13982043 -0.04202671
0.52529502 0.36819071 0.76713645 0.47504151
0.00000000 0.00000000 0.00000000 1.00000000
71 1.702264 0.042509
0.76241964 0.11210674 -0.63729787 0.73434567
-0.26364782 0.95324010 -0.14772639 -0.02346021
0.59093678 0.28065157 0.75632584 0.66916013
0.00000000 0.00000000 0.00000000 1.00000000
72 2.333471 0.081614
0.92306060 -0.22098562 0.31484389 1.00588608
0.10022356 0.92840338 0.35780254 0.03153154
-0.37137145 -0.29871830 0.87911940 0.07867551
0.00000000 0.00000000 0.00000000 1.00000000
73 0.553908 0.005422
0.99406308 -0.03974639 0.10129426 0.28635070
0.04053744 0.99916220 -0.00576213 0.02959079
-0.10098044 0.00983495 0.99484074 -0.07484198
0.00000000 0.00000000 0.00000000 1.00000000
74 1.981495 0.026187
0.99810082 0.05638123 -0.02484247 0.46046606
-0.05774804 0.99662852 -0.05827960 0.11965252
0.02147229 0.05960417 0.99799132 -0.29762411
0.00000000 0.00000000 0.00000000 1.00000000
75 2.514661 0.036047
0.90960461 0.22644192 -0.34834352 0.41844898
-0.26659387 0.96116602 -0.07132740 0.17775881
0.31866431 0.15774596 0.93464899 -0.25442791
0.00000000 0.00000000 0.00000000 1.00000000
76 1.755243 0.027635
0.84433639 0.25359529 -0.47200119 -0.19361693
-0.19121636 0.96551329 0.17669049 -0.10931588
0.50053173 -0.05893202 0.86371005 0.35093307
0.00000000 0.00000000 0.00000000 1.00000000
77 5.274366 0.082467
0.76109838 -0.21296987 0.61267722 -1.86457896
0.24050064 0.96989000 0.03837729 -0.35357744
-0.60240281 0.11814058 0.78940094 1.36774874
0.00000000 0.00000000 0.00000000 1.00000000
78 1.555196 0.041381
0.30960628 -0.32766321 0.89262605 -1.32746398
0.46505329 0.87099379 0.15841994 -0.42109305
-0.82937926 0.36607096 0.42204586 1.59526670
0.00000000 0.00000000 0.00000000 1.00000000
79 2.254291 0.087450
0.20450802 -0.30229336 0.93101847 -1.41161740
0.49241406 0.85378546 0.16905275 -0.10720471
-0.84599382 0.42387423 0.32345945 1.17271829
0.00000000 0.00000000 0.00000000 1.00000000
80 2.171867 0.088898
0.26444957 -0.29191884 0.91915697 -1.52884269
0.45199928 0.87944150 0.14926095 0.21584263
-0.85191673 0.37598619 0.36451524 0.63094437
0.00000000 0.00000000 0.00000000 1.00000000
81 3.946849 0.052501
0.39745080 0.45096827 -0.79916221 0.92802894
-0.57515001 0.80103254 0.16598138 0.19983020
0.71500713 0.39366835 0.57774556 0.29474986
0.00000000 0.00000000 0.00000000 1.00000000
82 2.733088 0.049747
0.97610873 -0.16553888 0.14074159 0.81898594
0.10885095 0.93314552 0.34262261 -0.00432378
-0.18804963 -0.31911755 0.92887086 0.82591724
0.00000000 0.00000000 0.00000000 1.00000000
83 1.849914 0.055190
0.96434838 -0.16738975 0.20497394 0.79320246
0.08077912 0.92376792 0.37433746 0.05004951
-0.25200880 -0.34443286 0.90435493 0.45702481
0.00000000 0.00000000 0.00000000 1.00000000
84 2.741383 0.096875
0.98195440 -0.14732292 0.11857618 0.68625081
0.10017362 0.93701327 0.33461863 0.11868319
-0.16040441 -0.31670347 0.93486285 0.03462410
0.00000000 0.00000000 0.00000000 1.00000000
85 1.691654 0.064266
0.96430141 -0.15916488 0.21163185 0.58317125
0.08129782 0.93854928 0.33543399 0.12784344
-0.25201634 -0.30625466 0.91798496 -0.45952022
0.00000000 0.00000000 0.00000000 1.00000000
86 1.627746 0.071633
0.99604923 -0.06426456 -0.06128822 0.82346600
0.07901803 0.95632434 0.28142449 0.22557040
0.04052581 -0.28515545 0.95762396 -0.62589657
0.00000000 0.00000000 0.00000000 1.00000000
87 1.180017 0.017264
0.98725092 0.09860460 -0.12495319 0.16423945
-0.10498010 0.99343312 -0.04549459 0.12696317
0.11964661 0.05803242 0.99111915 -0.25503778
0.00000000 0.00000000 0.00000000 1.00000000
88 2.640417 0.036462
0.86279380 0.24389595 -0.44283265 0.12633151
-0.29177833 0.95555419 -0.04220240 0.25302744
0.41285765 0.16562092 0.89561009 -0.30652332
0.00000000 0.00000000 0.00000000 1.00000000
89 2.704867 0.040336
0.82107407 -0.25312161 0.51163167 -2.01570082
0.28142607 0.95930749 0.02296564 -0.44750828
-0.49662608 0.12513012 0.85889733 1.56714690
0.00000000 0.00000000 0.00000000 1.00000000
90 2.844687 0.059787
0.41583690 -0.30207109 0.85780716 -1.36266637
0.43158612 0.89579523 0.10622942 -0.54074740
-0.80050832 0.32604355 0.50287437 1.85947096
0.00000000 0.00000000 0.00000000 1.00000000
91 2.276409 0.082923
0.30907488 -0.29716784 0.90341789 -1.42027605
0.47228003 0.87248051 0.12541656 -0.25349140
-0.82548392 0.38790321 0.41000849 1.42928743
0.00000000 0.00000000 0.00000000 1.00000000
92 2.457980 0.095837
0.37426460 -0.29686311 0.87852079 -1.54942489
0.43885458 0.89127010 0.11421290 0.07742368
-0.81690526 0.34279710 0.46385071 0.87659538
0.00000000 0.00000000 0.00000000 1.00000000
93 98.198639 1.473151
0.91344488 0.40461373 -0.04366687 -0.64073724
-0.39431778 0.90649158 0.15094945 0.29065078
0.10065988 -0.12066539 0.98757672 -0.48608291
0.00000000 0.00000000 0.00000000 1.00000000
94 2.411677 0.041383
0.99002290 -0.13403577 0.04346150 0.53085959
0.11118425 0.93258417 0.34340402 -0.04137784
-0.08656000 -0.33514506 0.93818188 0.92485118
0.00000000 0.00000000 0.00000000 1.00000000
95 2.023327 0.045482
0.98698443 -0.11640777 0.11095832 0.51527667
0.06695549 0.92476511 0.37460518 0.02053964
-0.14621755 -0.36229864 0.92052209 0.58194089
0.00000000 0.00000000 0.00000000 1.00000000
96 2.458936 0.070995
0.99486560 -0.09987961 0.01633830 0.41379622
0.08833709 0.93574631 0.34143245 0.06624749
-0.04939071 -0.33823597 0.93976450 0.13342404
0.00000000 0.00000000 0.00000000 1.00000000
97 1.823060 0.063769
0.98728478 -0.11038449 0.11437865 0.31205586
0.06621558 0.93975216 0.33538085 0.10491031
-0.14450851 -0.32354367 0.93511319 -0.33584332
0.00000000 0.00000000 0.00000000 1.00000000
98 1.150801 0.044703
0.98567224 -0.03608870 -0.16476791 0.53044319
0.08441405 0.95125502 0.29663154 0.16588673
0.14603105 -0.30628917 0.94067138 -0.58897173
0.00000000 0.00000000 0.00000000 1.00000000
99 2.158852 0.113005
0.94677359 0.00387610 -0.32187724 0.60819477
0.08022997 0.96553099 0.24761713 0.30250937
0.31174192 -0.26026100 0.91382807 -0.76570308
0.00000000 0.00000000 0.00000000 1.00000000
100 0.807940 0.009901
0.92491597 0.18688551 -0.33106491 -0.10441744
-0.20685290 0.97803187 -0.02579986 0.15992096
0.31897017 0.09234439 0.94325519 -0.12242508
0.00000000 0.00000000 0.00000000 1.00000000
101 1.024120 0.058178
0.85207409 0.24125221 -0.46450654 -0.67090648
-0.14538230 0.96160847 0.23275006 -0.09970311
0.50282478 -0.13079000 0.85443604 0.42346704
0.00000000 0.00000000 0.00000000 1.00000000
102 3.444806 0.080143
0.94506633 -0.14351022 0.29368681 -2.36672783
0.16201971 0.98599392 -0.03956520 -0.36043566
-0.28389567 0.08497468 0.95508242 1.52902973
0.00000000 0.00000000 0.00000000 1.00000000
103 3.004395 0.059497
0.73031449 -0.33964264 0.59269172 -1.94293571
0.35267648 0.93052852 0.09867233 -0.56856847
-0.58502978 0.13696668 0.79936218 1.85519588
0.00000000 0.00000000 0.00000000 1.00000000
104 1.442386 0.041899
0.25364116 -0.41777846 0.87242591 -1.12205172
0.52897346 0.81501877 0.23649853 -0.71159756
-0.80984718 0.40150446 0.42771614 2.04837489
0.00000000 0.00000000 0.00000000 1.00000000
105 4.669254 0.110091
0.18747477 -0.35227543 0.91692686 -1.15949786
0.52314222 0.82588220 0.21033472 -0.33691743
-0.83136940 0.44025040 0.33912235 1.57933259
0.00000000 0.00000000 0.00000000 1.00000000
106 3.809612 0.133017
0.24847645 -0.38187712 0.89018488 -1.28008580
0.52585107 0.82497323 0.20712195 -0.02469008
-0.81347394 0.41663980 0.40579697 1.01203752
0.00000000 0.00000000 0.00000000 1.00000000
107 9.696838 0.124854
0.44232106 0.52096450 -0.73003197 0.42737636
-0.59902775 0.77741051 0.19182785 0.46493369
0.66747046 0.35246053 0.65593785 0.12122476
0.00000000 0.00000000 0.00000000 1.00000000
108 4.019903 0.065122
0.66973925 0.34600717 -0.65705961 0.12568063
-0.47773093 0.87816405 -0.02451045 0.15063514
0.56852484 0.33031315 0.75343978 0.44270527
0.00000000 0.00000000 0.00000000 1.00000000
109 3.144480 0.080993
0.70561463 0.20580009 -0.67805254 -0.24523807
-0.31997874 0.94631892 -0.04576189 0.05535072
0.63223636 0.24925268 0.73358762 0.57701886
0.00000000 0.00000000 0.00000000 1.00000000
110 3.894606 0.046303
0.96470243 -0.22228423 0.14119875 0.46310243
0.14727485 0.89990401 0.41046405 -0.08377796
-0.21830532 -0.37518084 0.90087837 1.24153686
0.00000000 0.00000000 0.00000000 1.00000000
111 3.150451 0.056789
0.94989282 -0.22446430 0.21752962 0.44994470
0.11376975 0.89647144 0.42824742 0.00720876
-0.29113513 -0.38204077 0.87708902 0.90495872
0.00000000 0.00000000 0.00000000 1.00000000
112 3.724994 0.083947
0.97175395 -0.19334526 0.13532032 0.30547664
0.12548704 0.90895092 0.39756763 0.04642242
-0.19986735 -0.36935776 0.90753949 0.44781685
0.00000000 0.00000000 0.00000000 1.00000000
113 4.898410 0.054963
0.21294567 0.42751339 -0.87857080 0.43888032
-0.46920872 0.83347040 0.29184151 0.00415125
0.85702896 0.35008669 0.37807655 -0.08877063
0.00000000 0.00000000 0.00000000 1.00000000
114 1.061278 0.051030
0.90092337 0.21012482 -0.37971759 -0.03030000
-0.18379375 0.97736543 0.10477659 0.00801000
0.39313811 -0.02460542 0.91915047 0.01714671
0.00000000 0.00000000 0.00000000 1.00000000
115 1.891758 0.042146
0.71545774 0.33556280 -0.61279488 -0.15597814
-0.18798921 0.93721968 0.29373163 0.05696163
0.67288941 -0.09495372 0.73362368 0.03961432
0.00000000 0.00000000 0.00000000 1.00000000
116 2.417675 0.058300
0.87566870 0.21606277 -0.43188161 -0.31913859
-0.10396037 0.95770085 0.26833558 -0.02416031
0.47158968 -0.19007355 0.86108965 0.23050427
0.00000000 0.00000000 0.00000000 1.00000000
117 2.431721 0.022393
0.98777926 0.09128976 -0.12632179 -0.64723247
-0.05588841 0.96407294 0.25969005 -0.20597179
0.14549083 -0.24945718 0.95739400 0.57466114
0.00000000 0.00000000 0.00000000 1.00000000
118 2.747944 0.039237
0.97996032 -0.02485400 -0.19763324 -1.05086195
0.05058676 0.99070799 0.12624145 -0.29900056
0.19265939 -0.13371041 0.97211277 1.10156238
0.00000000 0.00000000 0.00000000 1.00000000
119 120.806327 1.686711
-0.31188685 -0.88861161 0.33629701 0.34720039
0.85015070 -0.41904521 -0.31881768 -0.29306459
0.42422855 0.18646818 0.88614881 0.84579015
0.00000000 0.00000000 0.00000000 1.00000000
120 2.827847 0.046677
0.75848627 -0.34345627 0.55383825 -2.13561058
0.34840307 0.93191189 0.10077330 -0.44596323
-0.55073977 0.11652404 0.82650328 1.53019488
0.00000000 0.00000000 0.00000000 1.00000000
121 2.583765 0.067258
0.45284301 -0.49036881 0.74462855 -1.69532561
0.48167598 0.83735514 0.25850460 -0.58923823
-0.75028098 0.24160776 0.61538947 1.74734724
0.00000000 0.00000000 0.00000000 1.00000000
122 3.784549 0.100045
-0.10663401 -0.49269027 0.86364645 -0.92385316
0.55222714 0.69297034 0.46350709 -0.64698732
-0.82684630 0.52635491 0.19818315 1.82963717
0.00000000 0.00000000 0.00000000 1.00000000
123 1.747197 0.041612
0.59212297 0.53123063 -0.60595691 0.72733551
-0.43621925 0.84355080 0.31326509 0.34999260
0.67757189 0.07883886 0.73121858 -0.11801815
0.00000000 0.00000000 0.00000000 1.00000000
124 1.284509 0.045094
0.73494416 0.37872785 -0.56251496 0.44191855
-0.37581715 0.91794848 0.12701595 0.19172707
0.56446373 0.11805356 0.81697285 0.28931689
0.00000000 0.00000000 0.00000000 1.00000000
125 2.840969 0.057648
0.90714163 0.19620652 -0.37228456 0.15191743
-0.24683517 0.96457458 -0.09309605 -0.05302602
0.34083077 0.17634323 0.92343742 0.57219017
0.00000000 0.00000000 0.00000000 1.00000000
126 2.004279 0.041650
0.91435999 0.07397404 -0.39808786 -0.21278304
-0.09945147 0.99408227 -0.04370415 -0.14513791
0.39249903 0.07955196 0.91630560 0.70063722
0.00000000 0.00000000 0.00000000 1.00000000
127 2.939049 0.025082
0.58300364 0.38529301 -0.71530163 0.32549196
-0.33167952 0.91656780 0.22336935 -0.17850634
0.74168450 0.10702646 0.66215551 0.04678595
0.00000000 0.00000000 0.00000000 1.00000000
128 0.627450 0.015195
0.94210947 0.12229315 -0.31220618 -0.08975786
-0.06804603 0.98147213 0.17911398 0.03165386
0.32832628 -0.14750063 0.93297660 0.03865004
0.00000000 0.00000000 0.00000000 1.00000000
129 1.240173 0.026400
0.99734038 -0.02800616 -0.06730065 -0.28711349
0.04015862 0.98160863 0.18663764 -0.03606763
0.06083561 -0.18884301 0.98012131 0.21181393
0.00000000 0.00000000 0.00000000 1.00000000
130 1.681443 0.044941
0.95795286 -0.14832234 0.24561484 -0.59825194
0.10253545 0.97646189 0.18975583 -0.20385635
-0.26797825 -0.15659362 0.95061296 0.54006290
0.00000000 0.00000000 0.00000000 1.00000000
131 1.706627 0.014064
0.94903606 -0.26011896 0.17795594 -1.00227261
0.24257118 0.96335149 0.11450613 -0.30230799
-0.20121972 -0.06550467 0.97735310 1.08069277
0.00000000 0.00000000 0.00000000 1.00000000
132 2.399472 0.057778
0.98832065 -0.13083008 -0.07813237 -1.20840073
0.13635831 0.98817086 0.07017291 -0.17547429
0.06802721 -0.08000794 0.99447024 0.62348104
0.00000000 0.00000000 0.00000000 1.00000000
133 5.038629 0.172082
0.98571378 0.03938276 -0.16376200 -1.51814187
-0.03021377 0.99785316 0.05810975 0.21767262
0.16569883 -0.05233148 0.98478693 0.12626815
0.00000000 0.00000000 0.00000000 1.00000000
134 7.363459 0.266445
0.99910557 0.02615872 0.03322770 -2.09764242
-0.02748990 0.99881154 0.04024842 0.45459959
-0.03213553 -0.04112575 0.99863708 0.13331890
0.00000000 0.00000000 0.00000000 1.00000000
135 2.737668 0.066238
0.85232592 -0.34325948 0.39460877 -2.27212214
0.30117071 0.93896204 0.16627222 -0.12840953
-0.42759758 -0.02287349 0.90367997 0.58542192
0.00000000 0.00000000 0.00000000 1.00000000
136 0.804543 0.039497
0.39980689 -0.45960677 0.79304242 -2.09203386
0.49738556 0.83552194 0.23347232 -0.46787387
-0.76990986 0.30110371 0.56264913 1.44681454
0.00000000 0.00000000 0.00000000 1.00000000
137 4.109707 0.115077
0.05526816 -0.48461848 0.87297714 -1.68313909
0.53366327 0.75329101 0.38439035 -0.54199642
-0.84388971 0.44463128 0.30025572 1.62894249
0.00000000 0.00000000 0.00000000 1.00000000
138 0.000000 0.012171
0.39948359 0.71717912 -0.57102215 0.93811584
-0.65069717 0.66059083 0.37444973 -0.19647825
0.64575946 0.22197545 0.73056221 0.15788686
0.00000000 0.00000000 0.00000000 1.00000000
139 0.000000 0.017106
0.87816381 0.33066234 -0.34567255 0.76410323
-0.31133407 0.94370115 0.11179397 0.30026093
0.36317837 0.00944579 0.93167150 -0.10684025
0.00000000 0.00000000 0.00000000 1.00000000
140 0.000000 0.013243
0.95530248 0.16190797 -0.24735132 0.48078400
-0.17598946 0.98374194 -0.03577149 0.15719607
0.23753835 0.07770398 0.96826512 0.27730751
0.00000000 0.00000000 0.00000000 1.00000000
141 0.000000 0.015659
0.99820894 -0.05783829 -0.01526538 0.20642421
0.05406740 0.98154539 -0.18343046 -0.07973740
0.02559302 0.18227696 0.98291421 0.53831315
0.00000000 0.00000000 0.00000000 1.00000000
142 0.748604 0.010320
0.98538578 -0.16545923 -0.04048670 -0.15694134
0.16139525 0.98289335 -0.08872604 -0.15853506
0.05447458 0.08089513 0.99523300 0.67486942
0.00000000 0.00000000 0.00000000 1.00000000
143 2.323384 0.062752
0.98036975 -0.07644320 -0.18175218 0.78086287
0.10897716 0.97827297 0.17637010 0.30904567
0.16431984 -0.19271450 0.96739924 -0.59006548
0.00000000 0.00000000 0.00000000 1.00000000
144 0.951210 0.029799
0.86111069 0.17082392 -0.47886086 0.81602550
-0.05605053 0.96802050 0.24452934 0.14842178
0.50531858 -0.18372667 0.84314746 -0.27582550
0.00000000 0.00000000 0.00000000 1.00000000
145 0.485375 0.043313
0.63706875 0.35178167 -0.68585163 0.72436172
-0.25845104 0.93576276 0.23989633 -0.06635259
0.72618604 0.02442852 0.68706346 0.05352461
0.00000000 0.00000000 0.00000000 1.00000000
146 0.386643 0.049791
0.52854490 0.41652179 -0.73969489 0.60213858
-0.34546092 0.90147269 0.26077232 -0.26414794
0.77543336 0.11770555 0.62036049 0.20470142
0.00000000 0.00000000 0.00000000 1.00000000
147 0.000000 0.018811
0.66611373 0.32123494 -0.67312777 0.48711628
-0.29584303 0.94226152 0.15691209 -0.30812845
0.68466759 0.09461936 0.72268814 0.26711750
0.00000000 0.00000000 0.00000000 1.00000000
148 0.497322 0.021815
0.85966545 0.18659841 -0.47555834 0.38612056
-0.17287773 0.98224163 0.07289872 -0.22505622
0.48071611 0.01954469 0.87665844 0.07662010
0.00000000 0.00000000 0.00000000 1.00000000
149 1.118726 0.027962
0.95805109 -0.11597928 0.26208284 -0.20914598
0.10739610 0.99310929 0.04688749 -0.06170461
-0.26571503 -0.01677412 0.96390569 0.14145637
0.00000000 0.00000000 0.00000000 1.00000000
150 1.547122 0.052783
0.81096160 -0.16600484 0.56105602 -0.54808712
0.15302880 0.98570687 0.07045972 -0.23313114
-0.56473333 0.02871761 0.82477355 0.44695354
0.00000000 0.00000000 0.00000000 1.00000000
151 1.476975 0.008707
0.80227846 -0.29762411 0.51746356 -0.93850493
0.32399413 0.94515693 0.04129422 -0.30012846
-0.50137460 0.13452545 0.85470796 0.99214232
0.00000000 0.00000000 0.00000000 1.00000000
152 1.833550 0.046283
0.93868262 -0.19725011 0.28278428 -1.11906993
0.21810222 0.97493589 -0.04392985 -0.17485601
-0.26703176 0.10291126 0.95817661 0.57362843
0.00000000 0.00000000 0.00000000 1.00000000
153 2.665502 0.104350
0.98147810 -0.11137238 0.15587421 -1.45316875
0.12444510 0.98925298 -0.07675794 0.13235635
-0.14564997 0.09473407 0.98479033 0.05588818
0.00000000 0.00000000 0.00000000 1.00000000
154 3.954879 0.182154
0.96000713 -0.11507216 0.25523451 -1.83730972
0.13748120 0.98790514 -0.07171029 0.32045087
-0.24389577 0.10393210 0.96421617 -0.08523679
0.00000000 0.00000000 0.00000000 1.00000000
155 1.878469 0.057341
0.63317919 -0.34652051 0.69210470 -2.22227502
0.37150422 0.92051280 0.12100491 -0.13415830
-0.67902124 0.18050228 0.71158254 0.48064423
0.00000000 0.00000000 0.00000000 1.00000000
156 2.355012 0.064624
0.10097054 -0.34012401 0.93494421 -2.12401962
0.50889182 0.82516277 0.24522799 -0.43936187
-0.85488898 0.45102516 0.25640342 1.30828273
0.00000000 0.00000000 0.00000000 1.00000000
157 1.098249 0.067638
0.62374735 0.57453036 -0.52995658 1.03575230
-0.65002275 0.75781244 0.05648822 -0.32203355
0.43406194 0.30924934 0.84614122 0.19801998
0.00000000 0.00000000 0.00000000 1.00000000
158 0.000000 0.018099
0.97467726 0.19923258 -0.10154310 0.87389743
-0.21204692 0.96763539 -0.13681498 0.27065682
0.07099810 0.15488264 0.98537862 -0.14582872
0.00000000 0.00000000 0.00000000 1.00000000
159 0.290740 0.022886
0.99738342 0.05472159 0.04725295 0.58346409
-0.04219991 0.97129583 -0.23410575 0.12315702
-0.05870768 0.23149961 0.97106236 0.22712588
0.00000000 0.00000000 0.00000000 1.00000000
160 0.848576 0.022452
0.94018531 -0.14032274 0.31042022 0.29243916
0.23462829 0.92737520 -0.29141867 -0.08636731
-0.24698353 0.34682107 0.90482813 0.45745063
0.00000000 0.00000000 0.00000000 1.00000000
161 1.137116 0.021162
0.92164928 -0.24113266 0.30400309 -0.05823527
0.30100581 0.93870962 -0.16798633 -0.16919750
-0.24486342 0.24633089 0.93774343 0.60143781
0.00000000 0.00000000 0.00000000 1.00000000
162 1.277788 0.056245
0.97178978 -0.16785465 0.16568172 0.87169755
0.16004820 0.98531461 0.05948899 0.27669066
-0.17323476 -0.03129354 0.98438370 -0.64494967
0.00000000 0.00000000 0.00000000 1.00000000
163 0.420579 0.013822
0.97812617 0.02463882 -0.20654789 0.95141709
-0.01193146 0.99797153 0.06254444 0.10981978
0.20766990 -0.05871141 0.97643536 -0.26234865
0.00000000 0.00000000 0.00000000 1.00000000
164 1.115924 0.052471
0.84804690 0.18515177 -0.49652392 0.84496713
-0.20797007 0.97808933 0.00951979 -0.16016278
0.48740745 0.09518939 0.86797094 0.14947796
0.00000000 0.00000000 0.00000000 1.00000000
165 0.884259 0.032799
0.87974030 0.13744763 -0.45515519 0.58149642
-0.20005615 0.97544599 -0.09211130 -0.35440922
0.43131849 0.17209122 0.88563508 0.26560581
0.00000000 0.00000000 0.00000000 1.00000000
166 1.077019 0.035302
0.98211730 0.02895983 -0.18602738 0.48294964
-0.05492306 0.98918879 -0.13596943 -0.26140207
0.18007864 0.14375475 0.97309089 0.06005597
0.00000000 0.00000000 0.00000000 1.00000000
167 0.652521 0.038481
0.94147462 -0.05676982 0.33227062 -0.41674805
0.05590063 0.99836242 0.01218113 -0.15608504
-0.33241785 0.00710621 0.94310570 0.24486828
0.00000000 0.00000000 0.00000000 1.00000000
168 0.693233 0.019417
0.93719643 -0.19258764 0.29081506 -0.79691792
0.21846622 0.97405994 -0.05898675 -0.18893385
-0.27191094 0.11881536 0.95495915 0.80366397
0.00000000 0.00000000 0.00000000 1.00000000
169 1.163652 0.007482
0.99521750 -0.09193119 0.03303367 -0.96106863
0.09517890 0.98867345 -0.11604568 -0.07516456
-0.02199113 0.11863554 0.99269468 0.43099642
0.00000000 0.00000000 0.00000000 1.00000000
170 2.752926 0.152362
0.99172801 -0.00957163 -0.12800187 -1.18896353
-0.00712956 0.99156898 -0.12938647 0.22347254
0.12816092 0.12922871 0.98329794 -0.04585576
0.00000000 0.00000000 0.00000000 1.00000000
171 3.057359 0.148624
0.99998915 -0.00170944 0.00434691 -1.66355491
0.00222775 0.99248761 -0.12232539 0.39859360
-0.00410527 0.12233348 0.99248040 -0.18666005
0.00000000 0.00000000 0.00000000 1.00000000
172 1.904337 0.023418
0.82638228 -0.24582955 0.50661790 -2.15759563
0.28233358 0.95930493 0.00495633 -0.02946109
-0.48721910 0.13893892 0.86215675 0.27216029
0.00000000 0.00000000 0.00000000 1.00000000
173 1.002101 0.031536
0.36324587 -0.28338045 0.88755167 -2.19718313
0.46637613 0.87998682 0.09009267 -0.30556625
-0.80656457 0.38120681 0.45181346 1.12693453
0.00000000 0.00000000 0.00000000 1.00000000
174 2.485065 0.065932
-0.00448350 -0.31683096 0.94847167 -1.92701948
0.49030420 0.82595104 0.27822089 -0.45644167
-0.87153989 0.46628648 0.15164033 1.40382123
0.00000000 0.00000000 0.00000000 1.00000000
175 0.535223 0.085421
0.39006186 0.60498738 -0.69414747 1.26896262
-0.69159257 0.69019300 0.21291363 -0.44515941
0.60790676 0.39701766 0.68762338 0.26332664
0.00000000 0.00000000 0.00000000 1.00000000
176 0.000000 0.035716
0.88287765 0.28842449 -0.37059271 1.14232063
-0.34223804 0.93555844 -0.08720025 0.26132238
0.32155997 0.20381825 0.92469335 -0.19779098
0.00000000 0.00000000 0.00000000 1.00000000
177 0.451108 0.013953
0.96501499 0.13689017 -0.22362089 0.81422991
-0.18959074 0.95344675 -0.23450631 0.20156996
0.18110953 0.26869780 0.94604450 0.12702751
0.00000000 0.00000000 0.00000000 1.00000000
178 1.282679 0.041650
0.99719656 -0.01928426 0.07229646 0.44030148
0.04412409 0.93189347 -0.36003840 0.04402414
-0.06042964 0.36221910 0.93013203 0.33421850
0.00000000 0.00000000 0.00000000 1.00000000
179 0.596105 0.028576
0.98804539 -0.14113469 0.06202231 0.09770940
0.15247068 0.95405495 -0.25793731 -0.03427523
-0.02276851 0.26431048 0.96416903 0.46695900
0.00000000 0.00000000 0.00000000 1.00000000
180 0.959404 0.075663
0.87203866 0.12460602 -0.47331119 1.25549471
-0.11677488 0.99209130 0.04603341 0.14909217
0.47530293 0.01512821 0.87969238 -0.25940824
0.00000000 0.00000000 0.00000000 1.00000000
181 2.825354 0.074503
0.89332062 0.12540120 -0.43157008 0.71396887
-0.19604088 0.97283608 -0.12311488 -0.22764057
0.40440783 0.19458608 0.89363897 0.01071239
0.00000000 0.00000000 0.00000000 1.00000000
182 0.820915 0.025434
0.99056172 -0.13210434 -0.03653421 -0.42406434
0.12755480 0.98604155 -0.10701942 0.03166002
0.05016243 0.10135025 0.99358577 0.58807611
0.00000000 0.00000000 0.00000000 1.00000000
183 2.155041 0.129358
0.94315177 -0.02535510 -0.33139396 -0.40911558
-0.01999450 0.99095178 -0.13272320 0.12045920
0.33176073 0.13180447 0.93411070 0.35957408
0.00000000 0.00000000 0.00000000 1.00000000
184 1.888859 0.051952
0.96425050 -0.19191475 0.18272761 -1.83784199
0.20968559 0.97421253 -0.08331403 0.23767608
-0.16202632 0.11865142 0.97962660 -0.03578973
0.00000000 0.00000000 0.00000000 1.00000000
185 1.100029 0.029191
0.65574223 -0.25251725 0.71150368 -2.13997507
0.42632940 0.90162355 -0.07292497 0.04520059
-0.62309396 0.35115492 0.69888806 0.75435066
0.00000000 0.00000000 0.00000000 1.00000000
186 0.981583 0.036063
0.31121820 -0.30806857 0.89902020 -2.09937286
0.50734812 0.85377085 0.11693171 -0.17155385
-0.80358016 0.41972503 0.42200696 1.08499837
0.00000000 0.00000000 0.00000000 1.00000000
187 2.177627 0.049989
0.70081788 0.31096429 -0.64199311 1.62789106
-0.38323522 0.92320096 0.02882394 0.26317650
0.60165197 0.22583425 0.76616859 -0.12148333
0.00000000 0.00000000 0.00000000 1.00000000
188 0.000000 0.020884
0.82391262 0.20734355 -0.52742463 1.31134152
-0.32767498 0.93362129 -0.14484546 0.24545820
0.46238220 0.29216412 0.83716357 0.15528905
0.00000000 0.00000000 0.00000000 1.00000000
189 1.985245 0.032216
0.96575266 0.03793466 -0.25667492 0.89669514
-0.12752551 0.93091822 -0.34223884 0.22464906
0.22596055 0.36325023 0.90387535 0.24632490
0.00000000 0.00000000 0.00000000 1.00000000
190 0.701650 0.019669
0.95981711 -0.07888431 -0.26931050 0.54431385
0.00006724 0.95974171 -0.28088146 0.18403488
0.28062585 0.26957536 0.92118227 0.39200103
0.00000000 0.00000000 0.00000000 1.00000000
191 2.250467 0.031256
0.67389482 0.13381292 -0.72660857 1.66393483
-0.11350286 0.99053764 0.07714927 0.24417599
0.73005682 0.03048143 0.68270624 -0.21222973
0.00000000 0.00000000 0.00000000 1.00000000
192 0.828507 0.039888
0.66228187 0.17206603 -0.72923046 1.21036983
-0.29367933 0.95500922 -0.04137740 -0.16434643
0.68930143 0.24156378 0.68301678 0.14463425
0.00000000 0.00000000 0.00000000 1.00000000
193 2.047366 0.057631
0.88697070 0.35676670 -0.29326215 -0.75162351
-0.32552105 0.93340194 0.15098852 0.22156052
0.32759857 -0.03845959 0.94403410 -0.02655816
0.00000000 0.00000000 0.00000000 1.00000000
194 1.033629 0.017501
0.94464707 0.28123963 -0.16895190 -0.53260314
-0.26361498 0.95720422 0.11944421 0.22320966
0.19531453 -0.06829479 0.97835946 -0.27132225
0.00000000 0.00000000 0.00000000 1.00000000
195 0.000000 0.012956
0.96936274 0.23279503 -0.07836932 -0.26992142
-0.22437666 0.96902931 0.10313776 0.23896804
0.09995207 -0.08239388 0.99157476 -0.28575587
0.00000000 0.00000000 0.00000000 1.00000000
196 0.000000 0.022592
0.92061830 0.33884579 -0.19402283 -0.03055301
-0.33365554 0.94079256 0.05985890 0.41898817
0.20281801 0.00962953 0.97916865 -0.55636048
0.00000000 0.00000000 0.00000000 1.00000000
197 88.271492 3.683686
0.37561738 0.63551003 -0.67456424 1.25429964
-0.58099186 0.72854900 0.36285508 -0.66783714
0.72205168 0.25562143 0.64288288 1.42101347
0.00000000 0.00000000 0.00000000 1.00000000
198 2.226686 0.056770
0.53776759 -0.28669736 0.79284990 -1.82534528
