0 0.676086 0.045340
0.99931216 0.03367339 0.01553179 -0.69765908
-0.03457998 0.99745506 0.06235617 0.19205710
-0.01339253 -0.06285003 0.99793327 -0.18810821
0.00000000 0.00000000 0.00000000 1.00000000
1 0.969952 0.040628
0.97386199 0.22445531 -0.03484559 -0.40202737
-0.22335276 0.97418427 0.03287527 0.32543123
0.04132481 -0.02423167 0.99885249 -0.40200305
0.00000000 0.00000000 0.00000000 1.00000000
2 0.359365 0.020106
0.98570693 0.15095267 0.07480173 -0.16296564
-0.15263903 0.98812973 0.01733077 0.34610069
-0.07129796 -0.02850142 0.99704754 -0.66728878
0.00000000 0.00000000 0.00000000 1.00000000
3 0.907413 0.032333
0.97766793 0.10532692 0.18185772 0.02196014
-0.11124776 0.99353558 0.02264118 0.34693292
-0.17829713 -0.04236549 0.98306477 -0.72475719
0.00000000 0.00000000 0.00000000 1.00000000
4 2.654022 0.034835
0.97841781 0.20083618 0.04861442 0.33182830
-0.19864771 0.97897553 -0.04633996 0.52152550
-0.05689914 0.03568277 0.99774253 -0.94654238
0.00000000 0.00000000 0.00000000 1.00000000
5 2.411515 0.064805
0.87750185 0.36655658 -0.30923808 0.66045737
-0.40614909 0.91090596 -0.07275277 0.59378624
0.25501871 0.18943769 0.94819796 -0.85641360
0.00000000 0.00000000 0.00000000 1.00000000
6 1.442386 0.042447
0.81558037 0.42572623 -0.39190048 0.05297571
-0.38912863 0.90478057 0.17306232 0.16414714
0.42826128 0.01135340 0.90358365 -0.31661844
0.00000000 0.00000000 0.00000000 1.00000000
7 0.289391 0.008788
0.99724066 -0.06016454 0.04346556 0.11284697
0.06100270 0.99797034 -0.01823080 0.05421415
-0.04228044 0.02083063 0.99888790 -0.12289381
0.00000000 0.00000000 0.00000000 1.00000000
8 2.332800 0.078462
0.76814520 -0.10223132 0.63206178 -2.38805437
0.10405895 0.99397939 0.03430569 0.01561975
-0.63176358 0.03942004 0.77415836 0.94100571
0.00000000 0.00000000 0.00000000 1.00000000
9 0.874021 0.096148
0.29312181 -0.31057432 0.90422451 -2.03125978
0.32208177 0.92256188 0.21246421 -0.30305433
-0.90019006 0.22895536 0.37045425 1.55288148
0.00000000 0.00000000 0.00000000 1.00000000
10 2.858691 0.167235
0.19279909 -0.29625937 0.93544579 -2.12926126
0.33451802 0.91606665 0.22117639 -0.01537190
-0.92245603 0.27028102 0.27572072 1.20917213
0.00000000 0.00000000 0.00000000 1.00000000
11 1.948027 0.129494
0.25094223 -0.30222082 0.91961497 -2.25681543
0.30483329 0.92635006 0.22125244 0.28536716
-0.91875321 0.22480738 0.32458723 0.61799753
0.00000000 0.00000000 0.00000000 1.00000000
12 0.863661 0.036383
0.95852035 -0.09737337 0.26787430 0.24315234
0.10953309 0.99350560 -0.03079206 0.23165095
-0.26313612 0.05885541 0.96296102 -0.43259263
0.00000000 0.00000000 0.00000000 1.00000000
13 3.906254 0.169031
-0.23135942 -0.51042706 0.82821238 -2.17263484
0.48164952 0.67956227 0.55336165 -0.24252284
-0.84527266 0.52693421 0.08862358 0.52939939
0.00000000 0.00000000 0.00000000 1.00000000
14 4.136780 0.130134
-0.65092683 -0.38925382 0.65174794 -1.69519877
0.56445301 0.32592264 0.75839770 -1.01097465
-0.50762856 0.86154252 0.00756404 1.14169443
0.00000000 0.00000000 0.00000000 1.00000000
15 0.000000 0.046406
0.34573928 0.51357013 -0.78530842 1.60879850
-0.69372982 0.70344448 0.15461308 0.41668791
0.63182592 0.49133632 0.59948713 0.01846457
0.00000000 0.00000000 0.00000000 1.00000000
16 93.498222 2.563443
0.73417813 -0.25883955 0.62768155 -1.45509315
0.39656585 0.91387504 -0.08699127 0.48630047
-0.55110598 0.31278399 0.77359384 0.01266098
0.00000000 0.00000000 0.00000000 1.00000000
17 2.786145 0.081999
0.71039629 0.31764889 -0.62804139 0.64151442
-0.47528568 0.87466240 -0.09522524 0.44755057
0.51907635 0.36614636 0.77233100 0.12967467
0.00000000 0.00000000 0.00000000 1.00000000
18 0.835094 0.029571
0.93289405 -0.14679512 0.32887620 0.01339394
0.11238682 0.98622012 0.12140563 0.43500221
-0.34216595 -0.07629713 0.93653655 -0.71304297
0.00000000 0.00000000 0.00000000 1.00000000
19 1.800593 0.078044
0.96179068 -0.01195621 0.27352473 0.45105216
-0.10318574 0.90954721 0.40258822 0.09138989
-0.25359666 -0.41542947 0.87356007 -0.21555614
0.00000000 0.00000000 0.00000000 1.00000000
20 1.307460 0.050762
0.98027045 0.10406637 -0.16804610 0.23030503
-0.09137513 0.99246866 0.08158714 0.44393191
0.17527071 -0.06462264 0.98239672 -0.51672721
0.00000000 0.00000000 0.00000000 1.00000000
21 1.350167 0.055170
0.93935221 0.26021522 -0.22339468 0.05150667
-0.22926912 0.96090615 0.15522864 0.20322001
0.25505346 -0.09459615 0.96228862 -0.35953808
0.00000000 0.00000000 0.00000000 1.00000000
22 0.866827 0.043999
0.95323473 0.19231333 -0.23315261 -0.30088481
-0.17130333 0.97934401 0.10743475 0.02763093
0.24899739 -0.06246984 0.96648771 -0.38556910
0.00000000 0.00000000 0.00000000 1.00000000
23 0.592153 0.039012
0.99575025 0.08853167 -0.02536653 -0.81428158
-0.08625604 0.99305964 0.07995239 0.15752998
0.03226884 -0.07742479 0.99647570 -0.06223989
0.00000000 0.00000000 0.00000000 1.00000000
24 0.782347 0.027555
0.95715171 0.28206789 -0.06555653 -0.53607887
-0.27800882 0.95840079 0.06464082 0.30043566
0.08106266 -0.04364637 0.99575293 -0.28145075
0.00000000 0.00000000 0.00000000 1.00000000
25 0.340349 0.013710
0.97546339 0.21616670 0.04174769 -0.27770728
-0.21785790 0.97510260 0.04137558 0.32380465
-0.03176437 -0.04945573 0.99827111 -0.53268707
0.00000000 0.00000000 0.00000000 1.00000000
26 1.160958 0.022319
0.97623205 0.16487837 0.14066365 -0.06078875
-0.17204094 0.98426533 0.04028845 0.33482879
-0.13180767 -0.06353086 0.98923731 -0.57666039
0.00000000 0.00000000 0.00000000 1.00000000
27 2.412488 0.041928
0.96327549 0.26801509 0.01635602 0.21567881
-0.26767713 0.96329439 -0.02028012 0.49364519
-0.02119145 0.01515633 0.99966031 -0.81494176
0.00000000 0.00000000 0.00000000 1.00000000
28 2.671810 0.047220
0.78493893 -0.07210696 0.61536366 -2.40526438
0.03908709 0.99698973 0.06696758 -0.05873638
-0.61833966 -0.02851233 0.78539389 1.12194633
0.00000000 0.00000000 0.00000000 1.00000000
29 1.442929 0.077005
0.33800787 -0.28190458 0.89793146 -1.97818971
0.25599059 0.94565350 0.20052317 -0.31887320
-0.90566015 0.16208509 0.39180282 1.74131072
0.00000000 0.00000000 0.00000000 1.00000000
30 1.677714 0.107313
0.23265061 -0.29982722 0.92519027 -2.05688286
0.28153980 0.93132424 0.23101845 -0.07272773
-0.93091822 0.20673116 0.30108660 1.38414299
0.00000000 0.00000000 0.00000000 1.00000000
31 0.829923 0.059101
0.27782989 -0.28860855 0.91624993 -2.19618034
0.23373760 0.94544584 0.22693057 0.23282208
-0.93175924 0.15111470 0.33013231 0.82683921
0.00000000 0.00000000 0.00000000 1.00000000
32 0.895693 0.017663
0.96928120 -0.04562749 0.24168652 0.13586468
0.05149059 0.99851179 -0.01799291 0.18241847
-0.24050635 0.02988499 0.97018790 -0.27532172
0.00000000 0.00000000 0.00000000 1.00000000
33 2.785864 0.111948
-0.17885143 -0.51207125 0.84011602 -2.04761958
0.46008766 0.71124047 0.53146589 -0.23494762
-0.86967361 0.48158067 0.10839136 0.67352563
0.00000000 0.00000000 0.00000000 1.00000000
34 3.822952 0.114837
-0.61087799 -0.44039968 0.65793216 -1.50706542
0.57371151 0.32644385 0.75119162 -1.01656961
-0.54560256 0.83635008 0.05324548 1.16048086
0.00000000 0.00000000 0.00000000 1.00000000
35 0.785343 0.019816
0.95198816 -0.09255268 0.29180875 -0.05586380
0.05353307 0.98884684 0.13898699 0.38815886
-0.30141735 -0.11669252 0.94632477 -0.54726195
0.00000000 0.00000000 0.00000000 1.00000000
36 2.200515 0.064871
0.98208410 0.02968937 0.18608987 0.38402861
-0.10017437 0.91867578 0.38210034 0.09417862
-0.15961201 -0.39389610 0.90519065 0.27359939
0.00000000 0.00000000 0.00000000 1.00000000
37 0.517377 0.021013
0.96566749 0.04007795 0.25667205 0.33456758
-0.15195189 0.88852251 0.43294388 0.08336788
-0.21070740 -0.45708176 0.86410594 -0.03993392
0.00000000 0.00000000 0.00000000 1.00000000
38 2.033747 0.071902
0.97051102 0.15476410 -0.18481433 0.02603227
-0.13745314 0.98512280 0.10314381 0.42398623
0.19802774 -0.07469958 0.97734582 -0.41962337
0.00000000 0.00000000 0.00000000 1.00000000
39 1.153518 0.040149
0.91399264 0.30100864 -0.27204981 -0.09632805
-0.25752863 0.94853216 0.18429533 0.18285380
0.31352252 -0.09838486 0.94447005 -0.27262092
0.00000000 0.00000000 0.00000000 1.00000000
40 0.125115 0.006887
0.97783345 0.19809714 -0.06781028 0.25337487
-0.19982532 0.97963369 -0.01966119 -0.01615536
0.06253473 0.03277484 0.99750429 -0.18132591
0.00000000 0.00000000 0.00000000 1.00000000
41 0.451975 0.015906
0.98929000 0.13775492 0.04825631 0.52519488
-0.13589096 0.98991668 -0.03999418 0.05588701
-0.05327918 0.03300890 0.99803436 -0.52077937
0.00000000 0.00000000 0.00000000 1.00000000
42 1.583132 0.082071
0.97906989 0.10538471 0.17411603 0.68999302
-0.10013780 0.99422175 -0.03867146 0.07617724
-0.17718585 0.02042648 0.98396569 -0.67175484
0.00000000 0.00000000 0.00000000 1.00000000
43 2.524915 0.048992
0.98056000 0.19458921 0.02523718 0.97895622
-0.19125772 0.97656834 -0.09866709 0.16056776
-0.04384547 0.09192234 0.99480069 -0.81247008
0.00000000 0.00000000 0.00000000 1.00000000
44 1.980705 0.024387
0.88271266 0.33787215 -0.32659093 1.11683512
-0.39670467 0.90833241 -0.13250706 0.13905925
0.25188279 0.24652657 0.93583131 -0.53939974
0.00000000 0.00000000 0.00000000 1.00000000
45 1.597407 0.035659
0.61738521 0.41302031 -0.66951472 1.19635630
-0.53058803 0.84697819 0.03322083 -0.13304737
0.58078551 0.33472651 0.74205530 -0.04555082
0.00000000 0.00000000 0.00000000 1.00000000
46 1.955247 0.033246
0.34639680 0.38574079 -0.85510981 1.02820027
-0.45517015 0.86616522 0.20634198 -0.18230554
0.82026136 0.31774443 0.47561455 0.40242648
0.00000000 0.00000000 0.00000000 1.00000000
47 0.000000 0.047527
0.58534771 0.36755446 -0.72268444 0.92046040
-0.39370584 0.90805447 0.14294705 -0.12641232
0.70877719 0.20085140 0.67623508 0.27380192
0.00000000 0.00000000 0.00000000 1.00000000
48 0.000000 0.023069
0.80911112 0.36431473 -0.46110177 0.55492729
-0.35384381 0.92849052 0.11269522 -0.23442334
0.46918485 0.07197523 0.88016224 0.20107341
0.00000000 0.00000000 0.00000000 1.00000000
49 0.866375 0.084117
0.82793885 0.22054525 -0.51563239 0.18666285
-0.28161246 0.95860106 -0.04216647 -0.15740260
0.48498622 0.18011940 0.85577172 0.80351162
0.00000000 0.00000000 0.00000000 1.00000000
50 0.000000 0.034743
0.95469576 0.06120522 0.29122370 -1.58200598
-0.01788348 0.98865283 -0.14915010 0.03752649
-0.29704818 0.13718510 0.94495738 0.46904182
0.00000000 0.00000000 0.00000000 1.00000000
51 1.386492 0.066244
0.78732318 -0.10751566 0.60709471 -1.65490973
0.15094835 0.98832512 -0.02072942 -0.08322188
-0.59777737 0.10796151 0.79435992 0.60754609
0.00000000 0.00000000 0.00000000 1.00000000
52 3.802615 0.127976
0.34110618 -0.23309270 0.91066670 -1.57420373
0.32118735 0.93936473 0.12013131 -0.15618853
-0.88345057 0.25151694 0.39528969 0.91134584
0.00000000 0.00000000 0.00000000 1.00000000
53 2.351353 0.037515
0.17283870 0.50935495 -0.84302074 1.79984808
-0.62262946 0.71969819 0.30718851 -0.15838626
0.76318961 0.47179496 0.44153070 0.26859140
0.00000000 0.00000000 0.00000000 1.00000000
54 1.543069 0.007929
0.36407086 0.43501040 -0.82354003 1.60255635
-0.64532113 0.75539768 0.11373299 -0.14549896
0.67157531 0.49004138 0.55573964 0.49271905
0.00000000 0.00000000 0.00000000 1.00000000
55 1.102517 0.015540
0.64111620 0.36013982 -0.67769372 1.37327123
-0.59212178 0.79389757 -0.13827038 -0.12706561
0.48822272 0.48992479 0.72222751 0.47845817
0.00000000 0.00000000 0.00000000 1.00000000
56 0.949151 0.029833
0.68257946 0.25336522 -0.68548584 1.03867579
-0.46625054 0.87326241 -0.14150381 -0.09561914
0.56275696 0.41619584 0.71420276 0.66510844
0.00000000 0.00000000 0.00000000 1.00000000
57 1.812293 0.090986
0.95886242 -0.02788703 0.28249756 1.09292579
-0.06951511 0.94179505 0.32892168 -0.02911773
-0.27522779 -0.33502823 0.90111399 -0.18228817
0.00000000 0.00000000 0.00000000 1.00000000
58 1.003272 0.028457
0.99107981 -0.06123242 0.11836961 0.28742015
0.06283575 0.99797601 -0.00985116 0.03895760
-0.11752599 0.01720208 0.99292123 -0.31542635
0.00000000 0.00000000 0.00000000 1.00000000
59 1.302662 0.027284
0.97239769 -0.09765676 0.21191239 0.55332053
0.10417074 0.99436349 -0.01976734 0.09390676
-0.20878682 0.04129711 0.97708905 -0.42001820
0.00000000 0.00000000 0.00000000 1.00000000
60 2.736094 0.038923
0.99553943 -0.00653309 0.09411442 0.74800956
0.01419520 0.99661440 -0.08097938 0.16894326
-0.09326687 0.08195359 0.99226224 -0.60901022
0.00000000 0.00000000 0.00000000 1.00000000
61 3.043754 0.041940
0.95339835 0.15067089 -0.26140040 0.83246994
-0.18686047 0.97509253 -0.11948836 0.16571793
0.23688629 0.16276532 0.95780617 -0.42538059
0.00000000 0.00000000 0.00000000 1.00000000
62 0.000000 0.073266
0.68979621 0.25742996 -0.67669195 0.64112812
-0.21246721 0.96547687 0.15070933 -0.03487324
0.69212693 0.03981644 0.72067714 0.24385393
0.00000000 0.00000000 0.00000000 1.00000000
63 0.571982 0.026155
0.89728296 0.20789096 -0.38944000 0.24192825
-0.17072564 0.97694755 0.12815553 -0.16758364
0.40710586 -0.04850549 0.91209173 0.25673628
0.00000000 0.00000000 0.00000000 1.00000000
64 1.947625 0.136201
0.87843120 0.05403763 -0.47480392 -0.07409382
-0.08066954 0.99609500 -0.03588030 -0.11842200
0.47101080 0.06982079 0.87936014 0.86912560
0.00000000 0.00000000 0.00000000 1.00000000
65 0.924504 0.030921
0.92323154 -0.14644514 0.35524166 -1.76292157
0.20142707 0.97176456 -0.12288636 -0.00989461
-0.32721475 0.18500769 0.92666191 0.73216200
0.00000000 0.00000000 0.00000000 1.00000000
66 1.158934 0.057980
0.70020646 -0.27872723 0.65728390 -1.72747660
0.34820771 0.93704456 0.02641538 -0.15820649
-0.62326694 0.21037480 0.75317967 0.91165364
0.00000000 0.00000000 0.00000000 1.00000000
67 2.762721 0.089991
0.20333555 -0.33532083 0.91989923 -1.48689055
0.51168311 0.83741051 0.19214842 -0.27138904
-0.83476651 0.43162596 0.34185320 1.20464945
0.00000000 0.00000000 0.00000000 1.00000000
68 4.499627 0.177395
0.08948627 -0.32442212 0.94167030 -1.59876907
0.54097062 0.80967700 0.22754082 0.01607468
-0.83626783 0.48905417 0.24795689 0.79868555
0.00000000 0.00000000 0.00000000 1.00000000
69 1.816177 0.036888
0.49656004 0.37493590 -0.78284729 1.35433650
-0.48726645 0.86678761 0.10606435 -0.01206581
0.71833009 0.32878733 0.61310649 0.43758142
0.00000000 0.00000000 0.00000000 1.00000000
70 1.580906 0.033766
0.74462730 0.24637538 -0.62034601 1.04921710
-0.41651407 0.89774597 -0.14341211 -0.03788148
0.52158028 0.36517125 0.77110523 0.47150314
0.00000000 0.00000000 0.00000000 1.00000000
71 1.842282 0.037779
0.76393938 0.11291254 -0.63533235 0.73102325
-0.26224089 0.95392555 -0.14579228 -0.02602065
0.58959836 0.27798593 0.75835133 0.66453183
0.00000000 0.00000000 0.00000000 1.00000000
72 2.459413 0.085486
0.92066616 -0.22747219 0.31721830 0.99401295
0.10624295 0.92800224 0.35710403 0.04033953
-0.37561071 -0.29507205 0.87854928 0.07478261
0.00000000 0.00000000 0.00000000 1.00000000
73 0.566482 0.005063
0.99403685 -0.04000734 0.10144244 0.28598997
0.04080743 0.99915063 -0.00582036 0.02983624
-0.10112356 0.00992569 0.99482483 -0.07484579
0.00000000 0.00000000 0.00000000 1.00000000
74 1.968614 0.025472
0.99808753 0.05620852 -0.02571733 0.46179885
-0.05764732 0.99658334 -0.05913362 0.12176545
0.02230519 0.06050217 0.99791789 -0.29681706
0.00000000 0.00000000 0.00000000 1.00000000
75 2.514350 0.036003
0.90959609 0.22643882 -0.34836715 0.41849765
-0.26659465 0.96116555 -0.07132579 0.17776394
0.31868765 0.15775031 0.93463981 -0.25440383
0.00000000 0.00000000 0.00000000 1.00000000
76 2.366619 0.044470
0.84802151 0.26940823 -0.45637602 -0.21027946
-0.21055612 0.96154070 0.17636994 -0.10454535
0.48633939 -0.05347267 0.87213230 0.34186661
0.00000000 0.00000000 0.00000000 1.00000000
77 4.883349 0.078330
0.76200032 -0.21821025 0.60970360 -1.86074591
0.24673885 0.96832865 0.03818765 -0.35260785
-0.59872746 0.12133903 0.79170847 1.36569941
0.00000000 0.00000000 0.00000000 1.00000000
78 1.658238 0.042019
0.31043056 -0.32695216 0.89259946 -1.32888353
0.46357340 0.87183380 0.15812290 -0.42139563
-0.82989925 0.36469957 0.42220992 1.59542108
0.00000000 0.00000000 0.00000000 1.00000000
79 2.221759 0.086464
0.20415850 -0.30119616 0.93145055 -1.41234171
0.49142593 0.85444736 0.16858365 -0.10675474
-0.84665191 0.42332086 0.32245848 1.17399132
0.00000000 0.00000000 0.00000000 1.00000000
80 2.174929 0.089006
0.26449525 -0.29190433 0.91914839 -1.52884066
0.45202893 0.87943405 0.14921549 0.21596564
-0.85188669 0.37601486 0.36455542 0.63091803
0.00000000 0.00000000 0.00000000 1.00000000
81 4.248145 0.056815
0.39751264 0.45534846 -0.79664415 0.92476934
-0.57955456 0.79768944 0.16675803 0.19968922
0.71140790 0.39541030 0.58099049 0.29091978
0.00000000 0.00000000 0.00000000 1.00000000
82 2.726491 0.049266
0.97600228 -0.16621263 0.14068390 0.81894773
0.10935294 0.93279433 0.34341779 -0.00550997
-0.18830952 -0.31979299 0.92858601 0.82588625
0.00000000 0.00000000 0.00000000 1.00000000
83 1.849068 0.055061
0.96436125 -0.16745353 0.20485640 0.79335773
0.08082169 0.92367238 0.37456211 0.04983470
-0.25194192 -0.34465703 0.90428799 0.45702076
0.00000000 0.00000000 0.00000000 1.00000000
84 2.740526 0.096955
0.98197597 -0.14716575 0.11859630 0.68625838
0.10002822 0.93705332 0.33455306 0.11876059
-0.16036598 -0.31665990 0.93488479 0.03459430
0.00000000 0.00000000 0.00000000 1.00000000
85 1.860463 0.064963
0.96444976 -0.16459709 0.20674898 0.58961570
0.08739322 0.93698108 0.33827445 0.12733746
-0.24939871 -0.30817947 0.91805553 -0.45860362
0.00000000 0.00000000 0.00000000 1.00000000
86 1.562478 0.067302
0.99612534 -0.06349158 -0.06085638 0.82321084
0.07821769 0.95593214 0.28297684 0.22119541
0.04020794 -0.28664038 0.95719433 -0.62597930
0.00000000 0.00000000 0.00000000 1.00000000
87 1.181674 0.017282
0.98725003 0.09860839 -0.12495244 0.16424359
-0.10498238 0.99343348 -0.04547977 0.12693787
0.11964753 0.05801722 0.99111938 -0.25504243
0.00000000 0.00000000 0.00000000 1.00000000
88 2.643380 0.036615
0.86282510 0.24384934 -0.44279814 0.12616563
-0.29173148 0.95556706 -0.04222922 0.25307322
0.41282600 0.16561459 0.89562631 -0.30654097
0.00000000 0.00000000 0.00000000 1.00000000
89 88.721648 1.351617
-0.51581818 -0.26779228 0.81376743 -1.86792541
0.47749904 0.69878745 0.53262502 -1.04648328
-0.71128279 0.66331166 -0.23257677 2.74986362
0.00000000 0.00000000 0.00000000 1.00000000
90 2.717862 0.059416
0.41618609 -0.30404073 0.85694063 -1.36060798
0.43398967 0.89458555 0.10662329 -0.54062080
-0.79902506 0.32752821 0.50426477 1.85766387
0.00000000 0.00000000 0.00000000 1.00000000
91 2.435582 0.086399
0.31140959 -0.29575902 0.90307814 -1.42143345
0.47180456 0.87304860 0.12323081 -0.24898277
-0.82487869 0.38770136 0.41141635 1.42795360
0.00000000 0.00000000 0.00000000 1.00000000
92 2.459891 0.096036
0.37433046 -0.29698724 0.87845033 -1.54926050
0.43905881 0.89117134 0.11419395 0.07745363
-0.81676388 0.34294510 0.46398753 0.87635243
0.00000000 0.00000000 0.00000000 1.00000000
93 5.033727 0.534972
0.19910577 -0.40052232 0.89439327 -2.07990575
0.53802180 0.80749536 0.24183601 0.10298818
-0.81907898 0.43305206 0.37626678 0.73462570
0.00000000 0.00000000 0.00000000 1.00000000
94 2.394410 0.040952
0.99000853 -0.13404030 0.04377958 0.53023702
0.11107331 0.93256444 0.34349507 -0.04148403
-0.08686948 -0.33519930 0.93813390 0.92487836
0.00000000 0.00000000 0.00000000 1.00000000
95 2.018873 0.044440
0.98701441 -0.11603245 0.11107767 0.51499760
0.06648955 0.92461699 0.37504929 0.01949021
-0.14622210 -0.36279395 0.92032588 0.58208370
0.00000000 0.00000000 0.00000000 1.00000000
96 2.458139 0.071392
0.99479669 -0.10052933 0.01652585 0.41314620
0.08888933 0.93572658 0.34134313 0.06665277
-0.04977886 -0.33809766 0.93979383 0.13323736
0.00000000 0.00000000 0.00000000 1.00000000
97 1.854141 0.065356
0.98722845 -0.11013925 0.11510716 0.31068596
0.06585874 0.94004536 0.33462995 0.10663065
-0.14506191 -0.32277533 0.93529308 -0.33566225
0.00000000 0.00000000 0.00000000 1.00000000
98 1.361425 0.056926
0.98544490 -0.03632869 -0.16606735 0.53304136
0.08432276 0.95270646 0.29195893 0.17817925
0.14760695 -0.30171302 0.94190311 -0.58913577
0.00000000 0.00000000 0.00000000 1.00000000
99 2.063743 0.105359
0.94665956 0.01055086 -0.32206479 0.61161476
0.07428467 0.96539950 0.24997392 0.29500413
0.31355795 -0.26056400 0.91311979 -0.76503360
0.00000000 0.00000000 0.00000000 1.00000000
100 0.747034 0.009189
0.92446077 0.18744673 -0.33201888 -0.10264096
-0.20758608 0.97787392 -0.02591935 0.16036791
0.31981385 0.09288400 0.94291717 -0.12205899
0.00000000 0.00000000 0.00000000 1.00000000
101 2.218585 0.050117
0.85387099 0.25767526 -0.45222676 -0.68277240
-0.16727996 0.95861959 0.23036611 -0.08243010
0.49287230 -0.12105373 0.86163992 0.42298341
0.00000000 0.00000000 0.00000000 1.00000000
102 2.973087 0.052700
0.95233113 -0.13823898 0.27195072 -2.30848098
0.15489221 0.98709536 -0.04064503 -0.34292901
-0.26282221 0.08083048 0.96145260 1.49008894
0.00000000 0.00000000 0.00000000 1.00000000
103 2.417190 0.063431
0.73053628 -0.34414342 0.58981609 -1.94683766
0.36184651 0.92758280 0.09304616 -0.57044077
-0.57912338 0.14544952 0.80216026 1.85959876
0.00000000 0.00000000 0.00000000 1.00000000
104 1.434769 0.041448
0.25379610 -0.41781378 0.87236470 -1.12144327
0.52913249 0.81495136 0.23637691 -0.71133852
-0.80969632 0.40160418 0.42790931 2.04793811
0.00000000 0.00000000 0.00000000 1.00000000
105 4.325086 0.107874
0.18416299 -0.35529616 0.91643244 -1.15843725
0.52860701 0.82186311 0.21240476 -0.33917511
-0.82864898 0.44531518 0.33916849 1.58011937
0.00000000 0.00000000 0.00000000 1.00000000
106 3.940493 0.130583
0.24825615 -0.37467968 0.89329976 -1.28652167
0.51927739 0.82995021 0.20379744 -0.01900773
-0.81775355 0.41327631 0.40060246 1.02107692
0.00000000 0.00000000 0.00000000 1.00000000
107 10.058446 0.128889
0.44287986 0.52449685 -0.72715956 0.42454833
-0.60339934 0.77423960 0.19095199 0.46831113
0.66314924 0.35419855 0.65937591 0.12000203
0.00000000 0.00000000 0.00000000 1.00000000
108 4.316111 0.061780
0.66818482 0.35172546 -0.65560472 0.12145486
-0.48226383 0.87575752 -0.02168267 0.14991178
0.56652379 0.33066267 0.75479323 0.44053185
0.00000000 0.00000000 0.00000000 1.00000000
109 2.717286 0.085955
0.70159191 0.19642007 -0.68497258 -0.23514366
-0.31255993 0.94867903 -0.04810385 0.05505106
0.64037043 0.24784456 0.72697914 0.58088815
0.00000000 0.00000000 0.00000000 1.00000000
110 3.796018 0.045990
0.96421051 -0.22414404 0.14162140 0.46256506
0.14869875 0.89939392 0.41106966 -0.08548832
-0.21951228 -0.37529901 0.90053600 1.24105620
0.00000000 0.00000000 0.00000000 1.00000000
111 3.176936 0.056212
0.95012683 -0.22338891 0.21761779 0.44984302
0.11261774 0.89647216 0.42855185 0.00666773
-0.29082188 -0.38266975 0.87691921 0.90521586
0.00000000 0.00000000 0.00000000 1.00000000
112 3.759736 0.082891
0.97203046 -0.19133371 0.13619389 0.30466869
0.12317723 0.90907872 0.39800081 0.04510713
-0.19996175 -0.37009239 0.90721965 0.44791424
0.00000000 0.00000000 0.00000000 1.00000000
113 4.507109 0.064365
0.16025954 0.43057573 -0.88821304 0.46581817
-0.47395316 0.82289261 0.31339547 -0.01007083
0.86584491 0.37074637 0.33594880 -0.05817735
0.00000000 0.00000000 0.00000000 1.00000000
114 1.060541 0.050717
0.90137386 0.21047884 -0.37844825 -0.03096931
-0.18420297 0.97728455 0.10479987 0.00766569
0.39191025 -0.02475297 0.91967005 0.01765990
0.00000000 0.00000000 0.00000000 1.00000000
115 1.881176 0.045287
0.71444887 0.33509290 -0.61422944 -0.15178066
-0.18774861 0.93747920 0.29306152 0.05700385
0.67402929 -0.09405647 0.73269242 0.04134452
0.00000000 0.00000000 0.00000000 1.00000000
116 2.417028 0.058777
0.87574375 0.21590160 -0.43180865 -0.31872970
-0.10386905 0.95774412 0.26821184 -0.02409993
0.47146976 -0.19003345 0.86116421 0.23091424
0.00000000 0.00000000 0.00000000 1.00000000
117 2.222111 0.022277
0.98812878 0.08664676 -0.12686539 -0.64865911
-0.05156854 0.96493477 0.25737494 -0.20537868
0.14471711 -0.24777716 0.95794767 0.57460880
0.00000000 0.00000000 0.00000000 1.00000000
118 2.614342 0.027685
0.98091191 -0.02955520 -0.19219364 -1.06385529
0.05449261 0.99055862 0.12579039 -0.29909927
0.18666159 -0.13386273 0.97326148 1.10051918
0.00000000 0.00000000 0.00000000 1.00000000
119 6.875805 0.173640
0.88844287 0.17561759 -0.42406112 -1.23920608
-0.14280123 0.98381394 0.10825068 -0.04171318
0.43620807 -0.03561801 0.89914066 0.67103267
0.00000000 0.00000000 0.00000000 1.00000000
120 2.690355 0.044417
0.75723636 -0.34599897 0.55396414 -2.13517570
0.35048059 0.93095720 0.10237658 -0.44860682
-0.55114007 0.11663038 0.82622129 1.53050125
0.00000000 0.00000000 0.00000000 1.00000000
121 3.606521 0.092824
0.46677107 -0.48018432 0.74266273 -1.68286300
0.47110605 0.84569800 0.25070816 -0.57086337
-0.74845409 0.23284921 0.62096512 1.72918153
0.00000000 0.00000000 0.00000000 1.00000000
122 3.621474 0.103143
-0.10783278 -0.49120456 0.86434418 -0.92380810
0.55478233 0.69172335 0.46231717 -0.64575744
-0.82497817 0.52937567 0.19792125 1.82661307
0.00000000 0.00000000 0.00000000 1.00000000
123 1.747197 0.041631
0.59209740 0.53124273 -0.60597181 0.72735888
-0.43623871 0.84354120 0.31326449 0.35000768
0.67758191 0.07886544 0.73120666 -0.11801672
0.00000000 0.00000000 0.00000000 1.00000000
124 1.286336 0.045094
0.73494375 0.37872761 -0.56251454 0.44191813
-0.37581706 0.91794789 0.12701562 0.19172725
0.56446385 0.11805317 0.81697249 0.28931725
0.00000000 0.00000000 0.00000000 1.00000000
125 2.734806 0.057637
0.90576375 0.19537151 -0.37606150 0.15206321
-0.24665411 0.96463811 -0.09293079 -0.05115345
0.34460691 0.17693123 0.92192310 0.57100964
0.00000000 0.00000000 0.00000000 1.00000000
126 2.003888 0.041813
0.91427571 0.07405838 -0.39826369 -0.21249440
-0.09953568 0.99407572 -0.04364789 -0.14523929
0.39267194 0.07954720 0.91623104 0.70075345
0.00000000 0.00000000 0.00000000 1.00000000
127 2.975588 0.025289
0.58343869 0.38544136 -0.71486676 0.32472283
-0.33185551 0.91651398 0.22332147 -0.17843187
0.74126351 0.10693726 0.66264081 0.04591715
0.00000000 0.00000000 0.00000000 1.00000000
128 0.624950 0.015188
0.94211316 0.12226611 -0.31220761 -0.08976197
-0.06801373 0.98147285 0.17912534 0.03161144
0.32832399 -0.14752135 0.93297410 0.03866291
0.00000000 0.00000000 0.00000000 1.00000000
129 1.239858 0.026358
0.99734288 -0.02802602 -0.06724284 -0.28733957
0.04016907 0.98160243 0.18666232 -0.03607476
0.06077413 -0.18886772 0.98012018 0.21173859
0.00000000 0.00000000 0.00000000 1.00000000
130 1.835897 0.046369
0.95832169 -0.15009901 0.24308568 -0.59625602
0.10482001 0.97625530 0.18957961 -0.20381594
-0.26576927 -0.15619719 0.95129907 0.53769350
0.00000000 0.00000000 0.00000000 1.00000000
131 1.718739 0.014793
0.94905406 -0.26018202 0.17776829 -1.00142264
0.24268538 0.96334589 0.11432531 -0.30217227
-0.20099723 -0.06535810 0.97740960 1.08057666
0.00000000 0.00000000 0.00000000 1.00000000
132 1.688180 0.039965
0.98945892 -0.12971246 -0.06438615 -1.22584772
0.13394929 0.98875105 0.06654125 -0.16955742
0.05503032 -0.07446516 0.99570370 0.63538837
0.00000000 0.00000000 0.00000000 1.00000000
133 5.837275 0.227349
0.98256385 0.05050278 -0.17892776 -1.44911540
-0.04004356 0.99729788 0.06158911 0.21283180
0.18155487 -0.05335037 0.98193252 0.12621331
0.00000000 0.00000000 0.00000000 1.00000000
134 7.318718 0.264976
0.99913388 0.02559149 0.03282644 -2.09756613
-0.02691856 0.99881178 0.04062451 0.45334056
-0.03174794 -0.04147261 0.99863523 0.13252211
0.00000000 0.00000000 0.00000000 1.00000000
135 2.758325 0.067607
0.85282540 -0.34356219 0.39325976 -2.27072644
0.30153993 0.93884265 0.16627631 -0.12867641
-0.42633528 -0.02322110 0.90426695 0.58319628
0.00000000 0.00000000 0.00000000 1.00000000
136 0.811806 0.040903
0.39957649 -0.45997536 0.79294413 -2.09398603
0.49754876 0.83532345 0.23383656 -0.46966943
-0.76992428 0.30109259 0.56263596 1.44808161
0.00000000 0.00000000 0.00000000 1.00000000
137 4.086866 0.114576
0.05497823 -0.48516393 0.87269306 -1.68287885
0.53363717 0.75299788 0.38500214 -0.54266995
-0.84392470 0.44453439 0.30030036 1.62910235
0.00000000 0.00000000 0.00000000 1.00000000
138 0.000000 0.012749
0.39928445 0.71725512 -0.57106650 0.93832415
-0.65076917 0.66047227 0.37453544 -0.19695561
0.64581072 0.22208673 0.73048389 0.15831280
0.00000000 0.00000000 0.00000000 1.00000000
139 0.000000 0.017167
0.87815917 0.33068657 -0.34566259 0.76413953
-0.31136268 0.94369316 0.11178786 0.30022648
0.36316603 0.00945902 0.93167639 -0.10678244
0.00000000 0.00000000 0.00000000 1.00000000
140 0.000000 0.013409
0.95531279 0.16183734 -0.24735707 0.48098338
-0.17590801 0.98375809 -0.03573161 0.15698135
0.23755671 0.07764736 0.96826541 0.27742195
0.00000000 0.00000000 0.00000000 1.00000000
141 0.000000 0.015295
0.99821734 -0.05779552 -0.01489138 0.20608257
0.05409112 0.98152518 -0.18352608 -0.07961842
0.02522347 0.18239325 0.98290193 0.53848803
0.00000000 0.00000000 0.00000000 1.00000000
142 0.803082 0.010483
0.98529226 -0.16588609 -0.04101241 -0.15675518
0.16180885 0.98287487 -0.08817440 -0.15932602
0.05493693 0.08024141 0.99526042 0.67415607
0.00000000 0.00000000 0.00000000 1.00000000
143 2.338499 0.063246
0.98036718 -0.07661239 -0.18168554 0.78069687
0.10908650 0.97830993 0.17609604 0.30956614
0.16425419 -0.19245836 0.96746063 -0.59003508
0.00000000 0.00000000 0.00000000 1.00000000
144 0.831807 0.028056
0.85964119 0.17199314 -0.48107693 0.81955582
-0.05707514 0.96806562 0.24411070 0.15020494
0.50769979 -0.18239060 0.84200603 -0.27815020
0.00000000 0.00000000 0.00000000 1.00000000
145 0.518133 0.043380
0.63853586 0.35171548 -0.68452030 0.72133368
-0.25839764 0.93580532 0.23978987 -0.06681815
0.72491544 0.02376392 0.68842781 0.05446565
0.00000000 0.00000000 0.00000000 1.00000000
146 0.327456 0.052436
0.52948678 0.41792119 -0.73823100 0.59994155
-0.34782916 0.90066826 0.26040339 -0.26201820
0.77372968 0.11889777 0.62225753 0.20413852
0.00000000 0.00000000 0.00000000 1.00000000
147 0.000000 0.018286
0.66571206 0.32132620 -0.67348123 0.48798579
-0.29580319 0.94223166 0.15715949 -0.30823874
0.68507510 0.09459466 0.72230464 0.26694548
0.00000000 0.00000000 0.00000000 1.00000000
148 0.454565 0.020066
0.85924989 0.18678084 -0.47623858 0.38835570
-0.17313659 0.98220021 0.07283881 -0.22484881
0.48136652 0.01986700 0.87629426 0.07692182
0.00000000 0.00000000 0.00000000 1.00000000
149 1.035143 0.028189
0.95798755 -0.11435524 0.26302630 -0.21018341
0.10596700 0.99330902 0.04590714 -0.06028992
-0.26651573 -0.01610723 0.96369612 0.14179349
0.00000000 0.00000000 0.00000000 1.00000000
150 1.552930 0.053239
0.81091005 -0.16676629 0.56090474 -0.54856932
0.15361539 0.98558116 0.07094520 -0.23365030
-0.56464815 0.02863440 0.82483530 0.44678164
0.00000000 0.00000000 0.00000000 1.00000000
151 1.475650 0.008717
0.80225956 -0.29764771 0.51747942 -0.93862116
0.32400614 0.94515133 0.04132631 -0.30014050
-0.50139755 0.13451153 0.85469657 0.99210632
0.00000000 0.00000000 0.00000000 1.00000000
152 1.625340 0.039860
0.93741202 -0.19928738 0.28555769 -1.12555981
0.22011004 0.97455239 -0.04243469 -0.17712751
-0.26983386 0.10263366 0.95742190 0.57414746
0.00000000 0.00000000 0.00000000 1.00000000
153 2.610745 0.102403
0.98131078 -0.11214527 0.15637311 -1.45444787
0.12515004 0.98922837 -0.07593086 0.13005102
-0.14617290 0.09408242 0.98477530 0.05618787
0.00000000 0.00000000 0.00000000 1.00000000
154 4.091846 0.188853
0.96036720 -0.11144626 0.25548837 -1.83535433
0.13444024 0.98813033 -0.07432321 0.32921514
-0.24417281 0.10572560 0.96395093 -0.08320117
0.00000000 0.00000000 0.00000000 1.00000000
155 1.857516 0.056852
0.63288999 -0.34663317 0.69231242 -2.22217822
0.37163782 0.92044449 0.12111804 -0.13437228
-0.67921758 0.18063563 0.71136129 0.48109210
0.00000000 0.00000000 0.00000000 1.00000000
156 2.381952 0.064898
0.10154974 -0.33999619 0.93492818 -2.12336206
0.50876749 0.82534063 0.24488288 -0.43848905
-0.85489362 0.45079342 0.25679204 1.30728698
0.00000000 0.00000000 0.00000000 1.00000000
157 1.091815 0.067520
0.62380588 0.57458872 -0.52982414 1.03555489
-0.65002382 0.75780988 0.05650952 -0.32217097
0.43397588 0.30914730 0.84622264 0.19781470
0.00000000 0.00000000 0.00000000 1.00000000
158 0.000000 0.018777
0.97441822 0.20063841 -0.10125606 0.87453985
-0.21343325 0.96725976 -0.13731298 0.27049440
0.07039082 0.15541182 0.98533881 -0.14441538
0.00000000 0.00000000 0.00000000 1.00000000
159 0.293420 0.022878
0.99736369 0.05483323 0.04752667 0.58323449
-0.04224366 0.97129065 -0.23411494 0.12301654
-0.05899945 0.23149002 0.97104651 0.22730803
0.00000000 0.00000000 0.00000000 1.00000000
160 0.849037 0.022454
0.94018614 -0.14032204 0.31041849 0.29244205
0.23462704 0.92737472 -0.29141903 -0.08636755
-0.24698210 0.34682056 0.90482879 0.45745039
0.00000000 0.00000000 0.00000000 1.00000000
161 1.350457 0.025424
0.92181224 -0.24357745 0.30154875 -0.05329147
0.30264980 0.93831187 -0.16725218 -0.17096019
-0.24220797 0.24543875 0.93866634 0.60040712
0.00000000 0.00000000 0.00000000 1.00000000
162 1.589054 0.063673
0.97137094 -0.17305087 0.16276759 0.87086141
0.16547106 0.98444033 0.05912875 0.28585035
-0.17046827 -0.03050229 0.98489165 -0.64593458
0.00000000 0.00000000 0.00000000 1.00000000
163 0.412120 0.016270
0.97803897 0.02575004 -0.20682688 0.95349342
-0.01310241 0.99797243 0.06228858 0.11014159
0.20801120 -0.05821064 0.97639287 -0.25987291
0.00000000 0.00000000 0.00000000 1.00000000
164 0.995440 0.048402
0.84953761 0.18393984 -0.49442112 0.83870524
-0.20671105 0.97836286 0.00880000 -0.15815169
0.48534173 0.09472656 0.86917835 0.14608836
0.00000000 0.00000000 0.00000000 1.00000000
165 0.853634 0.032376
0.87943530 0.13766715 -0.45567596 0.58232003
-0.20033991 0.97540063 -0.09196377 -0.35434067
0.43180627 0.17216636 0.88538241 0.26539040
0.00000000 0.00000000 0.00000000 1.00000000
166 1.111003 0.036159
0.98196465 0.02993204 -0.18668003 0.48334944
-0.05571912 0.98935097 -0.13445893 -0.26333570
0.18066758 0.14243534 0.97317588 0.05978560
0.00000000 0.00000000 0.00000000 1.00000000
167 0.660272 0.037875
0.94160682 -0.05678961 0.33189097 -0.41604146
0.05598927 0.99835920 0.01198190 -0.15580386
-0.33202717 0.00729972 0.94324130 0.24471045
0.00000000 0.00000000 0.00000000 1.00000000
168 0.841164 0.018891
0.93742436 -0.19365808 0.28936476 -0.79487360
0.22019431 0.97349471 -0.06182545 -0.18498248
-0.26972222 0.12167346 0.95521998 0.80265403
0.00000000 0.00000000 0.00000000 1.00000000
169 1.125006 0.011162
0.99515069 -0.09341420 0.03079642 -0.95657480
0.09637972 0.98859477 -0.11571783 -0.07644981
-0.01963571 0.11812422 0.99280435 0.43019581
0.00000000 0.00000000 0.00000000 1.00000000
170 2.753921 0.152350
0.99172831 -0.00956350 -0.12799349 -1.18898118
-0.00713641 0.99156803 -0.12938870 0.22348303
0.12815168 0.12923232 0.98329800 -0.04584408
0.00000000 0.00000000 0.00000000 1.00000000
171 3.129878 0.156020
0.99999583 -0.00197242 0.00227782 -1.65699291
0.00223851 0.99234366 -0.12348855 0.40248138
-0.00201732 0.12349269 0.99234354 -0.18669820
0.00000000 0.00000000 0.00000000 1.00000000
172 1.888652 0.024033
0.82654148 -0.24607283 0.50623918 -2.15834451
0.28267798 0.95920360 0.00471891 -0.02919933
-0.48674738 0.13920210 0.86238033 0.27156639
0.00000000 0.00000000 0.00000000 1.00000000
173 1.000147 0.031444
0.36333427 -0.28326368 0.88755268 -2.19715214
0.46622330 0.88007480 0.09002146 -0.30536911
-0.80661249 0.38109016 0.45182544 1.12685788
0.00000000 0.00000000 0.00000000 1.00000000
174 2.501707 0.067065
-0.00426928 -0.31747067 0.94825804 -1.92604363
0.49009097 0.82590997 0.27871639 -0.45656949
-0.87166029 0.46592340 0.15206382 1.40249789
0.00000000 0.00000000 0.00000000 1.00000000
175 0.435213 0.083219
0.39095664 0.60413456 -0.69438756 1.26921129
-0.69077194 0.69116902 0.21241277 -0.44332317
0.60826516 0.39661920 0.68753642 0.26164520
0.00000000 0.00000000 0.00000000 1.00000000
176 0.000000 0.033307
0.88304543 0.28783095 -0.37065437 1.14119875
-0.34175548 0.93569934 -0.08758172 0.26306981
0.32161173 0.20401196 0.92463243 -0.19930947
0.00000000 0.00000000 0.00000000 1.00000000
177 0.455425 0.014060
0.96503085 0.13692442 -0.22353274 0.81415254
-0.18959348 0.95345438 -0.23447400 0.20150387
0.18102342 0.26865426 0.94607341 0.12698817
0.00000000 0.00000000 0.00000000 1.00000000
178 1.289982 0.042206
0.99719232 -0.01923824 0.07236568 0.43957046
0.04410371 0.93190920 -0.35999846 0.04416993
-0.06051274 0.36217901 0.93014205 0.33404803
0.00000000 0.00000000 0.00000000 1.00000000
179 0.596105 0.028593
0.98804820 -0.14111979 0.06201514 0.09766492
0.15245447 0.95405579 -0.25794277 -0.03425753
-0.02276491 0.26431388 0.96416795 0.46693635
0.00000000 0.00000000 0.00000000 1.00000000
180 0.968336 0.075658
0.87200689 0.12468821 -0.47334522 1.25553644
-0.11686756 0.99207938 0.04603723 0.14920846
0.47533706 0.01517381 0.87967288 -0.25943208
0.00000000 0.00000000 0.00000000 1.00000000
181 2.821333 0.074606
0.89307809 0.12587196 -0.43193430 0.71400762
-0.19639868 0.97283059 -0.12258066 -0.22787218
0.40477034 0.19430469 0.89353585 0.01047301
0.00000000 0.00000000 0.00000000 1.00000000
182 0.822344 0.025331
0.99058223 -0.13198258 -0.03643176 -0.42424637
0.12744561 0.98605984 -0.10697865 0.03162652
0.05004342 0.10132897 0.99359381 0.58804965
0.00000000 0.00000000 0.00000000 1.00000000
183 3.653877 0.218317
0.93355805 -0.02744174 -0.35737300 -0.33071995
-0.02668756 0.98897445 -0.14565653 0.15642804
0.35742953 0.14551643 0.92253375 0.39057779
0.00000000 0.00000000 0.00000000 1.00000000
184 2.030665 0.062034
0.96346378 -0.20111354 0.17689401 -1.83175445
0.21722069 0.97309923 -0.07677570 0.21527469
-0.15669508 0.11239508 0.98123169 -0.04655886
0.00000000 0.00000000 0.00000000 1.00000000
185 1.068262 0.028858
0.65522695 -0.25294542 0.71182609 -2.13941979
0.42610285 0.90182436 -0.07176164 0.04378557
-0.62379003 0.35033154 0.69868052 0.75381017
0.00000000 0.00000000 0.00000000 1.00000000
186 1.001710 0.036013
0.31158346 -0.30810276 0.89888179 -2.09970927
0.50727522 0.85382962 0.11682129 -0.17157874
-0.80348486 0.41958129 0.42233205 1.08507907
0.00000000 0.00000000 0.00000000 1.00000000
187 2.187312 0.049946
0.70084709 0.31083727 -0.64202297 1.62787986
-0.38302109 0.92328823 0.02889815 0.26316774
0.60175437 0.22565585 0.76614118 -0.12152958
0.00000000 0.00000000 0.00000000 1.00000000
188 0.000000 0.020649
0.82400376 0.20664468 -0.52755493 1.31129885
-0.32700193 0.93383765 -0.14496809 0.24580756
0.46269420 0.29196507 0.83705986 0.15540063
0.00000000 0.00000000 0.00000000 1.00000000
189 1.898161 0.031680
0.96530414 0.04029527 -0.25800332 0.89766848
-0.13013957 0.93081617 -0.34153458 0.22415280
0.22639114 0.36326131 0.90376383 0.24624968
0.00000000 0.00000000 0.00000000 1.00000000
190 0.747558 0.019308
0.95929492 -0.08042041 -0.27071419 0.54466599
0.00124270 0.95978832 -0.28071982 0.18452126
0.28240418 0.26895565 0.92082000 0.39211464
0.00000000 0.00000000 0.00000000 1.00000000
191 2.814803 0.061202
0.68417823 0.13251005 -0.71717602 1.64072132
-0.11321244 0.99073219 0.07505077 0.24945854
0.72047430 0.02984527 0.69283903 -0.24028111
0.00000000 0.00000000 0.00000000 1.00000000
192 4.308844 0.107910
0.71045911 0.16254222 -0.68471056 1.14575064
-0.27466851 0.95984036 -0.05714265 -0.15492167
0.64792442 0.22866629 0.72657168 0.10490286
0.00000000 0.00000000 0.00000000 1.00000000
193 2.026806 0.058486
0.88696468 0.35635066 -0.29378355 -0.75065988
-0.32508337 0.93356484 0.15092385 0.22154467
0.32804745 -0.03835997 0.94388217 -0.02628851
0.00000000 0.00000000 0.00000000 1.00000000
194 1.010269 0.016398
0.94457901 0.28123716 -0.16934446 -0.53171992
-0.26365560 0.95723754 0.11909105 0.22406857
0.19559503 -0.06784166 0.97833622 -0.27108574
0.00000000 0.00000000 0.00000000 1.00000000
195 0.000000 0.012560
0.96933651 0.23276255 -0.07879746 -0.26902980
-0.22431427 0.96904987 0.10308255 0.23911983
0.10035217 -0.08224616 0.99154752 -0.28585768
0.00000000 0.00000000 0.00000000 1.00000000
196 0.000000 0.023053
0.92077494 0.33822709 -0.19435769 -0.03036399
-0.33301342 0.94101590 0.05992214 0.41849187
0.20316115 0.00954884 0.97909808 -0.55635953
0.00000000 0.00000000 0.00000000 1.00000000
197 30.034429 0.719263
0.61653709 -0.31870472 0.71993792 -1.70994449
0.29861152 0.94074261 0.16072860 -0.22300270
-0.72850192 0.11588699 0.67517108 1.28210187
0.00000000 0.00000000 0.00000000 1.00000000
198 2.181578 0.055799
0.53842658 -0.28693449 0.79231703 -1.82474649
