0 0.678974 0.045310
0.99931198 0.03366488 0.01554200 -0.69769830
-0.03457231 0.99745440 0.06235683 0.19205168
-0.01340339 -0.06285208 0.99793261 -0.18810439
0.00000000 0.00000000 0.00000000 1.00000000
1 1.005999 0.041846
0.97384930 0.22464058 -0.03397799 -0.40483707
-0.22357363 0.97414470 0.03252462 0.32688567
0.04040574 -0.02407703 0.99889356 -0.40164614
0.00000000 0.00000000 0.00000000 1.00000000
2 0.416841 0.020888
0.98576534 0.15082665 0.07428366 -0.16177858
-0.15247685 0.98816037 0.01703736 0.34650069
-0.07083445 -0.02812123 0.99709165 -0.66625690
0.00000000 0.00000000 0.00000000 1.00000000
3 0.910857 0.032388
0.97766453 0.10532748 0.18187401 0.02191694
-0.11125259 0.99353355 0.02266121 0.34687752
-0.17831129 -0.04238909 0.98306084 -0.72476244
0.00000000 0.00000000 0.00000000 1.00000000
4 2.674300 0.035268
0.97848022 0.20062119 0.04824233 0.33266369
-0.19844982 0.97901773 -0.04627758 0.52160180
-0.05651429 0.03570783 0.99776286 -0.94635463
0.00000000 0.00000000 0.00000000 1.00000000
5 2.155949 0.062447
0.87683409 0.36974221 -0.30732805 0.65992504
-0.40930402 0.90941858 -0.07367069 0.59657139
0.25225061 0.19038641 0.94874680 -0.85506189
0.00000000 0.00000000 0.00000000 1.00000000
6 1.424365 0.037028
0.81427240 0.42748871 -0.39269981 0.05805904
-0.39068872 0.90394270 0.17391998 0.16249552
0.42932743 0.01180440 0.90307176 -0.31530118
0.00000000 0.00000000 0.00000000 1.00000000
7 0.279765 0.008796
0.99724162 -0.06016377 0.04345526 0.11286381
0.06100255 0.99797100 -0.01822835 0.05421039
-0.04227025 0.02082872 0.99888897 -0.12289524
0.00000000 0.00000000 0.00000000 1.00000000
8 2.183730 0.074768
0.76828206 -0.10451883 0.63151997 -2.38941669
0.10611374 0.99372441 0.03537089 0.01193517
-0.63125372 0.03983772 0.77455223 0.94169414
0.00000000 0.00000000 0.00000000 1.00000000
9 0.979987 0.097608
0.29418579 -0.30928522 0.90432137 -2.03182435
0.32134259 0.92311549 0.21117680 -0.30060858
-0.90010738 0.22847140 0.37095422 1.55218196
0.00000000 0.00000000 0.00000000 1.00000000
10 3.219905 0.184053
0.19878060 -0.30204713 0.93233764 -2.12053680
0.33731300 0.91428560 0.22428182 -0.01986234
-0.92016625 0.26990682 0.28362647 1.19175410
0.00000000 0.00000000 0.00000000 1.00000000
11 1.857516 0.127347
0.24983516 -0.30200204 0.91998756 -2.25676823
0.30392671 0.92655903 0.22162417 0.28377527
-0.91935331 0.22423896 0.32327345 0.62014997
0.00000000 0.00000000 0.00000000 1.00000000
12 0.902223 0.038297
0.95874900 -0.09768207 0.26694137 0.24525404
0.10974076 0.99348903 -0.03059775 0.23139843
-0.26221427 0.05862969 0.96322644 -0.43257427
0.00000000 0.00000000 0.00000000 1.00000000
13 3.645938 0.057077
-0.30393201 -0.46763521 0.83002579 -2.16988778
0.43253368 0.70853961 0.55757213 -0.26220256
-0.84884638 0.52847803 -0.01308012 0.70646322
0.00000000 0.00000000 0.00000000 1.00000000
14 4.136875 0.130283
-0.65096551 -0.38923347 0.65172112 -1.69512594
0.56450880 0.32577458 0.75841957 -1.01092398
-0.50751650 0.86160743 0.00765809 1.14150858
0.00000000 0.00000000 0.00000000 1.00000000
15 2.142836 0.036353
0.37581265 0.49289924 -0.78473890 1.56271052
-0.65895742 0.73754096 0.14767811 0.44847122
0.65156746 0.46161017 0.60197669 -0.03841233
0.00000000 0.00000000 0.00000000 1.00000000
16 1.365157 0.031301
0.64316028 0.41617537 -0.64276224 1.10193241
-0.59924579 0.79613179 -0.08413826 0.47510463
0.47670692 0.43928701 0.76143152 0.03664076
0.00000000 0.00000000 0.00000000 1.00000000
17 2.969661 0.090822
0.71249431 0.31722951 -0.62587309 0.63435596
-0.47435406 0.87503070 -0.09648758 0.45145053
0.51704925 0.36563253 0.77393353 0.12527156
0.00000000 0.00000000 0.00000000 1.00000000
18 0.840699 0.029775
0.93292826 -0.14688422 0.32873905 0.01368171
0.11244673 0.98619699 0.12153012 0.43469989
-0.34205270 -0.07641378 0.93656850 -0.71317577
0.00000000 0.00000000 0.00000000 1.00000000
19 1.882424 0.081988
0.96202523 -0.01201902 0.27269775 0.45301947
-0.10246527 0.91007203 0.40158612 0.09514457
-0.25300145 -0.41427678 0.87427956 -0.21633720
0.00000000 0.00000000 0.00000000 1.00000000
20 1.294827 0.050486
0.98031700 0.10358956 -0.16807625 0.22980461
-0.09089890 0.99251699 0.08153933 0.44377816
0.17526570 -0.06465581 0.98239630 -0.51678371
0.00000000 0.00000000 0.00000000 1.00000000
21 1.320565 0.053331
0.93961316 0.25969720 -0.22289929 0.04912582
-0.22880268 0.96102494 0.15517724 0.20319425
0.25451043 -0.09480670 0.96241140 -0.35976958
0.00000000 0.00000000 0.00000000 1.00000000
22 0.869532 0.044022
0.95323133 0.19232927 -0.23315305 -0.30086166
-0.17131756 0.97934031 0.10744071 0.02762842
0.24900016 -0.06247213 0.96648657 -0.38556743
0.00000000 0.00000000 0.00000000 1.00000000
23 0.592813 0.039014
0.99575007 0.08853224 -0.02536739 -0.81427854
-0.08625628 0.99305952 0.07995245 0.15752995
0.03226966 -0.07742465 0.99647564 -0.06223989
0.00000000 0.00000000 0.00000000 1.00000000
24 0.790805 0.027531
0.95738173 0.28136498 -0.06522378 -0.53739500
-0.27730614 0.95859379 0.06480312 0.30026668
0.08075657 -0.04395398 0.99576432 -0.28158283
0.00000000 0.00000000 0.00000000 1.00000000
25 0.321425 0.013831
0.97543669 0.21629998 0.04170057 -0.27758157
-0.21798488 0.97507989 0.04128429 0.32398900
-0.03173123 -0.04935902 0.99827725 -0.53268290
0.00000000 0.00000000 0.00000000 1.00000000
26 1.158258 0.022351
0.97623837 0.16492274 0.14056855 -0.06056170
-0.17207393 0.98426157 0.04025228 0.33493441
-0.13171741 -0.06348394 0.98925239 -0.57670665
0.00000000 0.00000000 0.00000000 1.00000000
27 2.535436 0.038761
0.96388215 0.26596415 0.01394928 0.22192708
-0.26560318 0.96379900 -0.02337340 0.50219226
-0.01966083 0.01882410 0.99962956 -0.81326807
0.00000000 0.00000000 0.00000000 1.00000000
28 13.865614 0.798694
0.63283044 -0.09200741 0.76880360 -1.71039581
0.07408761 0.99555439 0.05815909 0.12809971
-0.77073741 0.02015423 0.63683450 0.81624854
0.00000000 0.00000000 0.00000000 1.00000000
29 1.530079 0.078743
0.33817029 -0.28076661 0.89822668 -1.97942841
0.25529352 0.94603693 0.19959643 -0.31690896
-0.90579581 0.16181394 0.39159945 1.74166942
0.00000000 0.00000000 0.00000000 1.00000000
30 1.651616 0.105246
0.23214912 -0.29980171 0.92532521 -2.05853176
0.28200531 0.93120080 0.23095469 -0.07281390
-0.93090308 0.20733114 0.30072308 1.38585901
0.00000000 0.00000000 0.00000000 1.00000000
31 0.828035 0.059170
0.27777845 -0.28860095 0.91626894 -2.19570088
0.23341289 0.94549942 0.22704597 0.23243329
-0.93185693 0.15080038 0.33000243 0.82685661
0.00000000 0.00000000 0.00000000 1.00000000
32 0.899181 0.017701
0.96927965 -0.04573537 0.24167249 0.13596195
0.05159605 0.99850631 -0.01797409 0.18239048
-0.24048972 0.02989127 0.97019160 -0.27523029
0.00000000 0.00000000 0.00000000 1.00000000
33 2.768525 0.111526
-0.17903279 -0.51232135 0.83992463 -2.04776788
0.46028805 0.71090722 0.53173733 -0.23556927
-0.86952925 0.48180616 0.10854001 0.67359632
0.00000000 0.00000000 0.00000000 1.00000000
34 4.040215 0.129425
-0.60646594 -0.43974298 0.66243887 -1.51024592
0.57789463 0.32845125 0.74709940 -0.99731755
-0.54611075 0.83591014 0.05493063 1.15061867
0.00000000 0.00000000 0.00000000 1.00000000
35 0.778838 0.020277
0.95206863 -0.09224606 0.29164469 -0.05532295
0.05332348 0.98889738 0.13871087 0.38883400
-0.30120206 -0.11651061 0.94641566 -0.54731047
0.00000000 0.00000000 0.00000000 1.00000000
36 2.303078 0.069234
0.98250061 0.02967134 0.18388151 0.39015079
-0.09929660 0.91868174 0.38231358 0.09396303
-0.15758458 -0.39388219 0.90555161 0.27372885
0.00000000 0.00000000 0.00000000 1.00000000
37 0.654916 0.024276
0.96601510 0.03856260 0.25559211 0.33550188
-0.14977476 0.88940448 0.43188685 0.08762920
-0.21067056 -0.45549047 0.86495453 -0.04050946
0.00000000 0.00000000 0.00000000 1.00000000
38 2.024681 0.071563
0.97044337 0.15489814 -0.18506040 0.02684799
-0.13760146 0.98511970 0.10298592 0.42437589
0.19825903 -0.07447678 0.97731638 -0.41936707
0.00000000 0.00000000 0.00000000 1.00000000
39 1.183660 0.038615
0.91378474 0.30116713 -0.27257267 -0.09820083
-0.25771865 0.94852954 0.18404928 0.18295498
0.31397268 -0.09793377 0.94436777 -0.27181721
0.00000000 0.00000000 0.00000000 1.00000000
40 0.100871 0.006887
0.97783554 0.19808613 -0.06781960 0.25337681
-0.19981480 0.97963655 -0.01966298 -0.01615882
0.06254372 0.03277898 0.99750423 -0.18132806
0.00000000 0.00000000 0.00000000 1.00000000
41 0.387654 0.014896
0.98921835 0.13840036 0.04788362 0.52652037
-0.13651283 0.98980367 -0.04067579 0.05695868
-0.05302529 0.03370160 0.99802470 -0.52027297
0.00000000 0.00000000 0.00000000 1.00000000
42 1.619550 0.083764
0.97900969 0.10515457 0.17459695 0.68856013
-0.09996697 0.99425524 -0.03827012 0.07530743
-0.17761765 0.02001417 0.98389673 -0.67215848
0.00000000 0.00000000 0.00000000 1.00000000
43 3.006610 0.062759
0.98146939 0.18960559 0.02769210 0.97120094
-0.18637513 0.97817039 -0.09191063 0.14865440
-0.04451426 0.08504713 0.99538219 -0.81782663
0.00000000 0.00000000 0.00000000 1.00000000
44 1.990168 0.024643
0.88280863 0.33786130 -0.32634273 1.11619401
-0.39662340 0.90836924 -0.13249657 0.13908532
0.25167462 0.24640444 0.93591946 -0.53960967
0.00000000 0.00000000 0.00000000 1.00000000
45 1.620999 0.033987
0.61780977 0.41267478 -0.66933632 1.19477904
-0.53021824 0.84722173 0.03294846 -0.13240802
0.58067220 0.33453855 0.74222916 -0.04635119
0.00000000 0.00000000 0.00000000 1.00000000
46 1.972189 0.032675
0.34661531 0.38570273 -0.85503715 1.02781439
-0.45509601 0.86622202 0.20625857 -0.18216455
0.82020938 0.31763205 0.47577882 0.40201342
0.00000000 0.00000000 0.00000000 1.00000000
47 0.000000 0.048517
0.58515239 0.36745563 -0.72289222 0.92126936
-0.39366215 0.90807498 0.14293262 -0.12647863
0.70896208 0.20093773 0.67601550 0.27437770
0.00000000 0.00000000 0.00000000 1.00000000
48 0.000000 0.021511
0.80922002 0.36490321 -0.46044430 0.55292082
-0.35420173 0.92829615 0.11317620 -0.23501986
0.46872631 0.07150617 0.88044500 0.20020580
0.00000000 0.00000000 0.00000000 1.00000000
49 0.880712 0.084025
0.82806134 0.22041151 -0.51549226 0.18656856
-0.28139374 0.95866728 -0.04211503 -0.15757126
0.48490360 0.17992952 0.85585827 0.80335951
0.00000000 0.00000000 0.00000000 1.00000000
50 0.000000 0.036227
0.95496041 0.06085543 0.29042423 -1.58082449
-0.01731599 0.98850447 -0.15019500 0.03911346
-0.29622564 0.13840103 0.94503677 0.46870017
0.00000000 0.00000000 0.00000000 1.00000000
51 1.402211 0.067014
0.78750855 -0.10738556 0.60687643 -1.65442955
0.15086243 0.98833460 -0.02088204 -0.08281979
-0.59755421 0.10799971 0.79452211 0.60701001
0.00000000 0.00000000 0.00000000 1.00000000
52 3.736435 0.129800
0.34211171 -0.24201840 0.90795696 -1.57141459
0.32844526 0.93611073 0.12576652 -0.16330655
-0.88038808 0.25518763 0.39974391 0.90724230
0.00000000 0.00000000 0.00000000 1.00000000
53 2.370255 0.037526
0.17316185 0.50928885 -0.84299475 1.79974413
-0.62253851 0.71985245 0.30701673 -0.15793537
0.76319152 0.47163355 0.44170308 0.26813900
0.00000000 0.00000000 0.00000000 1.00000000
54 1.526750 0.007049
0.36404890 0.43564278 -0.82321495 1.60208142
-0.64569515 0.75503409 0.11401656 -0.14601396
0.67122656 0.49003828 0.55616236 0.49195766
0.00000000 0.00000000 0.00000000 1.00000000
55 1.100029 0.015540
0.64111638 0.36013982 -0.67769474 1.37327206
-0.59212255 0.79389787 -0.13827035 -0.12706551
0.48822278 0.48992598 0.72222686 0.47845852
0.00000000 0.00000000 0.00000000 1.00000000
56 0.928727 0.030413
0.68243879 0.25368774 -0.68550724 1.03920507
-0.46648347 0.87317836 -0.14125550 -0.09609228
0.56273520 0.41617605 0.71423173 0.66510904
0.00000000 0.00000000 0.00000000 1.00000000
57 1.787065 0.089436
0.95897859 -0.02748857 0.28214392 1.09401798
-0.06984243 0.94169617 0.32913589 -0.03018600
-0.27474123 -0.33533928 0.90114689 -0.18194008
0.00000000 0.00000000 0.00000000 1.00000000
58 1.004442 0.028304
0.99108326 -0.06125003 0.11832541 0.28751010
0.06286055 0.99797261 -0.00992361 0.03910962
-0.11747774 0.01727253 0.99292493 -0.31540012
0.00000000 0.00000000 0.00000000 1.00000000
59 1.298750 0.026997
0.97239900 -0.09767240 0.21189886 0.55337381
0.10422030 0.99435490 -0.01992363 0.09435824
-0.20875621 0.04145837 0.97708881 -0.41994214
0.00000000 0.00000000 0.00000000 1.00000000
60 2.469103 0.025891
0.99588466 -0.00501904 0.09050117 0.75696754
0.01293285 0.99611980 -0.08706191 0.18414210
-0.08971190 0.08787552 0.99208450 -0.60398531
0.00000000 0.00000000 0.00000000 1.00000000
61 3.060303 0.041551
0.95359230 0.15035681 -0.26087093 0.83039641
-0.18648505 0.97514558 -0.11964244 0.16627494
0.23639810 0.16273832 0.95793080 -0.42574930
0.00000000 0.00000000 0.00000000 1.00000000
62 0.000000 0.074340
0.68953210 0.25762999 -0.67688370 0.64197743
-0.21265146 0.96541685 0.15082419 -0.03510120
0.69233251 0.03994156 0.72047198 0.24449396
0.00000000 0.00000000 0.00000000 1.00000000
63 0.551784 0.026184
0.89726686 0.20778573 -0.38953498 0.24236855
-0.17065957 0.97697580 0.12803611 -0.16745716
0.40717080 -0.04840481 0.91206861 0.25684428
0.00000000 0.00000000 0.00000000 1.00000000
64 1.988594 0.133872
0.87867600 0.05264087 -0.47450724 -0.07622254
-0.07944094 0.99616784 -0.03659287 -0.11713219
0.47076243 0.06984872 0.87949073 0.86861062
0.00000000 0.00000000 0.00000000 1.00000000
65 0.912145 0.030529
0.92320961 -0.14619766 0.35539895 -1.76338410
0.20122978 0.97179353 -0.12296936 -0.00975114
-0.32739675 0.18504202 0.92658895 0.73244333
0.00000000 0.00000000 0.00000000 1.00000000
66 1.275949 0.067702
0.70198733 -0.28092360 0.65444362 -1.72036946
0.35004798 0.93635821 0.02645808 -0.15666753
-0.62022543 0.21051359 0.75564802 0.90491426
0.00000000 0.00000000 0.00000000 1.00000000
67 2.775022 0.090657
0.20434442 -0.33390605 0.92019057 -1.48683023
0.51072794 0.83830810 0.19077787 -0.27006340
-0.83510500 0.43098271 0.34183860 1.20431352
0.00000000 0.00000000 0.00000000 1.00000000
68 4.483230 0.177295
0.08980462 -0.32412219 0.94174361 -1.59870708
0.54030907 0.81018150 0.22731906 0.01597697
-0.83666229 0.48841694 0.24788330 0.79885697
0.00000000 0.00000000 0.00000000 1.00000000
69 1.874715 0.036417
0.49692738 0.37414420 -0.78299439 1.35423303
-0.48627564 0.86737192 0.10584852 -0.01149821
0.71874946 0.32815218 0.61295772 0.43753171
0.00000000 0.00000000 0.00000000 1.00000000
70 1.599121 0.033948
0.74480033 0.24630481 -0.62016624 1.04890823
-0.41633254 0.89782923 -0.14342086 -0.03766719
0.52147818 0.36501557 0.77124822 0.47100019
0.00000000 0.00000000 0.00000000 1.00000000
71 1.823060 0.038242
0.76425773 0.11391732 -0.63476914 0.73194045
-0.26275006 0.95388108 -0.14516342 -0.02714193
0.58895844 0.27772769 0.75894314 0.66404712
0.00000000 0.00000000 0.00000000 1.00000000
72 2.479071 0.085846
0.92089367 -0.22744906 0.31658089 0.99590188
0.10640222 0.92795444 0.35718364 0.04007143
-0.37501365 -0.29524261 0.87874728 0.07486844
0.00000000 0.00000000 0.00000000 1.00000000
73 0.568551 0.005064
0.99403661 -0.03999928 0.10144810 0.28598189
0.04079855 0.99915063 -0.00581279 0.02982083
-0.10112949 0.00991717 0.99482387 -0.07485032
0.00000000 0.00000000 0.00000000 1.00000000
74 1.957448 0.025283
0.99808347 0.05630681 -0.02566140 0.46168154
-0.05774516 0.99657089 -0.05926144 0.12191153
0.02223677 0.06062979 0.99791265 -0.29685521
0.00000000 0.00000000 0.00000000 1.00000000
75 2.536671 0.036908
0.90978003 0.22638381 -0.34792224 0.41739774
-0.26645255 0.96120566 -0.07131526 0.17775562
0.31827980 0.15758529 0.93480694 -0.25478089
0.00000000 0.00000000 0.00000000 1.00000000
76 1.885333 0.032696
0.84578001 0.25785923 -0.46708190 -0.19854391
-0.19639069 0.96445096 0.17682016 -0.10836279
0.49607232 -0.05782032 0.86635405 0.34773195
0.00000000 0.00000000 0.00000000 1.00000000
77 4.941416 0.079008
0.76178044 -0.21773857 0.61014915 -1.86129832
0.24596514 0.96851325 0.03853616 -0.35290644
-0.59932745 0.12071931 0.79134935 1.36617708
0.00000000 0.00000000 0.00000000 1.00000000
78 1.570224 0.042177
0.31018537 -0.32811663 0.89225793 -1.32791281
0.46551988 0.87075150 0.15837365 -0.42078570
-0.82890052 0.36623853 0.42283919 1.59467971
0.00000000 0.00000000 0.00000000 1.00000000
79 2.228092 0.086664
0.20423487 -0.30135399 0.93138295 -1.41225314
0.49158883 0.85434401 0.16863129 -0.10678199
-0.84653890 0.42341664 0.32262933 1.17374194
0.00000000 0.00000000 0.00000000 1.00000000
80 2.172047 0.088893
0.26444110 -0.29187000 0.91917533 -1.52886271
0.45195088 0.87947077 0.14923847 0.21586752
-0.85194635 0.37595734 0.36447895 0.63098741
0.00000000 0.00000000 0.00000000 1.00000000
81 4.126447 0.055327
0.39851329 0.45361912 -0.79713047 0.92516315
-0.57664371 0.79977834 0.16684204 0.19867948
0.71321058 0.39317146 0.58029890 0.29203582
0.00000000 0.00000000 0.00000000 1.00000000
82 2.728644 0.049482
0.97607595 -0.16573796 0.14073843 0.81899548
0.10894917 0.93296540 0.34308353 -0.00501731
-0.18816602 -0.31954178 0.92870176 0.82595205
0.00000000 0.00000000 0.00000000 1.00000000
83 1.853719 0.055349
0.96436203 -0.16746965 0.20484065 0.79339010
0.08087127 0.92370969 0.37445885 0.05013320
-0.25192389 -0.34454820 0.90433443 0.45697665
0.00000000 0.00000000 0.00000000 1.00000000
84 2.738954 0.096902
0.98197657 -0.14716335 0.11859715 0.68625838
0.10002162 0.93704545 0.33457682 0.11870706
-0.16036844 -0.31668431 0.93487608 0.03459978
0.00000000 0.00000000 0.00000000 1.00000000
85 1.690728 0.063144
0.96425879 -0.16024745 0.21101074 0.58380365
0.08229766 0.93813026 0.33636516 0.12661383
-0.25185689 -0.30697611 0.91778761 -0.45937479
0.00000000 0.00000000 0.00000000 1.00000000
86 1.613012 0.072468
0.99589354 -0.06491997 -0.06310061 0.82739770
0.08019804 0.95600975 0.28215465 0.22564523
0.04200739 -0.28605768 0.95729125 -0.62503684
0.00000000 0.00000000 0.00000000 1.00000000
87 1.188280 0.017335
0.98725843 0.09850039 -0.12496703 0.16424601
-0.10487314 0.99344605 -0.04546273 0.12687911
0.11967020 0.05798864 0.99111855 -0.25502574
0.00000000 0.00000000 0.00000000 1.00000000
88 2.649002 0.037468
0.86295122 0.24395424 -0.44249517 0.12532067
-0.29176623 0.95555866 -0.04218760 0.25300774
0.41253847 0.16551112 0.89577836 -0.30676103
0.00000000 0.00000000 0.00000000 1.00000000
89 3.261828 0.063721
0.81275088 -0.26516858 0.51876950 -2.03048444
0.29628599 0.95480162 0.02385747 -0.45761597
-0.50164783 0.13431343 0.85458183 1.58375216
0.00000000 0.00000000 0.00000000 1.00000000
90 2.716421 0.059096
0.41601661 -0.30408856 0.85700661 -1.36096990
0.43385816 0.89462537 0.10682893 -0.54110563
-0.79918510 0.32737660 0.50411034 1.85791171
0.00000000 0.00000000 0.00000000 1.00000000
91 2.443925 0.086926
0.31145489 -0.29542282 0.90317249 -1.42044413
0.47137278 0.87330025 0.12310082 -0.24877290
-0.82510751 0.38739058 0.41124821 1.42784595
0.00000000 0.00000000 0.00000000 1.00000000
92 2.453198 0.095909
0.37423134 -0.29698932 0.87849230 -1.54931462
0.43907917 0.89115787 0.11422729 0.07739392
-0.81679982 0.34298027 0.46390107 0.87648308
0.00000000 0.00000000 0.00000000 1.00000000
93 4.471594 0.531170
0.20589498 -0.38579831 0.89931422 -2.07375574
0.52740884 0.81785780 0.23010467 0.12496658
-0.82428473 0.42692903 0.37186617 0.73989463
0.00000000 0.00000000 0.00000000 1.00000000
94 2.398330 0.041095
0.99006569 -0.13358292 0.04388085 0.53015840
0.11062331 0.93267697 0.34333068 -0.04113069
-0.08679023 -0.33506554 0.93818879 0.92480969
0.00000000 0.00000000 0.00000000 1.00000000
95 2.027579 0.045520
0.98698884 -0.11633176 0.11099783 0.51522028
0.06687637 0.92478597 0.37456459 0.02058607
-0.14622305 -0.36226803 0.92053276 0.58192635
0.00000000 0.00000000 0.00000000 1.00000000
96 2.457662 0.071404
0.99478859 -0.10061200 0.01648365 0.41319162
0.08898099 0.93571496 0.34135163 0.06666541
-0.04976811 -0.33810622 0.93979132 0.13324881
0.00000000 0.00000000 0.00000000 1.00000000
97 1.779163 0.063096
0.98721856 -0.11180307 0.11357744 0.31306925
0.06773359 0.93942297 0.33600342 0.10416919
-0.14426334 -0.32401520 0.93498796 -0.33573663
0.00000000 0.00000000 0.00000000 1.00000000
98 1.187621 0.046350
0.98559976 -0.03589464 -0.16524094 0.53132039
0.08428332 0.95145011 0.29603755 0.16751772
0.14659242 -0.30570176 0.94077474 -0.58866131
0.00000000 0.00000000 0.00000000 1.00000000
99 2.158670 0.112984
0.94677502 0.00388138 -0.32187343 0.60819000
0.08022646 0.96552891 0.24762487 0.30248755
0.31173903 -0.26026753 0.91382706 -0.76570463
0.00000000 0.00000000 0.00000000 1.00000000
100 0.795739 0.010837
0.92482018 0.18756622 -0.33094934 -0.10537001
-0.20754525 0.97788638 -0.02575509 0.16033679
0.31880060 0.09250599 0.94329703 -0.12240541
0.00000000 0.00000000 0.00000000 1.00000000
101 3.268663 0.068746
0.84760892 0.27574462 -0.45334709 -0.66455948
-0.18557256 0.95446384 0.23358440 -0.07836491
0.49711275 -0.11385958 0.86018312 0.42770755
0.00000000 0.00000000 0.00000000 1.00000000
102 3.094526 0.067311
0.94759196 -0.14408576 0.28514424 -2.34959698
0.16326228 0.98557734 -0.04453452 -0.35104686
-0.27461484 0.08875368 0.95744950 1.51548910
0.00000000 0.00000000 0.00000000 1.00000000
103 3.735492 0.068205
0.72502607 -0.33678412 0.60075861 -1.95144010
0.34671041 0.93217200 0.10414520 -0.57309192
-0.59508580 0.13278094 0.79261601 1.86455858
0.00000000 0.00000000 0.00000000 1.00000000
104 1.414992 0.041413
0.25343043 -0.41795218 0.87240446 -1.12155032
0.52930063 0.81478107 0.23658574 -0.71166992
-0.80969989 0.40180570 0.42771247 2.04822969
0.00000000 0.00000000 0.00000000 1.00000000
105 4.508586 0.109481
0.18540213 -0.35251421 0.91725713 -1.16060543
0.52574843 0.82418907 0.21047920 -0.33626431
-0.83018965 0.44322285 0.33814019 1.58174562
0.00000000 0.00000000 0.00000000 1.00000000
106 4.011125 0.132241
0.24914938 -0.37380901 0.89341509 -1.28665781
0.51886189 0.83046097 0.20277177 -0.01707821
-0.81774402 0.41303879 0.40086514 1.02081096
0.00000000 0.00000000 0.00000000 1.00000000
107 9.714421 0.125366
0.44546562 0.51976448 -0.72897559 0.42562678
-0.59769815 0.77886051 0.19008893 0.46495980
0.66657174 0.35102916 0.65761751 0.11920488
0.00000000 0.00000000 0.00000000 1.00000000
108 4.066883 0.064247
0.67104924 0.34620711 -0.65561759 0.12370360
-0.47762403 0.87820548 -0.02511888 0.15084380
0.56707090 0.32999441 0.75467551 0.44224012
0.00000000 0.00000000 0.00000000 1.00000000
109 2.153769 0.083885
0.69636214 0.19132809 -0.69171983 -0.22668207
-0.30582431 0.95103246 -0.04482254 0.04633269
0.64927286 0.24275711 0.72077370 0.58182847
0.00000000 0.00000000 0.00000000 1.00000000
110 3.855595 0.046580
0.96451366 -0.22276294 0.14173715 0.46235719
0.14762095 0.90005010 0.41002154 -0.08305889
-0.21890819 -0.37454814 0.90099543 1.24114919
0.00000000 0.00000000 0.00000000 1.00000000
111 3.215402 0.056032
0.95043486 -0.22254027 0.21714149 0.45061821
0.11200645 0.89653844 0.42857301 0.00657767
-0.29005042 -0.38300830 0.87702668 0.90520465
0.00000000 0.00000000 0.00000000 1.00000000
112 3.647656 0.081701
0.97160453 -0.19467828 0.13448150 0.30646461
0.12687427 0.90840387 0.39837939 0.04429024
-0.19971932 -0.37000430 0.90730900 0.44788921
0.00000000 0.00000000 0.00000000 1.00000000
113 5.094238 0.057069
0.21299511 0.42852992 -0.87806255 0.43841958
-0.47243661 0.83181274 0.29135746 0.00642480
0.85523897 0.35277143 0.37962574 -0.08926237
0.00000000 0.00000000 0.00000000 1.00000000
114 1.040423 0.051340
0.90088773 0.21071321 -0.37947604 -0.03001860
-0.18429977 0.97723544 0.10510111 0.00756350
0.39298272 -0.02474633 0.91921324 0.01728332
0.00000000 0.00000000 0.00000000 1.00000000
115 1.858780 0.043177
0.71550465 0.33363929 -0.61378884 -0.15443408
-0.18573478 0.93781793 0.29325700 0.05612335
0.67346466 -0.09582472 0.73298210 0.04048944
0.00000000 0.00000000 0.00000000 1.00000000
116 2.523364 0.058560
0.87503898 0.21464518 -0.43385977 -0.31951854
-0.10340655 0.95850807 0.26564801 -0.02100899
0.47287828 -0.18758838 0.86092782 0.22711277
0.00000000 0.00000000 0.00000000 1.00000000
117 2.281218 0.022283
0.98811734 0.08775073 -0.12618312 -0.64939141
-0.05278361 0.96480542 0.25761011 -0.20501378
0.14434820 -0.24788943 0.95797384 0.57459402
0.00000000 0.00000000 0.00000000 1.00000000
118 3.043754 0.049613
0.98036063 -0.02051678 -0.19614056 -1.04239094
0.04566465 0.99116027 0.12456059 -0.29381058
0.19185144 -0.13107172 0.97263205 1.10612202
0.00000000 0.00000000 0.00000000 1.00000000
119 120.177787 1.645345
-0.28804669 -0.89035022 0.35256901 0.30462599
0.85071200 -0.40695906 -0.33267629 -0.26528794
0.43967956 0.20410877 0.87465489 0.86435366
0.00000000 0.00000000 0.00000000 1.00000000
120 2.844963 0.046960
0.75870848 -0.34314972 0.55372059 -2.13557816
0.34819630 0.93201905 0.10048577 -0.44555590
-0.55056226 0.11656433 0.82661533 1.53006697
0.00000000 0.00000000 0.00000000 1.00000000
121 2.826185 0.073014
0.45554048 -0.48792452 0.74458933 -1.69118381
0.47761562 0.83979940 0.25810993 -0.58507633
-0.75124347 0.23804794 0.61560249 1.74287677
0.00000000 0.00000000 0.00000000 1.00000000
122 93.127881 0.956025
0.99329025 -0.06429012 0.09612992 -0.20260605
0.05640642 0.99498546 0.08259526 -0.42742389
-0.10095801 -0.07661864 0.99193579 1.34235954
0.00000000 0.00000000 0.00000000 1.00000000
123 1.686556 0.046635
0.59056562 0.52931744 -0.60914272 0.73121029
-0.43410715 0.84468961 0.31312916 0.35194317
0.68028170 0.07950968 0.72862524 -0.11511493
0.00000000 0.00000000 0.00000000 1.00000000
124 1.277482 0.045087
0.73495662 0.37873048 -0.56249690 0.44190884
-0.37575716 0.91796070 0.12710309 0.19159946
0.56448758 0.11794740 0.81697136 0.28933418
0.00000000 0.00000000 0.00000000 1.00000000
125 2.674739 0.054703
0.90709615 0.19386773 -0.37361866 0.14893702
-0.24450265 0.96519804 -0.09278485 -0.05131501
0.34262848 0.17551422 0.92292964 0.56959307
0.00000000 0.00000000 0.00000000 1.00000000
126 1.949031 0.040971
0.91440171 0.07280744 -0.39820769 -0.21369663
-0.09823768 0.99419820 -0.04380527 -0.14510602
0.39270809 0.07917523 0.91624892 0.70025027
0.00000000 0.00000000 0.00000000 1.00000000
127 2.948093 0.025059
0.58307725 0.38544431 -0.71515989 0.32523286
-0.33177409 0.91650832 0.22346535 -0.17870227
0.74158365 0.10697311 0.66227591 0.04652596
0.00000000 0.00000000 0.00000000 1.00000000
128 0.619288 0.015195
0.94211149 0.12225755 -0.31221896 -0.08975187
-0.06799974 0.98147315 0.17913511 0.03159348
0.32833457 -0.14753321 0.93296897 0.03865290
0.00000000 0.00000000 0.00000000 1.00000000
129 1.237646 0.026228
0.99734968 -0.02806927 -0.06711460 -0.28765491
0.04018625 0.98160362 0.18664655 -0.03604884
0.06064117 -0.18885043 0.98013151 0.21174598
0.00000000 0.00000000 0.00000000 1.00000000
130 1.837176 0.046368
0.95832098 -0.15009934 0.24308574 -0.59625673
0.10482018 0.97625500 0.18957928 -0.20381537
-0.26576841 -0.15619728 0.95129883 0.53769422
0.00000000 0.00000000 0.00000000 1.00000000
131 1.714178 0.014200
0.94905043 -0.26014450 0.17784257 -1.00222325
0.24262471 0.96335018 0.11441052 -0.30224296
-0.20108782 -0.06543261 0.97738516 1.08054709
0.00000000 0.00000000 0.00000000 1.00000000
132 4.166686 0.102067
0.98395801 -0.14162627 -0.10848065 -1.17113054
0.15099591 0.98498899 0.08364189 -0.20439735
0.09500614 -0.09868076 0.99057341 0.59918547
0.00000000 0.00000000 0.00000000 1.00000000
133 5.507799 0.144285
0.99032408 0.04619616 -0.13086189 -1.60913801
-0.03964245 0.99784672 0.05225407 0.24163088
0.13299397 -0.04656079 0.99002260 0.15275574
0.00000000 0.00000000 0.00000000 1.00000000
134 7.062526 0.260167
0.99921542 0.01666230 0.03587551 -2.10241938
-0.01806101 0.99907315 0.03905123 0.44382447
-0.03519100 -0.03966835 0.99859297 0.13982272
0.00000000 0.00000000 0.00000000 1.00000000
135 2.758609 0.067607
0.85282475 -0.34356213 0.39325976 -2.27072620
0.30153987 0.93884271 0.16627638 -0.12867647
-0.42633504 -0.02322106 0.90426701 0.58319604
0.00000000 0.00000000 0.00000000 1.00000000
136 0.809876 0.040895
0.39960998 -0.45996648 0.79293388 -2.09396911
0.49755180 0.83532917 0.23381102 -0.46961820
-0.76990527 0.30109265 0.56266266 1.44802964
0.00000000 0.00000000 0.00000000 1.00000000
137 3.779164 0.108993
0.04974087 -0.48814231 0.87134498 -1.68156099
0.53477669 0.74984407 0.38954729 -0.54836094
-0.84352797 0.44659847 0.29834509 1.63215816
0.00000000 0.00000000 0.00000000 1.00000000
138 0.000000 0.012655
0.39924404 0.71727622 -0.57106823 0.93836063
-0.65075469 0.66045451 0.37459216 -0.19687933
0.64585006 0.22207239 0.73045355 0.15815699
0.00000000 0.00000000 0.00000000 1.00000000
139 0.000000 0.016608
0.87821162 0.33039594 -0.34580621 0.76400614
-0.31108800 0.94379449 0.11169490 0.30071324
0.36327386 0.00948375 0.93163419 -0.10709536
0.00000000 0.00000000 0.00000000 1.00000000
140 0.000000 0.013185
0.95531714 0.16174611 -0.24740028 0.48070407
-0.17583427 0.98376799 -0.03580061 0.15728915
0.23759410 0.07770219 0.96825153 0.27724302
0.00000000 0.00000000 0.00000000 1.00000000
141 0.000000 0.017185
0.99815977 -0.05842702 -0.01626839 0.20786490
0.05446357 0.98152065 -0.18344322 -0.08020914
0.02668525 0.18221962 0.98289585 0.53775346
0.00000000 0.00000000 0.00000000 1.00000000
142 0.806000 0.010479
0.98529154 -0.16588770 -0.04101348 -0.15674816
0.16181049 0.98287439 -0.08817196 -0.15933239
0.05493753 0.08023807 0.99526012 0.67415857
0.00000000 0.00000000 0.00000000 1.00000000
143 2.341677 0.062931
0.98030651 -0.07679944 -0.18194240 0.78077650
0.10936788 0.97823220 0.17635566 0.30913150
0.16443640 -0.19278087 0.96736622 -0.59026456
0.00000000 0.00000000 0.00000000 1.00000000
144 0.930411 0.030111
0.86107498 0.17127997 -0.47876215 0.81586820
-0.05658757 0.96798885 0.24452740 0.14898983
0.50531977 -0.18346485 0.84320378 -0.27609491
0.00000000 0.00000000 0.00000000 1.00000000
145 0.530080 0.044374
0.63592380 0.35276210 -0.68641084 0.72625953
-0.25989759 0.93535632 0.23991963 -0.06473802
0.72667396 0.02582642 0.68649685 0.05276358
0.00000000 0.00000000 0.00000000 1.00000000
146 0.699975 0.039893
0.51577073 0.42112648 -0.74607795 0.61950344
-0.35159475 0.89817917 0.26392037 -0.26164711
0.78125608 0.12619442 0.61132079 0.20835340
0.00000000 0.00000000 0.00000000 1.00000000
147 0.000000 0.018765
0.66610277 0.32110006 -0.67320317 0.48724255
-0.29600269 0.94226986 0.15655741 -0.30765945
0.68460965 0.09498665 0.72269452 0.26722300
0.00000000 0.00000000 0.00000000 1.00000000
148 0.659679 0.021058
0.85958773 0.18556069 -0.47610477 0.38864219
-0.17065093 0.98248637 0.07481903 -0.22587827
0.48165059 0.01693422 0.87619948 0.07364547
0.00000000 0.00000000 0.00000000 1.00000000
149 1.037786 0.028188
0.95798951 -0.11432066 0.26303127 -0.21017981
0.10593738 0.99331224 0.04588690 -0.06025288
-0.26651812 -0.01609558 0.96369493 0.14180541
0.00000000 0.00000000 0.00000000 1.00000000
150 1.509217 0.053058
0.81065106 -0.16547182 0.56166154 -0.54896879
0.15241399 0.98580289 0.07044888 -0.23345989
-0.56534469 0.02849576 0.82436240 0.44735193
0.00000000 0.00000000 0.00000000 1.00000000
151 1.465803 0.008602
0.80213225 -0.29772782 0.51763088 -0.93852395
0.32405970 0.94512856 0.04144391 -0.30032268
-0.50156683 0.13450000 0.85459971 0.99223757
0.00000000 0.00000000 0.00000000 1.00000000
152 1.795369 0.044835
0.93845856 -0.19751787 0.28334057 -1.12071455
0.21835904 0.97489351 -0.04362783 -0.17522851
-0.26760963 0.10281354 0.95802659 0.57346559
0.00000000 0.00000000 0.00000000 1.00000000
153 2.597215 0.101570
0.98125798 -0.11223139 0.15663968 -1.45521450
0.12524810 0.98922217 -0.07583851 0.12972021
-0.14644010 0.09403530 0.98473942 0.05634713
0.00000000 0.00000000 0.00000000 1.00000000
154 4.090506 0.188844
0.96035975 -0.11148915 0.25549769 -1.83542085
0.13449040 0.98812217 -0.07434225 0.32927370
-0.24417454 0.10575712 0.96394712 -0.08319426
0.00000000 0.00000000 0.00000000 1.00000000
155 1.795587 0.053978
0.63184202 -0.34699181 0.69308931 -2.22095013
0.37173283 0.92030662 0.12186402 -0.13619630
-0.68014026 0.18064512 0.71047628 0.48334718
0.00000000 0.00000000 0.00000000 1.00000000
156 2.360657 0.065021
0.10082022 -0.34047350 0.93483293 -2.12472320
0.50928903 0.82483971 0.24548668 -0.44016466
-0.85466927 0.45135027 0.25656021 1.30847585
0.00000000 0.00000000 0.00000000 1.00000000
157 1.096465 0.067554
0.62373900 0.57456011 -0.52993363 1.03574181
-0.65004563 0.75779307 0.05649534 -0.32199511
0.43403995 0.30924341 0.84615541 0.19792867
0.00000000 0.00000000 0.00000000 1.00000000
158 0.000000 0.016846
0.97488654 0.19841355 -0.10113770 0.87251490
-0.21116562 0.96783817 -0.13674444 0.27125183
0.07075220 0.15466750 0.98543024 -0.14675021
0.00000000 0.00000000 0.00000000 1.00000000
159 0.293420 0.022886
0.99738371 0.05471945 0.04725086 0.58346575
-0.04219818 0.97129571 -0.23410606 0.12315792
-0.05870514 0.23150013 0.97106218 0.22712469
0.00000000 0.00000000 0.00000000 1.00000000
160 0.804056 0.021907
0.94008487 -0.14009376 0.31082901 0.29192615
0.23459548 0.92733908 -0.29155970 -0.08616394
-0.24739799 0.34700984 0.90464276 0.45773005
0.00000000 0.00000000 0.00000000 1.00000000
161 1.344939 0.025163
0.92186987 -0.24335243 0.30155525 -0.05352999
0.30244356 0.93836409 -0.16733375 -0.17065299
-0.24224745 0.24546337 0.93865013 0.60026240
0.00000000 0.00000000 0.00000000 1.00000000
162 2.249598 0.072480
0.97053611 -0.18265274 0.15716073 0.87418318
0.17593014 0.98282105 0.05579031 0.29859126
-0.16465271 -0.02649658 0.98599648 -0.64673889
0.00000000 0.00000000 0.00000000 1.00000000
163 0.414959 0.013762
0.97818136 0.02467066 -0.20628269 0.95101941
-0.01197141 0.99796820 0.06258643 0.10979481
0.20740758 -0.05875099 0.97648895 -0.26243997
0.00000000 0.00000000 0.00000000 1.00000000
164 1.017218 0.049061
0.84931213 0.18422824 -0.49470055 0.83958703
-0.20693582 0.97831297 0.00905481 -0.15890074
0.48563993 0.09468108 0.86901629 0.14655590
0.00000000 0.00000000 0.00000000 1.00000000
165 0.857293 0.032413
0.87948018 0.13765098 -0.45559466 0.58220071
-0.20032334 0.97540045 -0.09200189 -0.35433000
0.43172318 0.17218012 0.88542020 0.26546073
0.00000000 0.00000000 0.00000000 1.00000000
166 0.993866 0.033195
0.98210239 0.02807822 -0.18624334 0.48345387
-0.05439643 0.98897266 -0.13774624 -0.25849584
0.18032184 0.14541194 0.97279966 0.05930436
0.00000000 0.00000000 0.00000000 1.00000000
167 0.660272 0.038433
0.94150651 -0.05675523 0.33218044 -0.41668367
0.05588738 0.99836266 0.01217541 -0.15605810
-0.33232790 0.00710139 0.94313693 0.24483490
0.00000000 0.00000000 0.00000000 1.00000000
168 0.837434 0.019268
0.93740976 -0.19364716 0.28941816 -0.79458606
0.22014071 0.97351694 -0.06165129 -0.18532175
-0.26981568 0.12150425 0.95521462 0.80277920
0.00000000 0.00000000 0.00000000 1.00000000
169 1.121870 0.011144
0.99514794 -0.09344496 0.03079697 -0.95658636
0.09641082 0.98859358 -0.11570731 -0.07647908
-0.01963310 0.11811528 0.99280596 0.43019342
0.00000000 0.00000000 0.00000000 1.00000000
170 2.753921 0.152585
0.99170494 -0.00975461 -0.12816095 -1.18864715
-0.00696484 0.99157190 -0.12937115 0.22327739
0.12834257 0.12919083 0.98327917 -0.04604125
0.00000000 0.00000000 0.00000000 1.00000000
171 2.956448 0.135057
0.99996495 -0.00061309 0.00838321 -1.67586660
0.00161511 0.99276769 -0.12004101 0.39155656
-0.00824919 0.12005013 0.99273360 -0.18615389
0.00000000 0.00000000 0.00000000 1.00000000
172 1.906597 0.023418
0.82638133 -0.24582976 0.50661784 -2.15759468
0.28233236 0.95930386 0.00495625 -0.02946073
-0.48721862 0.13893881 0.86215651 0.27216053
0.00000000 0.00000000 0.00000000 1.00000000
173 0.999364 0.031441
0.36333403 -0.28325519 0.88755554 -2.19718266
0.46621168 0.88008106 0.09001957 -0.30536646
-0.80661976 0.38108230 0.45181984 1.12688911
0.00000000 0.00000000 0.00000000 1.00000000
174 2.522433 0.067258
-0.00387744 -0.31715816 0.94836497 -1.92626035
0.49037790 0.82591057 0.27821067 -0.45608357
-0.87150192 0.46613568 0.15232468 1.40252483
0.00000000 0.00000000 0.00000000 1.00000000
175 0.510524 0.084199
0.39018977 0.60518980 -0.69389981 1.26874995
-0.69177020 0.69004065 0.21283180 -0.44456768
0.60762304 0.39697441 0.68789935 0.26226985
0.00000000 0.00000000 0.00000000 1.00000000
176 0.000000 0.034109
0.88291073 0.28843409 -0.37050626 1.14153600
-0.34237853 0.93546653 -0.08763453 0.26261383
0.32131922 0.20422700 0.92468679 -0.19869328
0.00000000 0.00000000 0.00000000 1.00000000
177 0.414959 0.013307
0.96493208 0.13715526 -0.22381628 0.81514502
-0.18990506 0.95338798 -0.23449275 0.20105025
0.18122207 0.26877320 0.94600183 0.12770903
0.00000000 0.00000000 0.00000000 1.00000000
178 1.175365 0.040690
0.99732357 -0.01988635 0.07036599 0.44106451
0.04397209 0.93198049 -0.35983717 0.04454660
-0.05842480 0.36196893 0.93035829 0.33339810
0.00000000 0.00000000 0.00000000 1.00000000
179 0.447624 0.028964
0.98809081 -0.14091191 0.06180506 0.09477016
0.15222585 0.95377541 -0.25911367 -0.03173852
-0.02243597 0.26543620 0.96386719 0.46624660
0.00000000 0.00000000 0.00000000 1.00000000
180 0.969144 0.075765
0.87203348 0.12476070 -0.47327960 1.25552011
-0.11696198 0.99206984 0.04601325 0.14929718
0.47526622 0.01523066 0.87971050 -0.25929737
0.00000000 0.00000000 0.00000000 1.00000000
181 2.819528 0.074373
0.89330840 0.12561028 -0.43153563 0.71387553
-0.19636804 0.97274065 -0.12335263 -0.22721189
0.40427727 0.19493176 0.89362288 0.01069176
0.00000000 0.00000000 0.00000000 1.00000000
182 0.817092 0.025439
0.99055791 -0.13214110 -0.03654083 -0.42405966
0.12759113 0.98603880 -0.10700512 0.03164411
0.05017048 0.10133433 0.99358749 0.58806920
0.00000000 0.00000000 0.00000000 1.00000000
183 2.383102 0.142359
0.94187301 -0.02409741 -0.33510262 -0.39689884
-0.02209553 0.99082190 -0.13335386 0.12244660
0.33524072 0.13300636 0.93269634 0.36362553
0.00000000 0.00000000 0.00000000 1.00000000
184 1.890516 0.053482
0.96387303 -0.19536610 0.18105590 -1.83645010
0.21258415 0.97378218 -0.08096942 0.22994167
-0.16049029 0.11653391 0.98013371 -0.03908825
0.00000000 0.00000000 0.00000000 1.00000000
185 1.269183 0.029152
0.65537971 -0.25510979 0.71091282 -2.13922310
0.42899635 0.90040267 -0.07237720 0.04314047
-0.62164301 0.35241422 0.69954658 0.75290728
0.00000000 0.00000000 0.00000000 1.00000000
186 0.982380 0.036057
0.31121674 -0.30806720 0.89902073 -2.09937263
0.50734007 0.85377508 0.11693561 -0.17156056
-0.80358571 0.41971669 0.42200390 1.08500087
0.00000000 0.00000000 0.00000000 1.00000000
187 2.188385 0.049961
0.70083624 0.31086594 -0.64201981 1.62791491
-0.38303676 0.92327887 0.02892357 0.26309699
0.60175610 0.22564521 0.76614118 -0.12149131
0.00000000 0.00000000 0.00000000 1.00000000
188 0.000000 0.021099
0.82391107 0.20734796 -0.52742487 1.31136346
-0.32761231 0.93366259 -0.14472330 0.24521708
0.46242842 0.29203007 0.83718467 0.15531147
0.00000000 0.00000000 0.00000000 1.00000000
189 1.974173 0.031954
0.96574092 0.03754467 -0.25678095 0.89683330
-0.12724237 0.93088138 -0.34244797 0.22489068
0.22617477 0.36338991 0.90376651 0.24643815
0.00000000 0.00000000 0.00000000 1.00000000
190 0.744410 0.019309
0.95929420 -0.08042186 -0.27071613 0.54466987
0.00124325 0.95978892 -0.28071967 0.18452108
0.28240639 0.26895595 0.92082000 0.39211512
0.00000000 0.00000000 0.00000000 1.00000000
191 2.530954 0.041827
0.67769033 0.13182032 -0.72343540 1.65394413
-0.11046804 0.99088699 0.07707092 0.24453162
0.72700185 0.02768642 0.68607682 -0.22431099
0.00000000 0.00000000 0.00000000 1.00000000
192 1.186302 0.046783
0.66793096 0.17388701 -0.72362381 1.20320249
-0.29435319 0.95476085 -0.04226872 -0.16506821
0.68353826 0.24123386 0.68889821 0.14088619
0.00000000 0.00000000 0.00000000 1.00000000
193 2.030087 0.057389
0.88708913 0.35650524 -0.29321757 -0.75187206
-0.32523891 0.93349582 0.15101466 0.22148737
0.32755479 -0.03859784 0.94404346 -0.02663112
0.00000000 0.00000000 0.00000000 1.00000000
194 1.018756 0.016389
0.94455826 0.28131950 -0.16931695 -0.53172743
-0.26373896 0.95721316 0.11909989 0.22409002
0.19557756 -0.06784134 0.97833878 -0.27113390
0.00000000 0.00000000 0.00000000 1.00000000
195 0.000000 0.012603
0.96933424 0.23277882 -0.07879037 -0.26902881
-0.22432859 0.96904427 0.10310563 0.23906776
0.10035139 -0.08226802 0.99154598 -0.28585434
0.00000000 0.00000000 0.00000000 1.00000000
196 0.000000 0.022555
0.92049742 0.33929685 -0.19381121 -0.03064568
-0.33409929 0.94063056 0.05993362 0.41893357
0.20263997 0.00958353 0.97920686 -0.55642569
0.00000000 0.00000000 0.00000000 1.00000000
197 88.374070 3.672358
0.37494728 0.63875544 -0.67186707 1.23913360
-0.57205570 0.72972119 0.37451217 -0.70159972
0.72949719 0.24392359 0.63901114 1.44178605
0.00000000 0.00000000 0.00000000 1.00000000
198 1.970601 0.058739
0.53715730 -0.29142424 0.79153889 -1.82884860
0.24314149 0.95208198 0.18553035 -0.53152186
