0 0.679550 0.045319
0.99931109 0.03368418 0.01555809 -0.69772696
-0.03459215 0.99745500 0.06234229 0.19208717
-0.01341892 -0.06283766 0.99793345 -0.18810201
0.00000000 0.00000000 0.00000000 1.00000000
1 0.944190 0.039503
0.97394753 0.22408758 -0.03478107 -0.40292001
-0.22297177 0.97425735 0.03324890 0.32447216
0.04133690 -0.02462763 0.99884129 -0.40241003
0.00000000 0.00000000 0.00000000 1.00000000
2 0.318981 0.019745
0.98573238 0.15073229 0.07491747 -0.16320577
-0.15246741 0.98814535 0.01796931 0.34465796
-0.07132058 -0.02913496 0.99702799 -0.66780901
0.00000000 0.00000000 0.00000000 1.00000000
3 0.908275 0.032336
0.97766703 0.10531519 0.18187211 0.02192443
-0.11123788 0.99353635 0.02264276 0.34693593
-0.17831144 -0.04236725 0.98306227 -0.72476292
0.00000000 0.00000000 0.00000000 1.00000000
4 2.657265 0.034868
0.97842222 0.20081389 0.04861076 0.33182865
-0.19862732 0.97897941 -0.04631725 0.52148139
-0.05689003 0.03566217 0.99774265 -0.94654667
0.00000000 0.00000000 0.00000000 1.00000000
5 2.452240 0.063586
0.87770528 0.36573005 -0.30963689 0.65937406
-0.40547556 0.91117704 -0.07312784 0.59442341
0.25538912 0.18973482 0.94803905 -0.85645473
0.00000000 0.00000000 0.00000000 1.00000000
6 1.431492 0.037753
0.81444621 0.42732939 -0.39251363 0.05741423
-0.39055783 0.90402037 0.17381880 0.16274256
0.42911786 0.01173350 0.90317249 -0.31559145
0.00000000 0.00000000 0.00000000 1.00000000
7 0.265408 0.008687
0.99723089 -0.06025685 0.04358066 0.11264201
0.06109796 0.99796581 -0.01822630 0.05423802
-0.04239328 0.02083910 0.99888426 -0.12288809
0.00000000 0.00000000 0.00000000 1.00000000
8 2.333639 0.078467
0.76814544 -0.10222882 0.63206124 -2.38805199
0.10405736 0.99397933 0.03430274 0.01562554
-0.63176316 0.03942120 0.77415836 0.94100571
0.00000000 0.00000000 0.00000000 1.00000000
9 1.146713 0.100251
0.29569989 -0.30595982 0.90495914 -2.03341770
0.31887645 0.92460018 0.20840608 -0.29469559
-0.90048862 0.22694451 0.37096721 1.55169964
0.00000000 0.00000000 0.00000000 1.00000000
10 2.610895 0.165692
0.18930183 -0.29742527 0.93579000 -2.12446284
0.33328059 0.91590858 0.22368652 -0.02029370
-0.92362803 0.26953614 0.27250916 1.21169996
0.00000000 0.00000000 0.00000000 1.00000000
11 1.662717 0.122642
0.24789768 -0.30390158 0.91988629 -2.25719380
0.30310062 0.92618585 0.22430092 0.27704939
-0.92015100 0.22321439 0.32171226 0.62295735
0.00000000 0.00000000 0.00000000 1.00000000
12 0.824245 0.035154
0.95846641 -0.09700618 0.26819992 0.24195799
0.10903652 0.99357593 -0.03029546 0.23029315
-0.26353821 0.05828071 0.96288693 -0.43380761
0.00000000 0.00000000 0.00000000 1.00000000
13 4.428017 0.190824
-0.22240320 -0.51209450 0.82963508 -2.17151880
0.48544055 0.67980093 0.54974222 -0.23179686
-0.84550655 0.52500391 0.09740257 0.50899369
0.00000000 0.00000000 0.00000000 1.00000000
14 4.131759 0.129373
-0.65084809 -0.38927138 0.65181720 -1.69531083
0.56422561 0.32644489 0.75834262 -1.01128161
-0.50798392 0.86133677 0.00717065 1.14251125
0.00000000 0.00000000 0.00000000 1.00000000
15 0.000000 0.031458
0.35063693 0.51113880 -0.78472346 1.59966910
-0.68908238 0.70825499 0.15342920 0.42303848
0.63420808 0.48694158 0.60055709 0.00746047
0.00000000 0.00000000 0.00000000 1.00000000
16 1.494886 0.033031
0.64416897 0.41613576 -0.64177686 1.10066617
-0.59830362 0.79687220 -0.08383326 0.47461751
0.47652799 0.43798089 0.76229566 0.03519881
0.00000000 0.00000000 0.00000000 1.00000000
17 2.785864 0.082043
0.71041232 0.31767419 -0.62801123 0.64147210
-0.47530389 0.87465304 -0.09523198 0.44756004
0.51903898 0.36615065 0.77235556 0.12966120
0.00000000 0.00000000 0.00000000 1.00000000
18 0.852257 0.030085
0.93298298 -0.14718106 0.32845169 0.01409096
0.11269380 0.98613846 0.12178150 0.43418616
-0.34182286 -0.07660565 0.93663669 -0.71344757
0.00000000 0.00000000 0.00000000 1.00000000
19 2.012464 0.086982
0.96232772 -0.01375858 0.27154467 0.45453453
-0.09987672 0.91100824 0.40011230 0.10083842
-0.25288486 -0.41215971 0.87531352 -0.21748567
0.00000000 0.00000000 0.00000000 1.00000000
20 1.301159 0.050513
0.98026967 0.10398485 -0.16810052 0.23040849
-0.09127726 0.99247187 0.08165246 0.44365859
0.17532569 -0.06469822 0.98238212 -0.51685405
0.00000000 0.00000000 0.00000000 1.00000000
21 1.332367 0.057284
0.93941206 0.25923461 -0.22428161 0.05382323
-0.22832945 0.96122175 0.15465465 0.20376040
0.25567606 -0.09407437 0.96217453 -0.35952711
0.00000000 0.00000000 0.00000000 1.00000000
22 0.869532 0.043149
0.95330793 0.19226658 -0.23288831 -0.30171731
-0.17126492 0.97934604 0.10746852 0.02753577
0.24874061 -0.06256518 0.96654731 -0.38572836
0.00000000 0.00000000 0.00000000 1.00000000
23 0.476423 0.040289
0.99562258 0.09034488 -0.02394085 -0.81197834
-0.08814046 0.99280715 0.08103073 0.15737522
0.03108935 -0.07856533 0.99642408 -0.06380010
0.00000000 0.00000000 0.00000000 1.00000000
24 0.788327 0.027533
0.95738250 0.28136545 -0.06522316 -0.53739423
-0.27730694 0.95859408 0.06480202 0.30026853
0.08075549 -0.04395291 0.99576461 -0.28158283
0.00000000 0.00000000 0.00000000 1.00000000
25 0.336882 0.013734
0.97545958 0.21618649 0.04173376 -0.27768153
-0.21787634 0.97509933 0.04136747 0.32382214
-0.03175143 -0.04944512 0.99827206 -0.53268993
0.00000000 0.00000000 0.00000000 1.00000000
26 1.160621 0.022257
0.97623074 0.16492969 0.14060844 -0.06064948
-0.17208081 0.98426008 0.04022810 0.33499050
-0.13176100 -0.06346831 0.98924744 -0.57669878
0.00000000 0.00000000 0.00000000 1.00000000
27 2.556348 0.039359
0.96397257 0.26558784 0.01483878 0.21944307
-0.26523528 0.96392918 -0.02214867 0.49922645
-0.02018601 0.01741475 0.99964464 -0.81401062
0.00000000 0.00000000 0.00000000 1.00000000
28 1.515945 0.041889
0.78903663 -0.08338213 0.60866106 -2.40622497
0.05521299 0.99636233 0.06491849 -0.06421077
-0.61185980 -0.01761711 0.79077017 1.12232304
0.00000000 0.00000000 0.00000000 1.00000000
29 1.570224 0.079721
0.33869040 -0.28036514 0.89815557 -1.97950315
0.25495198 0.94620705 0.19922429 -0.31613010
-0.90569699 0.16150978 0.39195183 1.74100709
0.00000000 0.00000000 0.00000000 1.00000000
