0 0.681849 0.045335
0.99931037 0.03371463 0.01555726 -0.69771075
-0.03462239 0.99745333 0.06234527 0.19209406
-0.01341564 -0.06284150 0.99793291 -0.18809271
0.00000000 0.00000000 0.00000000 1.00000000
1 0.934608 0.039645
0.97386712 0.22436720 -0.03526208 -0.40047574
-0.22323512 0.97419423 0.03334886 0.32420889
0.04183435 -0.02460515 0.99882162 -0.40219831
0.00000000 0.00000000 0.00000000 1.00000000
2 0.256409 0.018891
0.98572117 0.15065861 0.07520148 -0.16396849
-0.15244965 0.98813534 0.01864183 0.34279412
-0.07150085 -0.02984026 0.99699408 -0.66812718
0.00000000 0.00000000 0.00000000 1.00000000
3 0.889994 0.032201
0.97783244 0.10562561 0.18079445 0.02498122
-0.11150062 0.99350685 0.02261633 0.34686390
-0.17723179 -0.04227406 0.98326075 -0.72457266
0.00000000 0.00000000 0.00000000 1.00000000
4 2.735379 0.036303
0.97867006 0.19980103 0.04780641 0.33341151
-0.19767722 0.97920257 -0.04569548 0.52084011
-0.05594229 0.03527147 0.99781168 -0.94636714
0.00000000 0.00000000 0.00000000 1.00000000
5 2.174749 0.064922
0.87656701 0.36950809 -0.30837244 0.66330135
-0.40931869 0.90939993 -0.07382181 0.59666777
0.25315619 0.19093233 0.94839656 -0.85449564
0.00000000 0.00000000 0.00000000 1.00000000
6 1.454007 0.032189
0.81286240 0.42985913 -0.39303389 0.06255853
-0.39246249 0.90282309 0.17573193 0.15930361
0.43038058 0.01140448 0.90257549 -0.31427479
0.00000000 0.00000000 0.00000000 1.00000000
7 0.271242 0.008692
0.99723959 -0.06017753 0.04350402 0.11278014
0.06101410 0.99797148 -0.01816925 0.05411252
-0.04232267 0.02077344 0.99888802 -0.12291455
0.00000000 0.00000000 0.00000000 1.00000000
8 91.116004 1.607463
-0.63902938 -0.37705627 0.67042458 -2.01628304
0.31113213 0.67040801 0.67360926 -0.87421978
-0.70344675 0.63904715 -0.31109604 2.30552602
0.00000000 0.00000000 0.00000000 1.00000000
9 0.997011 0.096940
0.29397964 -0.30665976 0.90528214 -2.03279638
0.31994754 0.92406768 0.20912401 -0.29692861
-0.90067184 0.22816467 0.36977208 1.55458772
0.00000000 0.00000000 0.00000000 1.00000000
10 2.883101 0.169117
0.19326431 -0.29758382 0.93492949 -2.12766647
0.33532649 0.91554826 0.22209722 -0.01687886
-0.92206573 0.27058291 0.27673036 1.20708680
0.00000000 0.00000000 0.00000000 1.00000000
11 1.846950 0.126882
0.24967265 -0.30205935 0.92001295 -2.25704622
0.30393246 0.92653376 0.22171891 0.28355533
-0.91939485 0.22426432 0.32313552 0.62045538
0.00000000 0.00000000 0.00000000 1.00000000
12 0.823295 0.035154
0.95846671 -0.09700592 0.26820007 0.24195777
0.10903649 0.99357605 -0.03029531 0.23029292
-0.26353851 0.05828094 0.96288687 -0.43380809
0.00000000 0.00000000 0.00000000 1.00000000
13 2.642788 0.125872
-0.25443107 -0.50269741 0.82617235 -2.16639566
0.46916470 0.68286335 0.55998498 -0.25755841
-0.84566593 0.53008807 0.06210515 0.57597089
0.00000000 0.00000000 0.00000000 1.00000000
14 4.133654 0.130030
-0.65087795 -0.38922477 0.65181422 -1.69522190
0.56434536 0.32623577 0.75834310 -1.01068461
-0.50781059 0.86143720 0.00731814 1.14192891
0.00000000 0.00000000 0.00000000 1.00000000
15 0.000000 0.069026
0.34093279 0.51499844 -0.78647429 1.62376368
-0.69715452 0.69974422 0.15599295 0.40654263
0.63066679 0.49511135 0.59759927 0.03317034
0.00000000 0.00000000 0.00000000 1.00000000
16 1.498024 0.035376
0.64519030 0.41748101 -0.63987452 1.09756517
-0.59896457 0.79631627 -0.08439030 0.47558761
0.47431144 0.43771031 0.76383173 0.03339791
0.00000000 0.00000000 0.00000000 1.00000000
17 2.810488 0.082422
0.71065575 0.31799722 -0.62757224 0.64126068
-0.47539368 0.87461239 -0.09515500 0.44754097
0.51862317 0.36596650 0.77272189 0.12928247
0.00000000 0.00000000 0.00000000 1.00000000
18 0.833687 0.026860
0.93254375 -0.14848360 0.32911211 0.01109809
0.11344953 0.98585951 0.12332222 0.43054152
-0.34277022 -0.07766667 0.93620312 -0.71393740
0.00000000 0.00000000 0.00000000 1.00000000
19 2.006036 0.086680
0.96230400 -0.01387651 0.27162358 0.45432183
-0.09981814 0.91098988 0.40017086 0.10063136
-0.25299960 -0.41219729 0.87526292 -0.21742153
0.00000000 0.00000000 0.00000000 1.00000000
20 1.309554 0.050753
0.98026931 0.10409859 -0.16803052 0.23033638
-0.09140836 0.99246520 0.08158723 0.44391680
0.17525698 -0.06461829 0.98239946 -0.51674938
0.00000000 0.00000000 0.00000000 1.00000000
21 1.318786 0.056931
0.93945050 0.25899643 -0.22439417 0.05355862
-0.22806048 0.96127677 0.15470904 0.20352459
0.25577405 -0.09416643 0.96213943 -0.35954428
0.00000000 0.00000000 0.00000000 1.00000000
22 0.869982 0.044061
0.95322734 0.19232447 -0.23317206 -0.30082300
-0.17131303 0.97934151 0.10743394 0.02763540
0.24901736 -0.06246340 0.96648288 -0.38556314
0.00000000 0.00000000 0.00000000 1.00000000
23 0.608451 0.041933
0.99564785 0.08932653 -0.02658361 -0.81005311
-0.08694814 0.99298501 0.08012557 0.15755394
0.03355445 -0.07746571 0.99643040 -0.06303239
0.00000000 0.00000000 0.00000000 1.00000000
24 0.788327 0.027537
0.95738131 0.28136820 -0.06522200 -0.53739548
-0.27730936 0.95859367 0.06479976 0.30027306
0.08075422 -0.04395038 0.99576497 -0.28158188
0.00000000 0.00000000 0.00000000 1.00000000
25 0.309010 0.013504
0.97546184 0.21616086 0.04183227 -0.27792704
-0.21786103 0.97509617 0.04154930 0.32336619
-0.03180886 -0.04964224 0.99826080 -0.53273559
0.00000000 0.00000000 0.00000000 1.00000000
26 1.176363 0.022961
0.97624081 0.16453645 0.14100377 -0.06174897
-0.17179617 0.98428428 0.04087240 0.33356112
-0.13206270 -0.06412522 0.98916483 -0.57670212
0.00000000 0.00000000 0.00000000 1.00000000
27 2.531727 0.041951
0.96378320 0.26633555 0.01374178 0.22237426
-0.26600713 0.96372408 -0.02186081 0.49827313
-0.01906525 0.01741457 0.99966681 -0.81375420
0.00000000 0.00000000 0.00000000 1.00000000
28 79.070503 1.238074
-0.41369146 -0.40600362 0.81487578 -2.01501489
0.32118434 0.77242357 0.54790938 -0.64746892
-0.85188043 0.48839039 -0.18914339 2.17690563
0.00000000 0.00000000 0.00000000 1.00000000
29 1.034386 0.069141
0.33484781 -0.28640968 0.89768970 -1.97864962
0.26033410 0.94372392 0.20398976 -0.32607549
-0.90559572 0.16539326 0.39056611 1.74457347
0.00000000 0.00000000 0.00000000 1.00000000
30 1.582638 0.105444
0.23121108 -0.29954308 0.92564356 -2.05669379
0.28125563 0.93137985 0.23114616 -0.07300073
-0.93136340 0.20689918 0.29959306 1.38645935
0.00000000 0.00000000 0.00000000 1.00000000
31 0.860483 0.060272
0.27834398 -0.28835514 0.91617459 -2.19460773
0.23289865 0.94566596 0.22688031 0.23237595
-0.93181682 0.15022492 0.33037782 0.82565010
0.00000000 0.00000000 0.00000000 1.00000000
32 0.900051 0.017653
0.96926820 -0.04575801 0.24171314 0.13586649
0.05161488 0.99850601 -0.01794859 0.18236181
-0.24053153 0.02987354 0.97018135 -0.27525866
0.00000000 0.00000000 0.00000000 1.00000000
33 2.790778 0.112456
-0.17870171 -0.51206046 0.84015542 -2.04769897
0.46034986 0.71115553 0.53135526 -0.23454782
-0.86956590 0.48171857 0.10864134 0.67314005
0.00000000 0.00000000 0.00000000 1.00000000
34 3.232527 0.103650
-0.60697562 -0.43405336 0.66571528 -1.51383114
0.56716919 0.35018212 0.74544656 -0.99395549
-0.55668503 0.83004159 0.03363085 1.18198872
0.00000000 0.00000000 0.00000000 1.00000000
35 0.782847 0.020279
0.95206827 -0.09224968 0.29164436 -0.05532217
0.05332634 0.98889524 0.13871302 0.38882878
-0.30120221 -0.11651189 0.94641548 -0.54731023
0.00000000 0.00000000 0.00000000 1.00000000
36 2.003302 0.055152
0.98146683 0.02801242 0.18957633 0.37378472
-0.10040089 0.91778535 0.38417554 0.08870167
-0.16322912 -0.39608890 0.90358728 0.27403808
0.00000000 0.00000000 0.00000000 1.00000000
37 0.654916 0.024264
0.96601421 0.03857157 0.25559342 0.33550352
-0.14978510 0.88940018 0.43189192 0.08760822
-0.21066709 -0.45549798 0.86495137 -0.04050541
0.00000000 0.00000000 0.00000000 1.00000000
38 2.027192 0.071561
0.97044241 0.15489696 -0.18506162 0.02685049
-0.13760084 0.98511839 0.10298553 0.42437625
0.19825904 -0.07447782 0.97731549 -0.41936564
0.00000000 0.00000000 0.00000000 1.00000000
39 0.676086 0.030270
0.91329414 0.31079638 -0.26324865 -0.10781717
-0.26826280 0.94533867 0.18539396 0.18582523
0.30647865 -0.09869885 0.94674695 -0.27332091
0.00000000 0.00000000 0.00000000 1.00000000
40 0.096913 0.006882
0.97783595 0.19808371 -0.06782189 0.25338119
-0.19981271 0.97963715 -0.01966494 -0.01615608
0.06254566 0.03278115 0.99750394 -0.18132806
0.00000000 0.00000000 0.00000000 1.00000000
41 0.560230 0.016870
0.98952520 0.13687423 0.04586360 0.53111750
-0.13509132 0.99002641 -0.03996533 0.05611536
-0.05087689 0.03335071 0.99814761 -0.51943231
0.00000000 0.00000000 0.00000000 1.00000000
42 1.560472 0.081572
0.97896451 0.10583037 0.17443798 0.68926954
-0.10044894 0.99416137 -0.03942019 0.07775217
-0.17759131 0.02106926 0.98387885 -0.67163467
0.00000000 0.00000000 0.00000000 1.00000000
43 2.490886 0.047718
0.98052925 0.19470626 0.02555146 0.97833616
-0.19131351 0.97648627 -0.09937003 0.16196573
-0.04429880 0.09254718 0.99472255 -0.81244636
0.00000000 0.00000000 0.00000000 1.00000000
44 1.971991 0.026497
0.88244367 0.33955246 -0.32557350 1.11515665
-0.39792311 0.90792668 -0.13163102 0.13759330
0.25090140 0.24571058 0.93630946 -0.54021859
0.00000000 0.00000000 0.00000000 1.00000000
45 1.652327 0.033160
0.61830395 0.41237253 -0.66906619 1.19408906
-0.52987671 0.84744722 0.03264195 -0.13200009
0.58045793 0.33434024 0.74248600 -0.04672575
0.00000000 0.00000000 0.00000000 1.00000000
46 1.979124 0.032126
0.34676227 0.38584447 -0.85491467 1.02738309
-0.45519972 0.86616266 0.20628712 -0.18215333
0.82009053 0.31762481 0.47598878 0.40162647
0.00000000 0.00000000 0.00000000 1.00000000
47 0.000000 0.048477
0.58516502 0.36745659 -0.72288167 0.92123842
-0.39366165 0.90807581 0.14292923 -0.12647067
0.70895183 0.20093358 0.67602777 0.27435124
0.00000000 0.00000000 0.00000000 1.00000000
48 0.000000 0.022199
0.80937368 0.36371216 -0.46111572 0.55421317
-0.35330141 0.92873108 0.11241969 -0.23401430
0.46914008 0.07192415 0.88019043 0.20078015
0.00000000 0.00000000 0.00000000 1.00000000
49 0.871330 0.084136
0.82798684 0.22057116 -0.51554275 0.18664199
-0.28155333 0.95862311 -0.04204866 -0.15766972
0.48493725 0.17996758 0.85583103 0.80340624
0.00000000 0.00000000 0.00000000 1.00000000
50 0.000000 0.038112
0.95521438 0.06000412 0.28976512 -1.57951975
-0.01605502 0.98829085 -0.15173176 0.04144967
-0.29547656 0.14028400 0.94499326 0.46829510
0.00000000 0.00000000 0.00000000 1.00000000
51 1.380268 0.067651
0.78774393 -0.10708563 0.60662287 -1.65414631
0.15135357 0.98823202 -0.02209303 -0.08137739
-0.59711921 0.10921764 0.79468215 0.60670483
0.00000000 0.00000000 0.00000000 1.00000000
52 3.939002 0.133319
0.34538764 -0.24348116 0.90632463 -1.56819534
0.32781950 0.93622190 0.12658617 -0.16585900
-0.87934196 0.25339031 0.40317717 0.90380192
0.00000000 0.00000000 0.00000000 1.00000000
53 2.229673 0.037166
0.17103544 0.50965750 -0.84320605 1.79982030
-0.62312675 0.71887404 0.30811423 -0.15999383
0.76319093 0.47272649 0.44053414 0.27000439
0.00000000 0.00000000 0.00000000 1.00000000
54 1.484113 0.009335
0.36310801 0.43476576 -0.82409441 1.60405052
-0.64538366 0.75528997 0.11410213 -0.14654063
0.67203677 0.49042588 0.55484259 0.49505162
0.00000000 0.00000000 0.00000000 1.00000000
55 1.176363 0.015629
0.64156687 0.36009049 -0.67729372 1.37280822
-0.59157264 0.79434621 -0.13804495 -0.12720457
0.48829651 0.48923406 0.72264564 0.47796381
0.00000000 0.00000000 0.00000000 1.00000000
56 0.917706 0.030935
0.68227208 0.25352874 -0.68573117 1.03971303
-0.46646601 0.87318313 -0.14127994 -0.09605122
0.56295097 0.41626126 0.71401125 0.66554475
0.00000000 0.00000000 0.00000000 1.00000000
57 1.526237 0.071259
0.95930243 -0.03014202 0.28076926 1.09697628
-0.06915453 0.93893361 0.33707976 -0.05101150
-0.27378315 -0.34277737 0.89863634 -0.17776656
0.00000000 0.00000000 0.00000000 1.00000000
58 0.996226 0.028098
0.99110651 -0.06120342 0.11816020 0.28790361
0.06282488 0.99797356 -0.01004666 0.03928703
-0.11730655 0.01737979 0.99294323 -0.31523228
0.00000000 0.00000000 0.00000000 1.00000000
59 1.322934 0.027493
0.97236317 -0.09790653 0.21195266 0.55324686
0.10436432 0.99434811 -0.01947239 0.09355724
-0.20884886 0.04105428 0.97708547 -0.42010403
0.00000000 0.00000000 0.00000000 1.00000000
60 2.417190 0.028420
0.99570817 -0.00321081 0.09249265 0.75127566
0.01120189 0.99623144 -0.08600861 0.17965813
-0.09186822 0.08667558 0.99199146 -0.60580039
0.00000000 0.00000000 0.00000000 1.00000000
61 3.033317 0.041975
0.95335197 0.15084004 -0.26147282 0.83276385
-0.18705264 0.97505265 -0.11951318 0.16566601
0.23692247 0.16284761 0.95778310 -0.42526412
0.00000000 0.00000000 0.00000000 1.00000000
62 0.000000 0.074357
0.68951494 0.25817490 -0.67669308 0.64197040
-0.21324311 0.96526104 0.15098608 -0.03540412
0.69216746 0.04019274 0.72061682 0.24449682
0.00000000 0.00000000 0.00000000 1.00000000
63 0.560230 0.026106
0.89728516 0.20784514 -0.38946050 0.24193299
-0.17068975 0.97695982 0.12812445 -0.16752931
0.40711698 -0.04848674 0.91208851 0.25673366
0.00000000 0.00000000 0.00000000 1.00000000
64 2.210277 0.161134
0.87415403 0.05802026 -0.48217076 -0.05067939
-0.08455840 0.99585664 -0.03346765 -0.12234068
0.47823077 0.07002738 0.87543821 0.87702203
0.00000000 0.00000000 0.00000000 1.00000000
65 1.178690 0.033672
0.92331630 -0.14868850 0.35408863 -1.76166677
0.20443076 0.97081459 -0.12540585 -0.00689381
-0.32510823 0.18817586 0.92676544 0.73159027
0.00000000 0.00000000 0.00000000 1.00000000
66 1.159609 0.057922
0.70018268 -0.27875301 0.65729761 -1.72750306
0.34821594 0.93704045 0.02645358 -0.15827081
-0.62328899 0.21035868 0.75316608 0.91169131
0.00000000 0.00000000 0.00000000 1.00000000
67 2.465454 0.082505
0.20319624 -0.32223433 0.92459536 -1.49814618
0.50824326 0.84182936 0.18169421 -0.26008463
-0.83689916 0.43299955 0.33482993 1.21325040
0.00000000 0.00000000 0.00000000 1.00000000
68 4.556125 0.178007
0.08951762 -0.32497084 0.94147766 -1.59863591
0.54218322 0.80883795 0.22763470 0.01655110
-0.83547771 0.49007678 0.24859945 0.79807889
0.00000000 0.00000000 0.00000000 1.00000000
69 1.852452 0.037468
0.49657702 0.37439597 -0.78309572 1.35482967
-0.48652306 0.86720198 0.10609248 -0.01214555
0.71882278 0.32831097 0.61278480 0.43812346
0.00000000 0.00000000 0.00000000 1.00000000
70 1.575946 0.033803
0.74457985 0.24643855 -0.62037778 1.04919934
-0.41657776 0.89772516 -0.14336699 -0.03791054
0.52159733 0.36518398 0.77108872 0.47148275
0.00000000 0.00000000 0.00000000 1.00000000
71 1.820267 0.036180
0.76500195 0.11574054 -0.63354290 0.72960186
-0.26337633 0.95392203 -0.14375657 -0.02959806
0.58771157 0.27683455 0.76023549 0.66159320
0.00000000 0.00000000 0.00000000 1.00000000
72 2.309189 0.079680
0.92131436 -0.22376528 0.31797719 0.99449563
0.10233697 0.92851973 0.35690057 0.03409830
-0.37511003 -0.29627690 0.87835777 0.07589483
0.00000000 0.00000000 0.00000000 1.00000000
73 0.564406 0.005160
0.99403828 -0.03992902 0.10146470 0.28594473
0.04071987 0.99915445 -0.00573274 0.02961937
-0.10115032 0.00983098 0.99482322 -0.07483459
0.00000000 0.00000000 0.00000000 1.00000000
74 1.954646 0.025319
0.99808401 0.05632033 -0.02566636 0.46168560
-0.05775799 0.99657238 -0.05923918 0.12186487
0.02224189 0.06061015 0.99791497 -0.29685843
0.00000000 0.00000000 0.00000000 1.00000000
75 2.514505 0.036047
0.90960467 0.22644213 -0.34834358 0.41844922
-0.26659381 0.96116608 -0.07132751 0.17775902
0.31866422 0.15774590 0.93464911 -0.25442803
0.00000000 0.00000000 0.00000000 1.00000000
76 1.854985 0.031516
0.84556067 0.25666720 -0.46813405 -0.19742280
-0.19505937 0.96475649 0.17663109 -0.10841694
0.49697024 -0.05803794 0.86582470 0.34834504
0.00000000 0.00000000 0.00000000 1.00000000
77 4.870817 0.078183
0.76201725 -0.21844056 0.60959971 -1.86057508
0.24696906 0.96826768 0.03824231 -0.35265848
-0.59860998 0.12141123 0.79178613 1.36560917
0.00000000 0.00000000 0.00000000 1.00000000
78 1.504022 0.041756
0.30952376 -0.32874438 0.89225739 -1.32742715
0.46636802 0.87021422 0.15884101 -0.42087787
-0.82867134 0.36695522 0.42266786 1.59481287
0.00000000 0.00000000 0.00000000 1.00000000
79 1.868441 0.072954
0.19879332 -0.29930055 0.93322080 -1.42205429
0.48995131 0.85504186 0.16985872 -0.10933699
-0.84878188 0.42346662 0.31661904 1.18520820
0.00000000 0.00000000 0.00000000 1.00000000
80 2.187670 0.088897
0.26460242 -0.29168731 0.91918659 -1.52929235
0.45187449 0.87954527 0.14902858 0.21623142
-0.85193628 0.37592381 0.36453569 0.63120043
0.00000000 0.00000000 0.00000000 1.00000000
81 4.029440 0.053474
0.39586028 0.45384082 -0.79832506 0.92660910
-0.57761085 0.79889059 0.16774599 0.19854067
0.71390432 0.39471704 0.57839268 0.29350698
0.00000000 0.00000000 0.00000000 1.00000000
82 2.729361 0.049519
0.97608024 -0.16571242 0.14073762 0.81901950
0.10893077 0.93297797 0.34305444 -0.00497186
-0.18815351 -0.31951779 0.92871237 0.82596207
0.00000000 0.00000000 0.00000000 1.00000000
83 1.854774 0.055349
0.96436173 -0.16746938 0.20484090 0.79338944
0.08087102 0.92370933 0.37445810 0.05013442
-0.25192377 -0.34454829 0.90433407 0.45697784
0.00000000 0.00000000 0.00000000 1.00000000
84 2.740097 0.096873
0.98195487 -0.14732297 0.11857578 0.68625194
0.10017347 0.93701410 0.33461994 0.11868054
-0.16040474 -0.31670299 0.93486345 0.03462243
0.00000000 0.00000000 0.00000000 1.00000000
85 1.673978 0.062414
0.96432149 -0.15984683 0.21102723 0.58395952
0.08186080 0.93811285 0.33651695 0.12583920
-0.25175866 -0.30723575 0.91772771 -0.45939219
0.00000000 0.00000000 0.00000000 1.00000000
86 1.498547 0.065683
0.99605829 -0.06459696 -0.06078121 0.82221466
0.07929448 0.95557380 0.28388676 0.21972482
0.03974267 -0.28758731 0.95692968 -0.62605011
0.00000000 0.00000000 0.00000000 1.00000000
87 1.181012 0.017266
0.98725057 0.09860532 -0.12495310 0.16423944
-0.10498074 0.99343294 -0.04549336 0.12696047
0.11964682 0.05803081 0.99111879 -0.25503743
0.00000000 0.00000000 0.00000000 1.00000000
88 2.634331 0.036297
0.86274612 0.24395752 -0.44289204 0.12650776
-0.29184842 0.95553422 -0.04218008 0.25298178
0.41290864 0.16564825 0.89558232 -0.30647969
0.00000000 0.00000000 0.00000000 1.00000000
89 2.569484 0.043358
0.81992006 -0.25803691 0.51102549 -2.01758361
0.28963614 0.95695734 0.01849392 -0.44580412
-0.49380285 0.13284747 0.85936606 1.57168841
0.00000000 0.00000000 0.00000000 1.00000000
90 2.640120 0.058577
0.41627017 -0.30572802 0.85630071 -1.36112547
0.43509662 0.89392650 0.10765037 -0.54233223
-0.79838109 0.32776231 0.50513613 1.85631573
0.00000000 0.00000000 0.00000000 1.00000000
91 2.450324 0.086835
0.31156608 -0.29538524 0.90314674 -1.42113864
0.47147363 0.87326539 0.12296422 -0.24851055
-0.82500786 0.38749838 0.41134647 1.42791128
0.00000000 0.00000000 0.00000000 1.00000000
92 2.440559 0.095933
0.37394235 -0.29701421 0.87860686 -1.54924440
0.43941244 0.89099890 0.11418556 0.07750655
-0.81675261 0.34337205 0.46369392 0.87670422
0.00000000 0.00000000 0.00000000 1.00000000
93 85.021425 1.253440
0.92769402 0.33198437 0.17079596 -1.15285146
-0.34645337 0.93598521 0.06247282 0.49004081
-0.13912198 -0.11712870 0.98332477 -0.46299517
0.00000000 0.00000000 0.00000000 1.00000000
94 2.398167 0.041095
0.99006438 -0.13359438 0.04387639 0.53016812
0.11063487 0.93267375 0.34333596 -0.04113841
-0.08678994 -0.33507040 0.93818724 0.92481363
0.00000000 0.00000000 0.00000000 1.00000000
95 2.026227 0.045480
0.98698288 -0.11639541 0.11097769 0.51525027
0.06693912 0.92476988 0.37459204 0.02054569
-0.14622931 -0.36228803 0.92052370 0.58194804
0.00000000 0.00000000 0.00000000 1.00000000
96 2.453676 0.071103
0.99481225 -0.10036559 0.01660557 0.41308561
0.08870374 0.93571162 0.34143168 0.06636807
-0.04980576 -0.33818746 0.93975985 0.13326907
0.00000000 0.00000000 0.00000000 1.00000000
97 1.818546 0.063423
0.98729688 -0.11023478 0.11442520 0.31207356
0.06603983 0.93972313 0.33549696 0.10455850
-0.14451151 -0.32367888 0.93506598 -0.33583438
0.00000000 0.00000000 0.00000000 1.00000000
98 1.188938 0.047263
0.98541456 -0.03773434 -0.16593769 0.53150225
0.08624525 0.95134020 0.29582909 0.16851990
0.14670014 -0.30582497 0.94071800 -0.58837938
0.00000000 0.00000000 0.00000000 1.00000000
99 2.161751 0.113132
0.94677657 0.00391680 -0.32186702 0.60820132
0.08016789 0.96554935 0.24756622 0.30263683
0.31174809 -0.26019293 0.91384530 -0.76570952
0.00000000 0.00000000 0.00000000 1.00000000
100 0.811806 0.008203
0.92497641 0.18523863 -0.33182076 -0.10297327
-0.20511524 0.97840309 -0.02558315 0.15892252
0.31991521 0.09172511 0.94299543 -0.12223101
0.00000000 0.00000000 0.00000000 1.00000000
101 4.314295 0.134688
0.82980353 0.29215670 -0.47546828 -0.59595275
-0.19484931 0.95006973 0.24372214 -0.08848093
0.52293313 -0.10959701 0.84529841 0.43869400
0.00000000 0.00000000 0.00000000 1.00000000
102 2.074148 0.047381
0.94570720 -0.16519876 0.27990320 -2.33524561
0.18420914 0.98195297 -0.04283908 -0.36255455
-0.26777497 0.09207389 0.95907187 1.50722432
0.00000000 0.00000000 0.00000000 1.00000000
103 3.175703 0.052129
0.73342073 -0.33715677 0.59026921 -1.93837833
0.34710211 0.93234360 0.10126626 -0.57101798
-0.58447719 0.13061233 0.80082840 1.84833562
0.00000000 0.00000000 0.00000000 1.00000000
104 1.549650 0.043191
0.25517884 -0.41711611 0.87229526 -1.12287319
0.52789485 0.81593829 0.23573831 -0.71026373
-0.81006920 0.40032399 0.42840314 2.04757571
0.00000000 0.00000000 0.00000000 1.00000000
105 4.318833 0.107678
0.18403408 -0.35529065 0.91646075 -1.15852976
0.52860582 0.82184905 0.21246271 -0.33928275
-0.82867885 0.44534618 0.33905643 1.58031499
0.00000000 0.00000000 0.00000000 1.00000000
106 87.223326 2.601774
-0.93877327 0.09906075 0.32998857 -0.26488981
0.33759409 0.45577970 0.82358754 -1.41829038
-0.06881724 0.88456404 -0.46131605 3.07710457
0.00000000 0.00000000 0.00000000 1.00000000
107 11.120044 0.144095
0.44965085 0.53175873 -0.71766865 0.41310033
-0.61357898 0.76778704 0.18446134 0.48045182
0.64910567 0.35740221 0.67151040 0.11551857
0.00000000 0.00000000 0.00000000 1.00000000
108 4.255515 0.060958
0.66930240 0.35054255 -0.65509844 0.11979741
-0.48091695 0.87648153 -0.02234079 0.15013184
0.56635022 0.33000046 0.75521302 0.43977010
0.00000000 0.00000000 0.00000000 1.00000000
109 2.130011 0.087707
0.69420516 0.18898651 -0.69452316 -0.22213924
-0.30462101 0.95138150 -0.04560190 0.04708973
0.65213805 0.24322337 0.71802378 0.58382642
0.00000000 0.00000000 0.00000000 1.00000000
110 3.963188 0.045413
0.96504599 -0.22159952 0.13992965 0.46485001
0.14668956 0.89916348 0.41229546 -0.08838528
-0.21718416 -0.37735766 0.90024012 1.24196911
0.00000000 0.00000000 0.00000000 1.00000000
111 3.184568 0.056490
0.95012909 -0.22337677 0.21761601 0.44984889
0.11265807 0.89653909 0.42839769 0.00694644
-0.29079515 -0.38251773 0.87699366 0.90513837
0.00000000 0.00000000 0.00000000 1.00000000
112 3.720154 0.083832
0.97173917 -0.19342750 0.13531044 0.30547827
0.12555699 0.90892005 0.39761695 0.04630849
-0.19989656 -0.36939090 0.90751934 0.44784939
0.00000000 0.00000000 0.00000000 1.00000000
113 4.903127 0.054975
0.21271960 0.42764980 -0.87855858 0.43878579
-0.46939600 0.83331674 0.29197592 0.00419320
0.85698152 0.35028300 0.37800005 -0.08889520
0.00000000 0.00000000 0.00000000 1.00000000
114 1.057954 0.050776
0.90125751 0.21040738 -0.37876505 -0.03079766
-0.18410653 0.97730041 0.10482496 0.00772130
0.39222330 -0.02474153 0.91953725 0.01748991
0.00000000 0.00000000 0.00000000 1.00000000
115 1.816177 0.045067
0.71439469 0.33465600 -0.61452818 -0.15166640
-0.18647623 0.93751216 0.29376292 0.05565657
0.67443794 -0.09526771 0.73215973 0.04155409
0.00000000 0.00000000 0.00000000 1.00000000
116 2.416866 0.057811
0.87573326 0.21608521 -0.43173939 -0.31963241
-0.10400277 0.95768702 0.26836407 -0.02414647
0.47146070 -0.19011310 0.86115158 0.23029697
0.00000000 0.00000000 0.00000000 1.00000000
117 2.208328 0.022068
0.98821682 0.08625140 -0.12644118 -0.65033019
-0.05133238 0.96502382 0.25709140 -0.20528151
0.14419296 -0.24757099 0.95808017 0.57439578
0.00000000 0.00000000 0.00000000 1.00000000
118 2.613892 0.027663
0.98091143 -0.02956852 -0.19219258 -1.06387842
0.05450609 0.99055767 0.12579072 -0.29910412
0.18665859 -0.13386601 0.97326159 1.10051072
0.00000000 0.00000000 0.00000000 1.00000000
119 120.152566 1.667349
-0.29596847 -0.89198458 0.34170794 0.32729030
0.85399830 -0.40735143 -0.32364979 -0.28325793
0.42788514 0.19602835 0.88231874 0.85366273
0.00000000 0.00000000 0.00000000 1.00000000
120 2.820778 0.056094
0.76292521 -0.34389287 0.54743403 -2.13599348
0.35494348 0.93055582 0.08990392 -0.43442923
-0.54033434 0.12571770 0.83200634 1.52553487
0.00000000 0.00000000 0.00000000 1.00000000
121 3.322014 0.090005
0.46404731 -0.48420009 0.74176240 -1.68267739
0.47436661 0.84302807 0.25354028 -0.57533187
-0.74808866 0.23421200 0.62089336 1.72855663
0.00000000 0.00000000 0.00000000 1.00000000
122 93.515469 0.971319
0.99410182 -0.06390072 0.08763140 -0.18812110
0.05718554 0.99538100 0.07711551 -0.41778618
-0.09215432 -0.07164975 0.99316424 1.33980691
0.00000000 0.00000000 0.00000000 1.00000000
123 1.795805 0.042350
0.59192801 0.53181398 -0.60563546 0.72764391
-0.43724531 0.84311646 0.31299919 0.35038933
0.67708039 0.07953763 0.73159784 -0.11733556
0.00000000 0.00000000 0.00000000 1.00000000
124 1.286336 0.045095
0.73494387 0.37872803 -0.56251490 0.44191879
-0.37581670 0.91794795 0.12701577 0.19172694
0.56446356 0.11805323 0.81697249 0.28931737
0.00000000 0.00000000 0.00000000 1.00000000
125 2.821472 0.058480
0.90624487 0.19653372 -0.37429160 0.15298715
-0.24751920 0.96441829 -0.09290156 -0.05214134
0.34271565 0.17683563 0.92264569 0.57195866
0.00000000 0.00000000 0.00000000 1.00000000
126 2.007011 0.041652
0.91435909 0.07397536 -0.39808673 -0.21278340
-0.09945295 0.99408126 -0.04370505 -0.14513683
0.39249778 0.07955211 0.91630489 0.70063925
0.00000000 0.00000000 0.00000000 1.00000000
127 2.433974 0.022613
0.57790041 0.38501632 -0.71957904 0.33135742
-0.32767949 0.91699415 0.22748247 -0.18389624
0.74743378 0.10432917 0.65609288 0.05223978
0.00000000 0.00000000 0.00000000 1.00000000
128 0.623068 0.015183
0.94211805 0.12227552 -0.31218934 -0.08976847
-0.06802125 0.98146963 0.17914021 0.03157584
0.32830885 -0.14753565 0.93297732 0.03870177
0.00000000 0.00000000 0.00000000 1.00000000
129 1.241750 0.026498
0.99734104 -0.02796690 -0.06729048 -0.28749037
0.04011874 0.98160815 0.18664515 -0.03596942
0.06083342 -0.18884841 0.98012018 0.21153736
0.00000000 0.00000000 0.00000000 1.00000000
130 1.850337 0.046872
0.95830989 -0.15039289 0.24294637 -0.59687269
0.10515448 0.97622609 0.18953615 -0.20372757
-0.26567551 -0.15608835 0.95134234 0.53738987
0.00000000 0.00000000 0.00000000 1.00000000
131 1.705021 0.014071
0.94903034 -0.26013801 0.17795826 -1.00225520
0.24258837 0.96334672 0.11451706 -0.30233425
-0.20122550 -0.06550947 0.97735184 1.08070147
0.00000000 0.00000000 0.00000000 1.00000000
132 3.659446 0.090066
0.98522520 -0.13875207 -0.10039689 -1.17971706
0.14688836 0.98601294 0.07875672 -0.19503811
0.08806518 -0.09233984 0.99182552 0.60594082
0.00000000 0.00000000 0.00000000 1.00000000
133 6.020439 0.165108
0.98810530 0.05703723 -0.14280432 -1.56491137
-0.04973689 0.99729216 0.05417681 0.24681890
0.14550783 -0.04642955 0.98826700 0.14351559
0.00000000 0.00000000 0.00000000 1.00000000
134 6.963171 0.251918
0.99929708 0.02016991 0.03161831 -2.10401487
-0.02155790 0.99879134 0.04416918 0.44018677
-0.03068939 -0.04481962 0.99852353 0.12705898
0.00000000 0.00000000 0.00000000 1.00000000
135 2.811046 0.070172
0.85362363 -0.34332451 0.39173317 -2.27140331
0.30152404 0.93892419 0.16584639 -0.12773082
-0.42474660 -0.02345334 0.90500838 0.58054686
0.00000000 0.00000000 0.00000000 1.00000000
136 0.826142 0.039544
0.40017685 -0.45964861 0.79283130 -2.09184790
0.49775088 0.83540916 0.23309672 -0.46743321
-0.76948124 0.30135223 0.56310225 1.44621539
0.00000000 0.00000000 0.00000000 1.00000000
137 4.106275 0.114889
0.05521476 -0.48474926 0.87290877 -1.68344128
0.53376043 0.75316978 0.38449305 -0.54220396
-0.84383100 0.44469494 0.30032587 1.62905157
0.00000000 0.00000000 0.00000000 1.00000000
138 0.000000 0.012741
0.39928952 0.71722883 -0.57109571 0.93833029
-0.65078259 0.66048533 0.37448761 -0.19693172
0.64579391 0.22212988 0.73048508 0.15838134
0.00000000 0.00000000 0.00000000 1.00000000
139 0.000000 0.018082
0.87824750 0.33102122 -0.34511584 0.76412410
-0.31178969 0.94357383 0.11159691 0.29950154
0.36258435 0.00959310 0.93190122 -0.10576320
0.00000000 0.00000000 0.00000000 1.00000000
140 0.000000 0.013244
0.95530319 0.16190368 -0.24735354 0.48078251
-0.17598540 0.98374271 -0.03577107 0.15719801
0.23754080 0.07770261 0.96826482 0.27730381
0.00000000 0.00000000 0.00000000 1.00000000
141 0.000000 0.015940
0.99819750 -0.05800119 -0.01544238 0.20668332
0.05419736 0.98155040 -0.18336074 -0.07993704
0.02579278 0.18219319 0.98292428 0.53819954
0.00000000 0.00000000 0.00000000 1.00000000
142 0.836499 0.010906
0.98524898 -0.16606727 -0.04129933 -0.15671271
0.16196954 0.98285294 -0.08811939 -0.15936655
0.05522483 0.08012965 0.99525297 0.67363894
0.00000000 0.00000000 0.00000000 1.00000000
143 2.337996 0.063245
0.98036754 -0.07661065 -0.18168563 0.78069061
0.10908513 0.97830987 0.17609853 0.30955964
0.16425431 -0.19246049 0.96746016 -0.59004140
0.00000000 0.00000000 0.00000000 1.00000000
144 0.934608 0.029746
0.86095542 0.17101073 -0.47907346 0.81624490
-0.05616063 0.96799469 0.24460772 0.14859472
0.50557113 -0.18369082 0.84300417 -0.27612746
0.00000000 0.00000000 0.00000000 1.00000000
145 0.505904 0.044810
0.63550043 0.35260794 -0.68688196 0.72699535
-0.25947034 0.93542004 0.24013326 -0.06482145
0.72719634 0.02562082 0.68595076 0.05183053
0.00000000 0.00000000 0.00000000 1.00000000
146 0.293420 0.052426
0.52948308 0.41792530 -0.73823291 0.59994531
-0.34783223 0.90066969 0.26040643 -0.26202428
0.77373302 0.11890113 0.62225616 0.20414662
0.00000000 0.00000000 0.00000000 1.00000000
147 0.139882 0.020095
0.66707087 0.32094741 -0.67231613 0.48553416
-0.29641110 0.94227934 0.15572256 -0.30678177
0.68348825 0.09540361 0.72369975 0.26748049
0.00000000 0.00000000 0.00000000 1.00000000
148 0.487788 0.021786
0.85960752 0.18669559 -0.47562537 0.38592809
-0.17299533 0.98222202 0.07288978 -0.22476311
0.48077786 0.01962444 0.87662292 0.07625639
0.00000000 0.00000000 0.00000000 1.00000000
149 1.032114 0.028166
0.95799029 -0.11433742 0.26302478 -0.21014486
0.10595038 0.99331242 0.04590276 -0.06028733
-0.26651379 -0.01610610 0.96369684 0.14181209
0.00000000 0.00000000 0.00000000 1.00000000
150 1.371735 0.056346
0.80929238 -0.16547953 0.56361562 -0.55517900
0.15226962 0.98580015 0.07079035 -0.23401290
-0.56732702 0.02853122 0.82299805 0.44875979
0.00000000 0.00000000 0.00000000 1.00000000
151 1.553686 0.009567
0.80219030 -0.29820648 0.51726580 -0.93836671
0.32529661 0.94475853 0.04017892 -0.29860455
-0.50067264 0.13603419 0.85488170 0.99149203
0.00000000 0.00000000 0.00000000 1.00000000
152 1.796676 0.044914
0.93847126 -0.19750988 0.28330752 -1.12062812
0.21834874 0.97489476 -0.04363772 -0.17521840
-0.26757589 0.10281289 0.95803607 0.57345748
0.00000000 0.00000000 0.00000000 1.00000000
153 2.571616 0.099911
0.98116672 -0.11228174 0.15717843 -1.45684743
0.12534100 0.98921621 -0.07576910 0.12938887
-0.14697644 0.09404317 0.98465931 0.05680776
0.00000000 0.00000000 0.00000000 1.00000000
154 4.087057 0.188730
0.96032703 -0.11136706 0.25567600 -1.83572507
0.13440713 0.98812735 -0.07442889 0.32952452
-0.24435106 0.10584089 0.96389377 -0.08289170
0.00000000 0.00000000 0.00000000 1.00000000
155 1.868022 0.056650
0.63295496 -0.34676808 0.69218481 -2.22095752
0.37151724 0.92045498 0.12139899 -0.13503760
-0.67922223 0.18031865 0.71143675 0.48089743
0.00000000 0.00000000 0.00000000 1.00000000
156 2.411677 0.065482
0.10191400 -0.34030849 0.93477434 -2.12306118
0.50941491 0.82496798 0.24479425 -0.43834293
-0.85446513 0.45124024 0.25743413 1.30631328
0.00000000 0.00000000 0.00000000 1.00000000
157 1.098249 0.067553
0.62373966 0.57455987 -0.52993298 1.03573966
-0.65004450 0.75779301 0.05649492 -0.32199490
0.43404013 0.30924213 0.84615523 0.19792938
0.00000000 0.00000000 0.00000000 1.00000000
158 0.000000 0.018209
0.97465706 0.19993424 -0.10034765 0.87350261
-0.21267533 0.96726060 -0.13848072 0.27248237
0.06937492 0.15631337 0.98526829 -0.14353299
0.00000000 0.00000000 0.00000000 1.00000000
159 0.288036 0.022726
0.99739170 0.05466285 0.04713848 0.58351511
-0.04216421 0.97127819 -0.23418368 0.12344185
-0.05858593 0.23158544 0.97104895 0.22692251
0.00000000 0.00000000 0.00000000 1.00000000
160 0.823295 0.021621
0.94007230 -0.14049304 0.31068709 0.29165548
0.23492582 0.92726791 -0.29152358 -0.08576921
-0.24713275 0.34704182 0.90470290 0.45750308
0.00000000 0.00000000 0.00000000 1.00000000
161 1.356529 0.025508
0.92180961 -0.24365285 0.30149615 -0.05326948
0.30270070 0.93830299 -0.16720700 -0.17101449
-0.24215457 0.24539495 0.93869138 0.60033464
0.00000000 0.00000000 0.00000000 1.00000000
162 1.454815 0.062558
0.97149360 -0.17085549 0.16434586 0.87005615
0.16319881 0.98482090 0.05911456 0.28379756
-0.17195228 -0.03060789 0.98463047 -0.64582860
0.00000000 0.00000000 0.00000000 1.00000000
163 0.428872 0.013716
0.97813874 0.02458692 -0.20649531 0.95120382
-0.01188038 0.99796969 0.06254888 0.10982604
0.20761436 -0.05872953 0.97644591 -0.26246786
0.00000000 0.00000000 0.00000000 1.00000000
164 1.030216 0.049177
0.84921157 0.18430509 -0.49484429 0.84002841
-0.20715231 0.97826779 0.00885913 -0.15823421
0.48572326 0.09498399 0.86893636 0.14689136
0.00000000 0.00000000 0.00000000 1.00000000
165 0.887352 0.032776
0.87975484 0.13722593 -0.45519245 0.58157772
-0.19993886 0.97544539 -0.09235804 -0.35410291
0.43134153 0.17226277 0.88559026 0.26563656
0.00000000 0.00000000 0.00000000 1.00000000
166 1.068262 0.035229
0.98201138 0.02951735 -0.18650296 0.48328322
-0.05548112 0.98921329 -0.13556924 -0.26175129
0.18048926 0.14347780 0.97305608 0.05976272
0.00000000 0.00000000 0.00000000 1.00000000
167 0.656110 0.038537
0.94150108 -0.05678054 0.33219329 -0.41679993
0.05591327 0.99836147 0.01217583 -0.15601736
-0.33234024 0.00711063 0.94313288 0.24482346
0.00000000 0.00000000 0.00000000 1.00000000
168 0.822819 0.020919
0.93714875 -0.19494043 0.28939703 -0.79355776
0.22100495 0.97342730 -0.05996716 -0.18790466
-0.27001670 0.12015617 0.95532894 0.80293655
0.00000000 0.00000000 0.00000000 1.00000000
169 1.120474 0.011119
0.99514699 -0.09344354 0.03083191 -0.95660585
0.09641325 0.98859537 -0.11569291 -0.07651317
-0.01966922 0.11810479 0.99280679 0.43021750
0.00000000 0.00000000 0.00000000 1.00000000
170 2.692391 0.147627
0.99197352 -0.00903373 -0.12611759 -1.19446194
-0.00744563 0.99153978 -0.12958731 0.22420108
0.12622207 0.12948713 0.98351395 -0.04437518
0.00000000 0.00000000 0.00000000 1.00000000
171 3.119101 0.154445
0.99999416 -0.00188070 0.00250748 -1.65771437
0.00217432 0.99240273 -0.12300871 0.40097696
-0.00225660 0.12301376 0.99240160 -0.18703866
0.00000000 0.00000000 0.00000000 1.00000000
172 1.904748 0.023418
0.82638216 -0.24582967 0.50661796 -2.15759492
0.28233325 0.95930475 0.00495636 -0.02946097
-0.48721880 0.13893868 0.86215669 0.27216053
0.00000000 0.00000000 0.00000000 1.00000000
173 0.996619 0.031446
0.36333337 -0.28326622 0.88755286 -2.19715357
0.46622530 0.88007450 0.09002320 -0.30537236
-0.80661249 0.38109168 0.45182621 1.12685752
0.00000000 0.00000000 0.00000000 1.00000000
174 2.015186 0.055161
-0.01319356 -0.31946725 0.94750524 -1.92835188
0.48902419 0.82446820 0.28479248 -0.46434820
-0.87217045 0.46711034 0.14534909 1.41195047
0.00000000 0.00000000 0.00000000 1.00000000
175 0.628696 0.089770
0.38975471 0.60328484 -0.69580078 1.27141762
-0.69062746 0.69128346 0.21251094 -0.44538730
0.60920018 0.39771211 0.68607581 0.26755965
0.00000000 0.00000000 0.00000000 1.00000000
176 0.000000 0.035523
0.88285232 0.28835604 -0.37070611 1.14219761
-0.34214064 0.93560773 -0.08705428 0.26112306
0.32173246 0.20368981 0.92466164 -0.19808769
0.00000000 0.00000000 0.00000000 1.00000000
177 0.462248 0.014166
0.96506965 0.13673408 -0.22348267 0.81385332
-0.18940145 0.95348126 -0.23452333 0.20181309
0.18101916 0.26865953 0.94607317 0.12686276
0.00000000 0.00000000 0.00000000 1.00000000
178 1.286944 0.042166
0.99718994 -0.01931180 0.07237905 0.43959048
0.04418042 0.93188494 -0.36005244 0.04421684
-0.06049496 0.36223859 0.93011987 0.33404493
0.00000000 0.00000000 0.00000000 1.00000000
179 0.595448 0.028576
0.98804563 -0.14113498 0.06202228 0.09770876
0.15247108 0.95405495 -0.25793731 -0.03427482
-0.02276869 0.26431066 0.96416891 0.46695900
0.00000000 0.00000000 0.00000000 1.00000000
180 0.955725 0.075479
0.87203246 0.12454901 -0.47333750 1.25540018
-0.11669211 0.99209929 0.04606907 0.14893878
0.47533473 0.01506116 0.87967634 -0.25957346
0.00000000 0.00000000 0.00000000 1.00000000
181 2.836832 0.074960
0.89341897 0.12519506 -0.43142593 0.71349120
-0.19573683 0.97291017 -0.12301381 -0.22772956
0.40433854 0.19434860 0.89372188 0.01071417
0.00000000 0.00000000 0.00000000 1.00000000
182 0.679550 0.040855
0.99015045 -0.13331845 -0.04274890 -0.40387747
0.12808043 0.98586833 -0.10797739 0.03308737
0.05654041 0.10143867 0.99323374 0.59026670
0.00000000 0.00000000 0.00000000 1.00000000
183 2.390646 0.142438
0.94192153 -0.02377596 -0.33498859 -0.39690003
-0.02244207 0.99080396 -0.13342375 0.12266564
0.33508036 0.13319129 0.93272722 0.36381578
0.00000000 0.00000000 0.00000000 1.00000000
184 2.120434 0.042980
0.96499074 -0.18177579 0.18907660 -1.84985256
0.20056714 0.97595370 -0.08536780 0.24763590
-0.16901250 0.12030160 0.97824448 -0.02777791
0.00000000 0.00000000 0.00000000 1.00000000
185 1.112763 0.028946
0.65533745 -0.25318128 0.71163988 -2.13956094
0.42665508 0.90153027 -0.07216099 0.04414731
-0.62329549 0.35091415 0.69882786 0.75393224
0.00000000 0.00000000 0.00000000 1.00000000
186 0.975985 0.035768
0.31124252 -0.30797601 0.89904398 -2.09977913
0.50722468 0.85385054 0.11689743 -0.17166053
-0.80364925 0.41963512 0.42196760 1.08536339
0.00000000 0.00000000 0.00000000 1.00000000
187 2.189101 0.050091
0.70079142 0.31081602 -0.64209449 1.62803197
-0.38296604 0.92330813 0.02896735 0.26303029
0.60185456 0.22560030 0.76607805 -0.12135756
0.00000000 0.00000000 0.00000000 1.00000000
188 0.068528 0.020249
0.82360417 0.21087378 -0.52650636 1.30958843
-0.33132046 0.93233168 -0.14486536 0.24512751
0.46032974 0.29375440 0.83773881 0.15406549
0.00000000 0.00000000 0.00000000 1.00000000
189 1.954646 0.031929
0.96557981 0.03862486 -0.25722501 0.89732212
-0.12829342 0.93097532 -0.34179834 0.22420250
0.22626789 0.36303365 0.90388578 0.24628627
0.00000000 0.00000000 0.00000000 1.00000000
190 0.723076 0.019344
0.95970064 -0.07948173 -0.26955268 0.54348290
0.00059407 0.95974338 -0.28087962 0.18432671
0.28102598 0.26940066 0.92111266 0.39169884
0.00000000 0.00000000 0.00000000 1.00000000
191 2.533273 0.042453
0.67784768 0.13166988 -0.72331560 1.65395081
-0.11095425 0.99088478 0.07639697 0.24574980
0.72678167 0.02846920 0.68627834 -0.22425973
0.00000000 0.00000000 0.00000000 1.00000000
192 4.354062 0.109408
0.71102661 0.16234635 -0.68416768 1.14433587
-0.27438334 0.95990759 -0.05737834 -0.15466356
0.64742231 0.22852185 0.72706431 0.10433841
0.00000000 0.00000000 0.00000000 1.00000000
193 2.050232 0.058856
0.88681597 0.35663968 -0.29388037 -0.75034946
-0.32541570 0.93346387 0.15083146 0.22174039
0.32811886 -0.03812641 0.94386673 -0.02613592
0.00000000 0.00000000 0.00000000 1.00000000
194 0.995833 0.018570
0.94488955 0.28044134 -0.16892552 -0.53339744
-0.26275605 0.95740783 0.11970483 0.22233635
0.19530123 -0.06872193 0.97833252 -0.27138400
0.00000000 0.00000000 0.00000000 1.00000000
195 0.000000 0.013292
0.96937454 0.23282540 -0.07813931 -0.27035499
-0.22440809 0.96900326 0.10331416 0.23861688
0.09977153 -0.08261488 0.99157482 -0.28588295
0.00000000 0.00000000 0.00000000 1.00000000
196 0.000000 0.021964
0.92106807 0.33798125 -0.19339445 -0.03266440
-0.33279049 0.94110644 0.05973944 0.41861749
0.20219553 0.00933570 0.97930014 -0.55611205
0.00000000 0.00000000 0.00000000 1.00000000
197 85.068497 1.945951
-0.29535234 -0.43951219 0.84829068 -2.11507130
0.28220242 0.80814898 0.51696914 -1.05812323
-0.91275954 0.39207733 -0.11465681 3.20722818
0.00000000 0.00000000 0.00000000 1.00000000
198 2.196598 0.055525
0.53852260 -0.28700501 0.79222530 -1.82460439
