0 0.641024 0.043968
0.99931222 0.03349134 0.01596993 -0.69911796
-0.03442859 0.99744833 0.06255639 0.19148734
-0.01383367 -0.06306192 0.99791443 -0.18808770
0.00000000 0.00000000 0.00000000 1.00000000
1 0.955725 0.040317
0.97376329 0.22478098 -0.03545305 -0.39969334
-0.22365148 0.97410369 0.03318393 0.32473978
0.04199427 -0.02438477 0.99881995 -0.40210652
0.00000000 0.00000000 0.00000000 1.00000000
2 0.336882 0.019345
0.98576581 0.15046509 0.07499890 -0.16355540
-0.15222208 0.98817712 0.01825595 0.34386101
-0.07136542 -0.02941331 0.99701619 -0.66796041
0.00000000 0.00000000 0.00000000 1.00000000
3 0.913431 0.032652
0.97767478 0.10532936 0.18181519 0.02205322
-0.11126894 0.99352956 0.02275497 0.34662414
-0.17824227 -0.04247755 0.98306912 -0.72487354
0.00000000 0.00000000 0.00000000 1.00000000
4 2.653137 0.034849
0.97841144 0.20085788 0.04865606 0.33173096
-0.19866978 0.97897160 -0.04631346 0.52143550
-0.05693544 0.03564718 0.99774122 -0.94658053
0.00000000 0.00000000 0.00000000 1.00000000
5 2.432687 0.064654
0.87784505 0.36665046 -0.30814970 0.65831131
-0.40576330 0.91115499 -0.07179001 0.59187007
0.25445017 0.18805674 0.94862604 -0.85703373
0.00000000 0.00000000 0.00000000 1.00000000
6 1.426287 0.037189
0.81431741 0.42745754 -0.39264145 0.05791819
-0.39066672 0.90395850 0.17389172 0.16255984
0.42926300 0.01178864 0.90310276 -0.31536770
0.00000000 0.00000000 0.00000000 1.00000000
7 0.268341 0.008781
0.99724185 -0.06016532 0.04347020 0.11283866
0.06100367 0.99797130 -0.01822847 0.05420917
-0.04228531 0.02083063 0.99888873 -0.12289476
0.00000000 0.00000000 0.00000000 1.00000000
8 2.332465 0.078466
0.76814604 -0.10222855 0.63206184 -2.38805366
0.10405790 0.99397999 0.03430328 0.01562440
-0.63176346 0.03942159 0.77415860 0.94100523
0.00000000 0.00000000 0.00000000 1.00000000
9 0.922385 0.096621
0.29367390 -0.31069160 0.90400493 -2.03136683
0.32197395 0.92259526 0.21248470 -0.30305594
-0.90004873 0.22866446 0.37097746 1.55229735
0.00000000 0.00000000 0.00000000 1.00000000
10 2.858417 0.167764
0.19278401 -0.29566011 0.93563843 -2.12865877
0.33404335 0.91634643 0.22073576 -0.01449886
-0.92263174 0.26998913 0.27542028 1.20925248
0.00000000 0.00000000 0.00000000 1.00000000
11 1.934720 0.129584
0.25071186 -0.30195299 0.91976517 -2.25606465
0.30460823 0.92645526 0.22111946 0.28542733
-0.91888916 0.22473046 0.32425058 0.61849093
0.00000000 0.00000000 0.00000000 1.00000000
12 0.808425 0.034751
0.95842397 -0.09704869 0.26833737 0.24159931
0.10903342 0.99358249 -0.03009039 0.22987214
-0.26369518 0.05809730 0.96285510 -0.43397021
0.00000000 0.00000000 0.00000000 1.00000000
13 2.478598 0.123191
-0.25709137 -0.50263697 0.82538426 -2.16541195
0.46949384 0.68156207 0.56129092 -0.25994718
-0.84467614 0.53181654 0.06076211 0.57909697
0.00000000 0.00000000 0.00000000 1.00000000
14 4.128060 0.129282
-0.65090561 -0.38924527 0.65177459 -1.69523084
0.56418562 0.32642794 0.75837898 -1.01132429
-0.50795245 0.86135519 0.00713339 1.14256442
0.00000000 0.00000000 0.00000000 1.00000000
15 0.000000 0.017793
0.35553321 0.50556034 -0.78613305 1.59138131
-0.67969483 0.71718466 0.15382373 0.42775780
0.64156926 0.47964123 0.59860969 -0.00370276
0.00000000 0.00000000 0.00000000 1.00000000
16 1.488852 0.034385
0.64470732 0.41692299 -0.64072287 1.09881377
-0.59876394 0.79648536 -0.08420770 0.47533017
0.47521865 0.43793070 0.76313913 0.03412032
0.00000000 0.00000000 0.00000000 1.00000000
17 2.785724 0.081999
0.71039593 0.31764844 -0.62804180 0.64151525
-0.47528532 0.87466311 -0.09522542 0.44755116
0.51907724 0.36614656 0.77233088 0.12967455
0.00000000 0.00000000 0.00000000 1.00000000
18 0.860028 0.030845
0.93306625 -0.14708735 0.32825595 0.01477599
0.11266903 0.98616123 0.12162739 0.43460816
-0.34160250 -0.07650170 0.93672591 -0.71355999
0.00000000 0.00000000 0.00000000 1.00000000
19 2.089004 0.090092
0.96261436 -0.01358972 0.27053362 0.45713446
-0.09941672 0.91131455 0.39952439 0.10252792
-0.25197026 -0.41148448 0.87589455 -0.21811986
0.00000000 0.00000000 0.00000000 1.00000000
20 1.428755 0.054095
0.98034561 0.10474873 -0.16718061 0.22926487
-0.09239972 0.99250007 0.08002985 0.44759753
0.17430964 -0.06301016 0.98267245 -0.51645803
0.00000000 0.00000000 0.00000000 1.00000000
21 1.298449 0.055691
0.93951482 0.25886521 -0.22427830 0.05230278
-0.22787729 0.96128428 0.15493569 0.20311025
0.25570256 -0.09445584 0.96213043 -0.35965657
0.00000000 0.00000000 0.00000000 1.00000000
22 0.880267 0.041866
0.95335293 0.19240713 -0.23258969 -0.30300570
-0.17141387 0.97931427 0.10752329 0.02749506
0.24846673 -0.06263825 0.96661329 -0.38583302
0.00000000 0.00000000 0.00000000 1.00000000
23 0.549652 0.032562
0.99593067 0.08729036 -0.02242221 -0.82401669
-0.08524546 0.99314398 0.07999223 0.15648827
0.02925108 -0.07775545 0.99654341 -0.06071448
0.00000000 0.00000000 0.00000000 1.00000000
24 0.788823 0.027502
0.95738566 0.28134969 -0.06523359 -0.53738731
-0.27728873 0.95859766 0.06482223 0.30023056
0.08077057 -0.04397091 0.99576259 -0.28158545
0.00000000 0.00000000 0.00000000 1.00000000
25 0.301316 0.011293
0.97540057 0.21629275 0.04256094 -0.28017446
-0.21802847 0.97505927 0.04151240 0.32373530
-0.03252056 -0.04977071 0.99823117 -0.53259480
0.00000000 0.00000000 0.00000000 1.00000000
26 1.156906 0.022296
0.97623366 0.16492441 0.14060152 -0.06063282
-0.17207709 0.98426169 0.04024377 0.33495525
-0.13175103 -0.06348151 0.98924798 -0.57670236
0.00000000 0.00000000 0.00000000 1.00000000
27 2.539909 0.038775
0.96389985 0.26590928 0.01378244 0.22233661
-0.26554811 0.96381128 -0.02351037 0.50257349
-0.01953520 0.01900208 0.99962872 -0.81317294
0.00000000 0.00000000 0.00000000 1.00000000
28 2.553436 0.042098
0.78364015 -0.07578743 0.61657679 -2.41173697
0.04266140 0.99675345 0.06829807 -0.06320935
-0.61975038 -0.02721593 0.78432763 1.12773705
0.00000000 0.00000000 0.00000000 1.00000000
29 1.580410 0.079830
0.33864933 -0.28021327 0.89821857 -1.98000550
0.25482368 0.94626188 0.19912696 -0.31593108
-0.90574849 0.16145223 0.39185685 1.74129152
0.00000000 0.00000000 0.00000000 1.00000000
30 1.646394 0.106802
0.23221408 -0.29964405 0.92535931 -2.05682278
0.28121746 0.93141848 0.23103616 -0.07273268
-0.93112510 0.20657773 0.30055317 1.38481832
0.00000000 0.00000000 0.00000000 1.00000000
31 0.800642 0.058864
0.27768868 -0.28879344 0.91623533 -2.19634032
0.23408267 0.94533968 0.22702226 0.23272409
-0.93171650 0.15143311 0.33011153 0.82704425
0.00000000 0.00000000 0.00000000 1.00000000
32 0.895693 0.017660
0.96927482 -0.04574224 0.24169296 0.13589227
0.05159959 0.99850696 -0.01795661 0.18238100
-0.24051142 0.02987631 0.97018731 -0.27527821
0.00000000 0.00000000 0.00000000 1.00000000
33 2.786848 0.112088
-0.17882517 -0.51202708 0.84014869 -2.04768538
0.46019328 0.71121949 0.53140277 -0.23474982
-0.86962283 0.48165894 0.10844745 0.67346394
0.00000000 0.00000000 0.00000000 1.00000000
34 3.651947 0.115036
-0.60311621 -0.43720981 0.66715646 -1.51601589
0.57176536 0.34623155 0.74377906 -0.99176282
-0.55617803 0.83004284 0.04116365 1.17056704
0.00000000 0.00000000 0.00000000 1.00000000
35 0.789319 0.019567
0.95191276 -0.09273839 0.29199538 -0.05617970
0.05365741 0.98881990 0.13912688 0.38779569
-0.30163309 -0.11676900 0.94624656 -0.54714024
0.00000000 0.00000000 0.00000000 1.00000000
36 2.302058 0.069234
0.98250115 0.02967119 0.18388173 0.39015001
-0.09929696 0.91868222 0.38231382 0.09396267
-0.15758558 -0.39388210 0.90555191 0.27372813
0.00000000 0.00000000 0.00000000 1.00000000
37 0.653719 0.024274
0.96601504 0.03856247 0.25559321 0.33549947
-0.14977498 0.88940459 0.43188727 0.08762813
-0.21067078 -0.45549113 0.86495423 -0.04050922
0.00000000 0.00000000 0.00000000 1.00000000
38 2.033554 0.071890
0.97051066 0.15475649 -0.18482104 0.02602956
-0.13744262 0.98512328 0.10315353 0.42396429
0.19803506 -0.07470971 0.97734338 -0.41962481
0.00000000 0.00000000 0.00000000 1.00000000
39 0.618023 0.022799
0.91369975 0.31330734 -0.25882685 -0.11778042
-0.27143461 0.94449103 0.18508983 0.18763937
0.30244979 -0.09886292 0.94802403 -0.27400136
0.00000000 0.00000000 0.00000000 1.00000000
40 0.104678 0.006887
0.97783589 0.19808376 -0.06781965 0.25337628
-0.19981256 0.97963715 -0.01966393 -0.01615730
0.06254355 0.03277940 0.99750400 -0.18132806
0.00000000 0.00000000 0.00000000 1.00000000
41 0.344917 0.016596
0.98900038 0.13957106 0.04897679 0.52501851
-0.13769035 0.98967230 -0.03988263 0.05523497
-0.05403757 0.03270036 0.99800372 -0.52109313
0.00000000 0.00000000 0.00000000 1.00000000
42 1.838453 0.096140
0.97813165 0.10626134 0.17879438 0.67756283
-0.10131758 0.99418151 -0.03658661 0.06982213
-0.18164144 0.01767161 0.98320615 -0.67548013
0.00000000 0.00000000 0.00000000 1.00000000
43 2.494341 0.047772
0.98053515 0.19467805 0.02550343 0.97840840
-0.19129266 0.97649395 -0.09933355 0.16189721
-0.04424167 0.09252194 0.99472725 -0.81243062
0.00000000 0.00000000 0.00000000 1.00000000
44 1.998020 0.024824
0.88283885 0.33778685 -0.32633579 1.11626351
-0.39653310 0.90841448 -0.13245246 0.13884434
0.25170806 0.24633703 0.93592751 -0.53953981
0.00000000 0.00000000 0.00000000 1.00000000
45 1.780262 0.032261
0.61945832 0.41355777 -0.66726512 1.19234610
-0.53004694 0.84732497 0.03308576 -0.13308808
0.57907116 0.33318731 0.74408591 -0.04850662
0.00000000 0.00000000 0.00000000 1.00000000
46 2.060136 0.032946
0.34719598 0.38136685 -0.85674679 1.02830482
-0.44988465 0.86932325 0.20465064 -0.17941876
0.82283616 0.31438363 0.47339624 0.40250313
0.00000000 0.00000000 0.00000000 1.00000000
47 0.000000 0.048214
0.58531702 0.36750767 -0.72273231 0.92104274
-0.39367533 0.90806973 0.14292681 -0.12648061
0.70881855 0.20086437 0.67618728 0.27417302
0.00000000 0.00000000 0.00000000 1.00000000
48 0.000000 0.022075
0.80917543 0.36473447 -0.46065706 0.55368561
-0.35412133 0.92834836 0.11300099 -0.23478031
0.46886462 0.07169139 0.88035631 0.20051241
0.00000000 0.00000000 0.00000000 1.00000000
49 0.865924 0.084129
0.82797891 0.22062762 -0.51553202 0.18663245
-0.28160727 0.95860851 -0.04203203 -0.15769917
0.48492014 0.17997849 0.85583854 0.80338669
0.00000000 0.00000000 0.00000000 1.00000000
50 0.000000 0.034264
0.95455211 0.06150124 0.29162985 -1.58240104
-0.01836152 0.98875475 -0.14841372 0.03636146
-0.29747829 0.13631392 0.94494760 0.46894360
0.00000000 0.00000000 0.00000000 1.00000000
51 1.388749 0.066247
0.78732276 -0.10751663 0.60709369 -1.65490615
0.15094809 0.98832476 -0.02072769 -0.08322296
-0.59777689 0.10795912 0.79435992 0.60754430
0.00000000 0.00000000 0.00000000 1.00000000
52 3.223429 0.104826
0.33408079 -0.24386480 0.91045070 -1.58517301
0.33085808 0.93482327 0.12898812 -0.17265755
-0.88256621 0.25813732 0.39299113 0.92588091
0.00000000 0.00000000 0.00000000 1.00000000
53 2.103010 0.042701
0.16840579 0.50858039 -0.84438431 1.80390716
-0.62301713 0.71873873 0.30864662 -0.16274117
0.76386410 0.47408801 0.43789363 0.27809930
0.00000000 0.00000000 0.00000000 1.00000000
54 1.511549 0.007404
0.36378005 0.43545806 -0.82343233 1.60243309
-0.64563346 0.75507861 0.11407918 -0.14612329
0.67143255 0.49013555 0.55582893 0.49264264
0.00000000 0.00000000 0.00000000 1.00000000
55 1.018756 0.015012
0.64039588 0.35995191 -0.67847455 1.37272525
-0.59241921 0.79370850 -0.13808352 -0.12651733
0.48880756 0.49036950 0.72152972 0.47877145
0.00000000 0.00000000 0.00000000 1.00000000
56 0.944605 0.029827
0.68258166 0.25336784 -0.68548381 1.03867209
-0.46625340 0.87326181 -0.14150441 -0.09561789
0.56275284 0.41619825 0.71420550 0.66510296
0.00000000 0.00000000 0.00000000 1.00000000
57 1.812293 0.090999
0.95886087 -0.02788357 0.28250372 1.09291112
-0.06951965 0.94179630 0.32891750 -0.02911258
-0.27523243 -0.33502573 0.90111315 -0.18228960
0.00000000 0.00000000 0.00000000 1.00000000
58 0.996619 0.028175
0.99111199 -0.06124216 0.11809725 0.28794959
0.06285717 0.99797314 -0.00999114 0.03919977
-0.11724544 0.01732659 0.99295217 -0.31519127
0.00000000 0.00000000 0.00000000 1.00000000
59 1.325889 0.027402
0.97235358 -0.09802416 0.21194309 0.55329061
0.10448538 0.99433589 -0.01947862 0.09373139
-0.20883301 0.04108500 0.97708797 -0.42009783
0.00000000 0.00000000 0.00000000 1.00000000
60 2.417190 0.028420
0.99570817 -0.00321081 0.09249265 0.75127566
0.01120189 0.99623144 -0.08600861 0.17965813
-0.09186822 0.08667558 0.99199146 -0.60580039
0.00000000 0.00000000 0.00000000 1.00000000
61 3.032930 0.041978
0.95335180 0.15084186 -0.26147243 0.83276582
-0.18705367 0.97505295 -0.11951140 0.16566300
0.23692250 0.16284636 0.95778388 -0.42526555
0.00000000 0.00000000 0.00000000 1.00000000
62 0.000000 0.073878
0.68971127 0.25795975 -0.67657429 0.64163488
-0.21308687 0.96532005 0.15082645 -0.03508014
0.69201970 0.04014137 0.72076142 0.24418485
0.00000000 0.00000000 0.00000000 1.00000000
63 0.556023 0.026712
0.89732689 0.20763874 -0.38947582 0.24267963
-0.17046624 0.97700012 0.12811995 -0.16778310
0.40711939 -0.04857162 0.91208291 0.25726748
0.00000000 0.00000000 0.00000000 1.00000000
64 1.945614 0.137547
0.87821323 0.05449331 -0.47515512 -0.07277656
-0.08114222 0.99606204 -0.03573835 -0.11868042
0.47133607 0.06994128 0.87917656 0.86941409
0.00000000 0.00000000 0.00000000 1.00000000
65 0.907844 0.031068
0.92326403 -0.14634334 0.35520053 -1.76267421
0.20122254 0.97183913 -0.12263390 -0.01009941
-0.32725090 0.18469831 0.92671186 0.73201180
0.00000000 0.00000000 0.00000000 1.00000000
66 1.191240 0.059616
0.70030969 -0.27945635 0.65686476 -1.72587657
0.34853429 0.93690783 0.02701190 -0.15845037
-0.62296975 0.21002388 0.75352514 0.91066933
0.00000000 0.00000000 0.00000000 1.00000000
67 2.799742 0.090729
0.20491284 -0.33368063 0.92014593 -1.48685801
0.51045990 0.83855504 0.19041595 -0.27005255
-0.83512998 0.43067834 0.34216115 1.20422435
0.00000000 0.00000000 0.00000000 1.00000000
68 4.492308 0.177279
0.08951074 -0.32430804 0.94170696 -1.59881747
0.54078990 0.80981255 0.22748196 0.01604386
-0.83638078 0.48890376 0.24787028 0.79879403
0.00000000 0.00000000 0.00000000 1.00000000
69 1.875967 0.036416
0.49692756 0.37414351 -0.78299451 1.35423231
-0.48627439 0.86737192 0.10584822 -0.01149736
0.71874946 0.32815146 0.61295718 0.43753195
0.00000000 0.00000000 0.00000000 1.00000000
70 1.588562 0.036544
0.74370420 0.24886577 -0.62045974 1.04747438
-0.41825327 0.89724988 -0.14144596 -0.03960219
0.52150637 0.36470360 0.77137715 0.46988988
0.00000000 0.00000000 0.00000000 1.00000000
71 1.919894 0.032535
0.76577449 0.11535650 -0.63267875 0.72611237
-0.26224771 0.95428360 -0.14342147 -0.02967918
0.58720958 0.27574772 0.76101816 0.65880597
0.00000000 0.00000000 0.00000000 1.00000000
72 2.474172 0.085345
0.92097116 -0.22731225 0.31644952 0.99628550
0.10622784 0.92790103 0.35737213 0.03944382
-0.37486908 -0.29551366 0.87871772 0.07514715
0.00000000 0.00000000 0.00000000 1.00000000
73 0.577430 0.006104
0.99407542 -0.03974511 0.10117029 0.28645346
0.04049067 0.99916595 -0.00532374 0.02872774
-0.10087459 0.00938931 0.99485517 -0.07461953
0.00000000 0.00000000 0.00000000 1.00000000
74 1.956448 0.025283
0.99808216 0.05632675 -0.02567009 0.46169895
-0.05776578 0.99656928 -0.05926895 0.12192589
0.02224356 0.06063795 0.99791181 -0.29685116
0.00000000 0.00000000 0.00000000 1.00000000
75 2.506865 0.035347
0.90957022 0.22638598 -0.34846979 0.41925710
-0.26659086 0.96115994 -0.07142539 0.17787984
0.31876585 0.15786541 0.93459463 -0.25431156
0.00000000 0.00000000 0.00000000 1.00000000
76 1.727597 0.026925
0.84400606 0.25373688 -0.47251579 -0.19253743
-0.19121732 0.96547532 0.17689949 -0.10950886
0.50108838 -0.05895099 0.86338598 0.35086358
0.00000000 0.00000000 0.00000000 1.00000000
77 4.817108 0.077608
0.76218688 -0.21902162 0.60918152 -1.86004901
0.24773674 0.96807849 0.03809905 -0.35251856
-0.59807980 0.12187792 0.79211545 1.36526108
0.00000000 0.00000000 0.00000000 1.00000000
78 1.556454 0.041470
0.30967543 -0.32757565 0.89263481 -1.32734430
0.46504390 0.87101990 0.15831023 -0.42081949
-0.82935888 0.36608934 0.42207029 1.59521210
0.00000000 0.00000000 0.00000000 1.00000000
79 2.221759 0.086504
0.20416704 -0.30122209 0.93144041 -1.41230905
0.49145269 0.85443026 0.16859323 -0.10676092
-0.84663498 0.42333797 0.32248291 1.17395067
0.00000000 0.00000000 0.00000000 1.00000000
80 2.169523 0.089866
0.26529282 -0.29300022 0.91856939 -1.52834868
0.45307931 0.87884885 0.14947543 0.21614434
-0.85108006 0.37652999 0.36590478 0.62954223
0.00000000 0.00000000 0.00000000 1.00000000
81 4.238638 0.056660
0.39702526 0.45565665 -0.79671067 0.92472595
-0.57978892 0.79743820 0.16714597 0.19938779
0.71148819 0.39556298 0.58078778 0.29097390
0.00000000 0.00000000 0.00000000 1.00000000
82 2.730795 0.049521
0.97608167 -0.16571315 0.14072494 0.81903195
0.10893314 0.93297172 0.34306830 -0.00499886
-0.18814364 -0.31953371 0.92870867 0.82595932
0.00000000 0.00000000 0.00000000 1.00000000
83 1.833764 0.054233
0.96434587 -0.16753757 0.20486471 0.79327202
0.08079363 0.92352360 0.37493902 0.04897311
-0.25201374 -0.34501767 0.90413058 0.45714450
0.00000000 0.00000000 0.00000000 1.00000000
84 2.738811 0.096841
0.98196489 -0.14727181 0.11856104 0.68627656
0.10012908 0.93701845 0.33462068 0.11864737
-0.16037400 -0.31671372 0.93486524 0.03461742
0.00000000 0.00000000 0.00000000 1.00000000
85 1.706627 0.062908
0.96414477 -0.16138051 0.21066579 0.58367562
0.08335227 0.93782735 0.33694771 0.12636200
-0.25194484 -0.30730665 0.91765279 -0.45962942
0.00000000 0.00000000 0.00000000 1.00000000
86 1.679813 0.064604
0.99650186 -0.05830260 -0.05987675 0.82510191
0.07295515 0.95635760 0.28294593 0.21798216
0.04076707 -0.28632405 0.95726514 -0.62660909
0.00000000 0.00000000 0.00000000 1.00000000
87 1.181012 0.017280
0.98725033 0.09860814 -0.12495099 0.16424048
-0.10498217 0.99343359 -0.04548079 0.12693851
0.11964588 0.05801815 0.99111998 -0.25504303
0.00000000 0.00000000 0.00000000 1.00000000
88 2.742811 0.040442
0.86373973 0.24228501 -0.44187328 0.12199366
-0.29025418 0.95597458 -0.04319291 0.25486416
0.41195455 0.16556293 0.89603740 -0.30709255
0.00000000 0.00000000 0.00000000 1.00000000
89 2.865530 0.046396
0.81759745 -0.26281756 0.51231086 -2.01814604
0.29311985 0.95581126 0.02254745 -0.45304745
-0.49559641 0.13173415 0.85850513 1.57153904
0.00000000 0.00000000 0.00000000 1.00000000
90 3.016620 0.060579
0.41695493 -0.30029577 0.85788763 -1.36373353
0.42901915 0.89711201 0.10551193 -0.54043233
-0.80130601 0.32405657 0.50288802 1.85939848
0.00000000 0.00000000 0.00000000 1.00000000
91 2.275033 0.082924
0.30907488 -0.29716867 0.90341800 -1.42027640
0.47228032 0.87248075 0.12541588 -0.25348991
-0.82548499 0.38790363 0.41000867 1.42928684
0.00000000 0.00000000 0.00000000 1.00000000
92 2.414111 0.093888
0.37297758 -0.29621103 0.87928760 -1.55094874
0.43832523 0.89150661 0.11439745 0.07700092
-0.81777656 0.34274626 0.46234876 0.87887287
0.00000000 0.00000000 0.00000000 1.00000000
93 4.848079 0.538810
0.19920276 -0.39743567 0.89574736 -2.08305025
0.53584170 0.80948997 0.24000022 0.10657483
-0.82048392 0.43217003 0.37421519 0.73824286
0.00000000 0.00000000 0.00000000 1.00000000
94 2.396371 0.041100
0.99006701 -0.13357480 0.04388475 0.53015769
0.11061534 0.93268287 0.34332302 -0.04111403
-0.08678943 -0.33505699 0.93819237 0.92481136
0.00000000 0.00000000 0.00000000 1.00000000
95 2.028930 0.045311
0.98699075 -0.11611059 0.11121239 0.51487279
0.06658870 0.92480302 0.37457424 0.02042574
-0.14634171 -0.36229575 0.92050326 0.58195210
0.00000000 0.00000000 0.00000000 1.00000000
96 2.451122 0.070865
0.99484515 -0.10002670 0.01667257 0.41313928
0.08835801 0.93571281 0.34151655 0.06612563
-0.04976165 -0.33828312 0.93972760 0.13328505
0.00000000 0.00000000 0.00000000 1.00000000
97 1.822201 0.063519
0.98729593 -0.11023860 0.11442500 0.31206870
0.06605172 0.93974042 0.33544412 0.10465720
-0.14450881 -0.32362607 0.93508458 -0.33583093
0.00000000 0.00000000 0.00000000 1.00000000
98 1.239858 0.050408
0.98536569 -0.03772596 -0.16622522 0.53214043
0.08615258 0.95169497 0.29470810 0.17170824
0.14707769 -0.30471656 0.94101864 -0.58833694
0.00000000 0.00000000 0.00000000 1.00000000
99 2.143384 0.112297
0.94673997 0.00363731 -0.32197776 0.60832101
0.08060350 0.96542341 0.24791187 0.30180794
0.31174666 -0.26066083 0.91371226 -0.76564324
0.00000000 0.00000000 0.00000000 1.00000000
100 0.874021 0.007155
0.92547989 0.18432599 -0.33092171 -0.10310054
-0.20382603 0.97869068 -0.02489463 0.15736361
0.31928065 0.09048988 0.94332945 -0.12233949
0.00000000 0.00000000 0.00000000 1.00000000
101 1.145688 0.061594
0.85142803 0.23764139 -0.46754432 -0.66770822
-0.14338748 0.96296614 0.22833455 -0.09607625
0.50449121 -0.12736990 0.85397053 0.42287755
0.00000000 0.00000000 0.00000000 1.00000000
102 3.398457 0.092525
0.93963730 -0.15880708 0.30308694 -2.38071489
0.17873660 0.98312348 -0.03900081 -0.37040955
-0.29177839 0.09081939 0.95216441 1.53871059
0.00000000 0.00000000 0.00000000 1.00000000
103 3.004786 0.059497
0.73031443 -0.33964279 0.59269148 -1.94293547
0.35267606 0.93052834 0.09867221 -0.56856811
-0.58502960 0.13696676 0.79936177 1.85519683
0.00000000 0.00000000 0.00000000 1.00000000
104 1.853719 0.046241
0.25888553 -0.41408142 0.87264776 -1.12383163
0.52474678 0.81879234 0.23285103 -0.70525968
-0.81093657 0.39763749 0.42926192 2.04599190
0.00000000 0.00000000 0.00000000 1.00000000
105 4.669254 0.110091
0.18747497 -0.35227528 0.91692686 -1.15949750
0.52314216 0.82588196 0.21033502 -0.33691800
-0.83136952 0.44025087 0.33912241 1.57933199
0.00000000 0.00000000 0.00000000 1.00000000
106 87.218276 2.598295
-0.93796992 0.10107720 0.33165526 -0.27054065
0.34010905 0.45407927 0.82349086 -1.41937435
-0.06736141 0.88520867 -0.46028981 3.07486510
0.00000000 0.00000000 0.00000000 1.00000000
107 9.030961 0.114135
0.44406599 0.51639366 -0.73221648 0.42711920
-0.58926523 0.78393030 0.19549228 0.45363498
0.67495787 0.34465942 0.65241158 0.11728311
0.00000000 0.00000000 0.00000000 1.00000000
108 4.078711 0.064289
0.67047733 0.34667733 -0.65595424 0.12392676
-0.47809672 0.87796128 -0.02467173 0.15089414
0.56734955 0.33015162 0.75439769 0.44209695
0.00000000 0.00000000 0.00000000 1.00000000
109 3.145601 0.080993
0.70561230 0.20579991 -0.67805207 -0.24523747
-0.31997821 0.94631970 -0.04576229 0.05535114
0.63223505 0.24925230 0.73358792 0.57701898
0.00000000 0.00000000 0.00000000 1.00000000
110 3.893701 0.046303
0.96470332 -0.22228426 0.14119901 0.46310210
0.14727548 0.89990491 0.41046417 -0.08377790
-0.21830532 -0.37518102 0.90087837 1.24153697
0.00000000 0.00000000 0.00000000 1.00000000
111 3.119603 0.049510
0.95058435 -0.22211124 0.21692151 0.45074132
0.11054693 0.89505607 0.43203381 -0.00027257
-0.29011634 -0.38670534 0.87538081 0.90652061
0.00000000 0.00000000 0.00000000 1.00000000
112 3.716574 0.083187
0.97175378 -0.19293976 0.13589695 0.30472299
0.12479843 0.90886849 0.39797485 0.04545528
-0.20029765 -0.36977363 0.90727526 0.44797277
0.00000000 0.00000000 0.00000000 1.00000000
113 5.854376 0.067571
0.19753933 0.43648362 -0.87775922 0.43360496
-0.49047077 0.81927800 0.29702228 0.01805408
0.84877408 0.37184143 0.37592235 -0.09974301
0.00000000 0.00000000 0.00000000 1.00000000
114 1.049784 0.050996
0.90112120 0.21035764 -0.37911823 -0.03045840
-0.18398666 0.97730947 0.10495505 0.00753787
0.39259377 -0.02482408 0.91937703 0.01735175
0.00000000 0.00000000 0.00000000 1.00000000
115 1.854985 0.042302
0.71574497 0.33308262 -0.61380994 -0.15509868
-0.18505001 0.93796951 0.29320425 0.05596496
0.67339677 -0.09627412 0.73298538 0.03983092
0.00000000 0.00000000 0.00000000 1.00000000
116 2.417837 0.058303
0.87566185 0.21601546 -0.43191892 -0.31913382
-0.10391361 0.95771229 0.26830882 -0.02414726
0.47161248 -0.19006549 0.86107898 0.23047519
0.00000000 0.00000000 0.00000000 1.00000000
117 2.208328 0.022068
0.98821682 0.08625140 -0.12644118 -0.65033019
-0.05133238 0.96502382 0.25709140 -0.20528151
0.14419296 -0.24757099 0.95808017 0.57439578
0.00000000 0.00000000 0.00000000 1.00000000
118 2.567807 0.025065
0.98097974 -0.03025919 -0.19173881 -1.06630015
0.05524080 0.99045110 0.12631965 -0.30006570
0.18608510 -0.13450807 0.97328341 1.09974277
0.00000000 0.00000000 0.00000000 1.00000000
119 6.824496 0.173485
0.88793755 0.17479734 -0.42545491 -1.23766923
-0.14175478 0.98394758 0.10840629 -0.04259825
0.43757415 -0.03594846 0.89846283 0.66967678
0.00000000 0.00000000 0.00000000 1.00000000
120 2.702405 0.046530
0.75759709 -0.34566331 0.55368090 -2.13862681
0.35025528 0.93108183 0.10202199 -0.44916523
-0.55078727 0.11663775 0.82645547 1.53208363
0.00000000 0.00000000 0.00000000 1.00000000
121 2.985309 0.080430
0.45875609 -0.48713705 0.74312842 -1.68636489
0.47677267 0.84068990 0.25676343 -0.58144212
-0.74982071 0.23651123 0.61792535 1.73580444
0.00000000 0.00000000 0.00000000 1.00000000
122 93.508696 0.970201
0.99408859 -0.06347418 0.08808341 -0.18942808
0.05671366 0.99539804 0.07724085 -0.41805556
-0.09258094 -0.07178868 0.99311370 1.33989286
0.00000000 0.00000000 0.00000000 1.00000000
123 1.742261 0.038484
0.59324217 0.53089428 -0.60515696 0.72471321
-0.43562162 0.84386098 0.31326041 0.35048252
0.67697626 0.07778007 0.73188317 -0.11993206
0.00000000 0.00000000 0.00000000 1.00000000
124 1.302061 0.045139
0.73496199 0.37873667 -0.56248474 0.44186705
-0.37594065 0.91792095 0.12684509 0.19210513
0.56435794 0.11823431 0.81701964 0.28939223
0.00000000 0.00000000 0.00000000 1.00000000
125 2.816750 0.058488
0.90622354 0.19650158 -0.37436146 0.15302522
-0.24748969 0.96442914 -0.09287629 -0.05216816
0.34279442 0.17681760 0.92262006 0.57195032
0.00000000 0.00000000 0.00000000 1.00000000
126 2.174209 0.043299
0.91455609 0.07647668 -0.39716455 -0.21152526
-0.10226070 0.99377853 -0.04411826 -0.14499623
0.39131969 0.08096358 0.91668677 0.70204687
0.00000000 0.00000000 0.00000000 1.00000000
127 2.475911 0.022566
0.57891589 0.38399088 -0.71931171 0.33077383
-0.32673669 0.91749489 0.22682275 -0.18314990
0.74706107 0.10371530 0.65661520 0.05144930
0.00000000 0.00000000 0.00000000 1.00000000
128 0.628696 0.015297
0.94209021 0.12227026 -0.31227580 -0.08964589
-0.06800295 0.98147094 0.17913589 0.03159398
0.32839277 -0.14752683 0.93294907 0.03863645
0.00000000 0.00000000 0.00000000 1.00000000
129 1.238911 0.026341
0.99734557 -0.02806821 -0.06717956 -0.28756613
0.04019670 0.98160714 0.18663156 -0.03600879
0.06070574 -0.18883675 0.98013043 0.21167374
0.00000000 0.00000000 0.00000000 1.00000000
130 1.830559 0.046227
0.95832193 -0.14990115 0.24320346 -0.59612036
0.10460194 0.97627962 0.18956810 -0.20373836
-0.26585084 -0.15622851 0.95127046 0.53782320
0.00000000 0.00000000 0.00000000 1.00000000
131 1.713265 0.014201
0.94905031 -0.26014492 0.17784286 -1.00222206
0.24262527 0.96335030 0.11441070 -0.30224371
-0.20108813 -0.06543207 0.97738552 1.08054686
0.00000000 0.00000000 0.00000000 1.00000000
132 3.659660 0.090064
0.98522532 -0.13875152 -0.10039555 -1.17971873
0.14688776 0.98601276 0.07875586 -0.19503650
0.08806397 -0.09233907 0.99182570 0.60594177
0.00000000 0.00000000 0.00000000 1.00000000
133 4.879898 0.153711
0.98795807 0.03707996 -0.15021446 -1.55199409
-0.02917323 0.99808705 0.05450437 0.22339976
0.15194821 -0.04946581 0.98714989 0.14146137
0.00000000 0.00000000 0.00000000 1.00000000
134 7.363512 0.266444
0.99910510 0.02615905 0.03322785 -2.09764218
-0.02748957 0.99881154 0.04024842 0.45459929
-0.03213540 -0.04112578 0.99863720 0.13331795
0.00000000 0.00000000 0.00000000 1.00000000
135 2.757473 0.067573
0.85281503 -0.34358066 0.39326465 -2.27072692
0.30155721 0.93883598 0.16628240 -0.12870678
-0.42634219 -0.02321659 0.90426368 0.58321428
0.00000000 0.00000000 0.00000000 1.00000000
136 0.800642 0.039498
0.39980710 -0.45960698 0.79304236 -2.09203362
0.49738595 0.83552289 0.23347270 -0.46787417
-0.76991045 0.30110407 0.56264961 1.44681382
0.00000000 0.00000000 0.00000000 1.00000000
137 4.109707 0.115077
0.05526814 -0.48461807 0.87297738 -1.68313909
0.53366315 0.75329125 0.38439059 -0.54199672
-0.84388942 0.44463146 0.30025578 1.62894225
0.00000000 0.00000000 0.00000000 1.00000000
138 0.000000 0.012554
0.39941916 0.71716040 -0.57109070 0.93822080
-0.65089077 0.66052157 0.37423450 -0.19671506
0.64560443 0.22224034 0.73061848 0.15858829
0.00000000 0.00000000 0.00000000 1.00000000
139 0.000000 0.017121
0.87817740 0.33070457 -0.34560031 0.76410776
-0.31141430 0.94368660 0.11170277 0.30029762
0.36307865 0.00953037 0.93171006 -0.10668039
0.00000000 0.00000000 0.00000000 1.00000000
140 0.000000 0.013245
0.95530313 0.16190350 -0.24735340 0.48078275
-0.17598540 0.98374325 -0.03577009 0.15719604
0.23754072 0.07770231 0.96826506 0.27730417
0.00000000 0.00000000 0.00000000 1.00000000
141 0.000000 0.017165
0.99813986 -0.05859908 -0.01686183 0.20770276
0.05453703 0.98160076 -0.18299219 -0.08049041
0.02727438 0.18173203 0.98296988 0.53704643
0.00000000 0.00000000 0.00000000 1.00000000
142 0.666172 0.009870
0.98537958 -0.16568691 -0.03968436 -0.15841331
0.16171804 0.98289084 -0.08815455 -0.15932375
0.05361131 0.08044681 0.99531531 0.67469954
0.00000000 0.00000000 0.00000000 1.00000000
143 2.277612 0.062261
0.98053896 -0.07550783 -0.18121687 0.78145492
0.10794692 0.97837639 0.17642434 0.30897829
0.16397887 -0.19255298 0.96748787 -0.58948684
0.00000000 0.00000000 0.00000000 1.00000000
144 0.856837 0.028453
0.85958147 0.17155446 -0.48134106 0.81912303
-0.05604517 0.96792841 0.24489272 0.14854978
0.50791645 -0.18352881 0.84162837 -0.27861774
0.00000000 0.00000000 0.00000000 1.00000000
145 0.482139 0.043313
0.63706869 0.35178173 -0.68585199 0.72436231
-0.25845081 0.93576324 0.23989649 -0.06635295
0.72618628 0.02442834 0.68706369 0.05352414
0.00000000 0.00000000 0.00000000 1.00000000
146 0.349426 0.055100
0.53043365 0.41944945 -0.73668271 0.59753418
-0.35007679 0.89983356 0.26027864 -0.26003522
0.77206641 0.11983499 0.62414110 0.20373404
0.00000000 0.00000000 0.00000000 1.00000000
147 0.000000 0.019253
0.66564202 0.32182515 -0.67331231 0.48768327
-0.29674226 0.94198442 0.15688083 -0.30686343
0.68473703 0.09537441 0.72252327 0.26635504
0.00000000 0.00000000 0.00000000 1.00000000
148 0.449370 0.020862
0.85897070 0.18650642 -0.47684854 0.38725621
-0.17275932 0.98225635 0.07298347 -0.22475392
0.48199978 0.01968929 0.87595004 0.07573366
0.00000000 0.00000000 0.00000000 1.00000000
149 1.118026 0.027962
0.95805079 -0.11597880 0.26208273 -0.20914559
0.10739665 0.99311012 0.04688784 -0.06170508
-0.26571539 -0.01677367 0.96390557 0.14145660
0.00000000 0.00000000 0.00000000 1.00000000
150 1.520327 0.053049
0.81077284 -0.16522133 0.56155962 -0.54878134
0.15207316 0.98585153 0.07049441 -0.23379877
-0.56526172 0.02824259 0.82442772 0.44721651
0.00000000 0.00000000 0.00000000 1.00000000
151 1.474323 0.008717
0.80228853 -0.29764226 0.51743829 -0.93851370
0.32398364 0.94515932 0.04134032 -0.30019510
-0.50136590 0.13447502 0.85472161 0.99212682
0.00000000 0.00000000 0.00000000 1.00000000
152 1.832910 0.046282
0.93868297 -0.19724996 0.28278431 -1.11907005
0.21810198 0.97493619 -0.04392964 -0.17485642
-0.26703182 0.10291150 0.95817667 0.57362914
0.00000000 0.00000000 0.00000000 1.00000000
153 2.594350 0.101495
0.98125666 -0.11227474 0.15662339 -1.45521426
0.12527665 0.98922640 -0.07574305 0.12947249
-0.14643198 0.09394512 0.98475009 0.05628157
0.00000000 0.00000000 0.00000000 1.00000000
154 4.077367 0.188330
0.96027988 -0.11142518 0.25582606 -1.83600569
0.13446122 0.98812640 -0.07433963 0.32925114
-0.24450493 0.10578559 0.96386033 -0.08280778
0.00000000 0.00000000 0.00000000 1.00000000
155 1.880760 0.057437
0.63314945 -0.34657127 0.69210494 -2.22130036
0.37146619 0.92051125 0.12112176 -0.13427013
-0.67906833 0.18040474 0.71156150 0.48046279
0.00000000 0.00000000 0.00000000 1.00000000
156 2.286018 0.065982
0.09827541 -0.34202209 0.93453908 -2.12953734
0.51029611 0.82354414 0.24773782 -0.44590706
-0.85436589 0.45254555 0.25546676 1.31291819
0.00000000 0.00000000 0.00000000 1.00000000
157 1.089303 0.067237
0.62383789 0.57452840 -0.52985168 1.03561258
-0.65000457 0.75783181 0.05642781 -0.32179353
0.43395862 0.30920374 0.84621072 0.19771791
0.00000000 0.00000000 0.00000000 1.00000000
158 0.000000 0.017587
0.97476643 0.19884044 -0.10144599 0.87334251
-0.21163170 0.96774453 -0.13668215 0.27089038
0.07099664 0.15470192 0.98540646 -0.14629865
0.00000000 0.00000000 0.00000000 1.00000000
159 0.307741 0.021862
0.99745941 0.05391285 0.04656384 0.58254850
-0.04158407 0.97137368 -0.23388985 0.12486076
-0.05784044 0.23135942 0.97114730 0.22539830
0.00000000 0.00000000 0.00000000 1.00000000
160 0.849498 0.022521
0.94015843 -0.14044446 0.31044635 0.29249263
0.23475397 0.92734784 -0.29140347 -0.08643514
-0.24696589 0.34684402 0.90482444 0.45746052
0.00000000 0.00000000 0.00000000 1.00000000
161 1.370022 0.025774
0.92186636 -0.24369000 0.30129251 -0.05285081
0.30268526 0.93830824 -0.16720906 -0.17098248
-0.24195844 0.24534121 0.93875641 0.60023952
0.00000000 0.00000000 0.00000000 1.00000000
162 1.465536 0.063191
0.97142887 -0.17087442 0.16470435 0.86978579
0.16330329 0.98483634 0.05856382 0.28478473
-0.17221394 -0.02999365 0.98460293 -0.64523494
0.00000000 0.00000000 0.00000000 1.00000000
163 0.424285 0.013787
0.97811043 0.02460492 -0.20662807 0.95142716
-0.01189343 0.99797177 0.06253660 0.10984111
0.20774764 -0.05871031 0.97641897 -0.26238060
0.00000000 0.00000000 0.00000000 1.00000000
164 1.014136 0.048743
0.84936374 0.18418404 -0.49462956 0.83936620
-0.20700924 0.97829962 0.00881740 -0.15811327
0.48551971 0.09490374 0.86905944 0.14647055
0.00000000 0.00000000 0.00000000 1.00000000
165 0.856837 0.032434
0.87949884 0.13763358 -0.45556417 0.58215445
-0.20030525 0.97540355 -0.09201871 -0.35432893
0.43169361 0.17218308 0.88543415 0.26547801
0.00000000 0.00000000 0.00000000 1.00000000
166 1.024884 0.033875
0.98233247 0.02733938 -0.18513830 0.48223776
-0.05362887 0.98890656 -0.13851967 -0.25776809
0.17929709 0.14600098 0.97290099 0.05995369
0.00000000 0.00000000 0.00000000 1.00000000
167 0.658491 0.038359
0.94151706 -0.05674004 0.33215496 -0.41659841
0.05587112 0.99836403 0.01217359 -0.15606326
-0.33230174 0.00709596 0.94314659 0.24482870
0.00000000 0.00000000 0.00000000 1.00000000
168 0.836499 0.019276
0.93741065 -0.19365628 0.28940982 -0.79456830
0.22015095 0.97351474 -0.06165677 -0.18531483
-0.26980510 0.12151092 0.95521688 0.80277348
0.00000000 0.00000000 0.00000000 1.00000000
169 0.964692 0.018444
0.99432433 -0.10303041 0.02654371 -0.95008552
0.10537485 0.98811352 -0.11192873 -0.08452433
-0.01469620 0.11409041 0.99336159 0.42748833
0.00000000 0.00000000 0.00000000 1.00000000
170 2.692246 0.147649
0.99197185 -0.00904007 -0.12612960 -1.19443250
-0.00744018 0.99154025 -0.12958540 0.22419167
0.12623456 0.12948427 0.98351300 -0.04438925
0.00000000 0.00000000 0.00000000 1.00000000
171 3.185060 0.155433
0.99999619 -0.00029093 0.00262165 -1.65687323
0.00061068 0.99240983 -0.12297034 0.40147620
-0.00256607 0.12297137 0.99240649 -0.18674946
0.00000000 0.00000000 0.00000000 1.00000000
172 1.905981 0.023498
0.82640648 -0.24585533 0.50656378 -2.15764236
0.28236663 0.95929301 0.00492831 -0.02944475
-0.48715478 0.13896438 0.86218840 0.27207851
0.00000000 0.00000000 0.00000000 1.00000000
173 1.000538 0.031446
0.36333233 -0.28326699 0.88755220 -2.19715452
0.46622717 0.88007271 0.09002286 -0.30537328
-0.80661130 0.38109234 0.45182568 1.12686014
0.00000000 0.00000000 0.00000000 1.00000000
174 2.394410 0.063772
-0.00623222 -0.31827554 0.94797748 -1.92703485
0.48951572 0.82567072 0.28043008 -0.45884556
-0.87197196 0.46579728 0.15065464 1.40502262
0.00000000 0.00000000 0.00000000 1.00000000
175 0.553908 0.085401
0.38986099 0.60510659 -0.69415724 1.26925039
-0.69180810 0.68997580 0.21292034 -0.44492480
0.60779107 0.39721394 0.68761253 0.26334059
0.00000000 0.00000000 0.00000000 1.00000000
176 0.000000 0.036425
0.88273662 0.28855175 -0.37082797 1.14283001
-0.34237745 0.93552017 -0.08705977 0.26090872
0.32179689 0.20381367 0.92461157 -0.19745755
0.00000000 0.00000000 0.00000000 1.00000000
177 0.462248 0.014166
0.96506965 0.13673408 -0.22348267 0.81385332
-0.18940145 0.95348126 -0.23452333 0.20181309
0.18101916 0.26865953 0.94607317 0.12686276
0.00000000 0.00000000 0.00000000 1.00000000
178 1.227804 0.041387
0.99727011 -0.01971600 0.07115702 0.44048157
0.04409928 0.93197632 -0.35982367 0.04418296
-0.05922233 0.36197883 0.93030292 0.33365810
0.00000000 0.00000000 0.00000000 1.00000000
179 0.610377 0.028700
0.98804116 -0.14113334 0.06209631 0.09765869
0.15248737 0.95407277 -0.25785691 -0.03439701
-0.02285220 0.26424071 0.96418524 0.46696520
0.00000000 0.00000000 0.00000000 1.00000000
180 0.975985 0.075816
0.87206250 0.12487005 -0.47319689 1.25541008
-0.11711029 0.99205476 0.04596464 0.14948812
0.47517604 0.01533246 0.87975740 -0.25917149
0.00000000 0.00000000 0.00000000 1.00000000
181 2.774317 0.073560
0.89292479 0.12579802 -0.43227401 0.71452475
-0.19679829 0.97263938 -0.12346277 -0.22670932
0.40491554 0.19531363 0.89325052 0.01073277
0.00000000 0.00000000 0.00000000 1.00000000
182 0.855923 0.023203
0.99053824 -0.13247864 -0.03581027 -0.42735818
0.12801467 0.98601294 -0.10673094 0.03171390
0.04944904 0.10113758 0.99364311 0.58732390
0.00000000 0.00000000 0.00000000 1.00000000
183 2.313930 0.138099
0.94234598 -0.02421671 -0.33376259 -0.40100837
-0.02175930 0.99083328 -0.13332671 0.12227696
0.33393183 0.13290215 0.93318099 0.36247492
0.00000000 0.00000000 0.00000000 1.00000000
184 1.888030 0.051953
0.96425056 -0.19191507 0.18272737 -1.83784175
0.20968531 0.97421288 -0.08331409 0.23767674
-0.16202645 0.11865142 0.97962713 -0.03579164
0.00000000 0.00000000 0.00000000 1.00000000
185 0.947913 0.029479
0.65518504 -0.25139898 0.71241194 -2.13905764
0.42429942 0.90268064 -0.07167438 0.04487407
-0.62506151 0.34923589 0.69809133 0.75416255
0.00000000 0.00000000 0.00000000 1.00000000
186 0.986753 0.035645
0.31138903 -0.30809122 0.89895260 -2.09985828
0.50704837 0.85393572 0.11702639 -0.17189573
-0.80370319 0.41937205 0.42212367 1.08529699
0.00000000 0.00000000 0.00000000 1.00000000
187 2.396044 0.050831
0.69873148 0.31032872 -0.64457017 1.63099527
-0.37669221 0.92558777 0.03728077 0.25186807
0.60817546 0.21675497 0.76363575 -0.11776555
0.00000000 0.00000000 0.00000000 1.00000000
188 0.832748 0.017168
0.82348335 0.21708511 -0.52416509 1.30467784
-0.33791754 0.92981446 -0.14579451 0.24681330
0.45572674 0.29718393 0.83904397 0.15043688
0.00000000 0.00000000 0.00000000 1.00000000
189 1.973578 0.031929
0.96573836 0.03755175 -0.25678864 0.89684969
-0.12725286 0.93087888 -0.34245059 0.22493073
0.22617874 0.36339521 0.90376329 0.24640644
0.00000000 0.00000000 0.00000000 1.00000000
190 0.772278 0.019478
0.95907843 -0.08066323 -0.27140611 0.54487485
0.00145633 0.95995378 -0.28015497 0.18416077
0.28313562 0.26829582 0.92078888 0.39191127
0.00000000 0.00000000 0.00000000 1.00000000
191 2.529252 0.042175
0.67775488 0.13185775 -0.72336829 1.65380359
-0.11064792 0.99087656 0.07694837 0.24480003
0.72691429 0.02788725 0.68616194 -0.22459090
0.00000000 0.00000000 0.00000000 1.00000000
192 4.423503 0.111434
0.71201670 0.16180116 -0.68326598 1.14243937
-0.27435118 0.95984203 -0.05859956 -0.15283509
0.64634609 0.22917855 0.72781420 0.10327101
0.00000000 0.00000000 0.00000000 1.00000000
193 2.026806 0.057940
0.88704515 0.35639289 -0.29348710 -0.75126678
-0.32513493 0.93354440 0.15094073 0.22158793
0.32777739 -0.03846855 0.94397163 -0.02648187
0.00000000 0.00000000 0.00000000 1.00000000
194 1.009494 0.016483
0.94460058 0.28115368 -0.16935462 -0.53179806
-0.26356515 0.95725906 0.11911567 0.22400075
0.19560638 -0.06788122 0.97833014 -0.27116275
0.00000000 0.00000000 0.00000000 1.00000000
195 0.000000 0.013774
0.96939588 0.23304915 -0.07720873 -0.27232325
-0.22472465 0.96894616 0.10316063 0.23906031
0.09885219 -0.08265210 0.99166399 -0.28570604
0.00000000 0.00000000 0.00000000 1.00000000
196 0.000000 0.022253
0.92031568 0.33993658 -0.19355270 -0.03073056
-0.33474547 0.94039935 0.05995674 0.41914403
0.20239776 0.00961185 0.97925669 -0.55666065
0.00000000 0.00000000 0.00000000 1.00000000
197 61.970685 0.898968
0.12123555 -0.53581560 0.83558679 -1.66988945
0.45670664 0.77751207 0.43231237 -0.65490174
-0.88131845 0.32920656 0.33897147 1.78890038
0.00000000 0.00000000 0.00000000 1.00000000
198 2.128173 0.054532
0.53827900 -0.28757006 0.79218566 -1.82365549
