93 93.357705 1.716808
0.97308499 0.18515882 -0.13719149 -0.42225602
-0.18982272 0.98158085 -0.02161232 0.68893111
0.13066286 0.04707281 0.99030918 -0.48815942
0.00000000 0.00000000 0.00000000 1.00000000
106 87.229094 2.601388
-0.93868542 0.09940653 0.33013156 -0.26536432
0.33789611 0.45553860 0.82359630 -1.41847908
-0.06851673 0.88464832 -0.46119595 3.07673097
0.00000000 0.00000000 0.00000000 1.00000000
197 88.230901 3.663777
0.38082221 0.62736195 -0.67925894 1.22766018
-0.55085087 0.74395293 0.37828282 -0.72317326
0.74265659 0.23011212 0.62889588 1.49241281
0.00000000 0.00000000 0.00000000 1.00000000
375 159.473301 2.909832
-0.64077717 -0.40574116 -0.65175033 1.86445308
-0.22279540 -0.71412557 0.66361636 -1.42438424
-0.73468816 0.57043743 0.36719787 1.45879555
0.00000000 0.00000000 0.00000000 1.00000000
512 4.666148 0.446165
0.10946643 0.20006517 -0.97364819 3.43206310
-0.40564322 0.90324712 0.13999301 -0.73084003
0.90745258 0.37962914 0.18003058 2.12150812
0.00000000 0.00000000 0.00000000 1.00000000
579 178.169334 5.068362
-0.99656528 -0.08147922 0.01478602 -0.79828048
0.06789194 -0.90614170 -0.41748968 2.52888274
0.04741488 -0.41505179 0.90856159 0.69715714
0.00000000 0.00000000 0.00000000 1.00000000
611 109.885645 1.059529
0.25356343 -0.40870935 0.87673420 -1.13139319
0.27128375 0.90002751 0.34110951 -0.30984938
-0.92849952 0.15135111 0.33909038 0.94749689
0.00000000 0.00000000 0.00000000 1.00000000
612 65.632030 0.456903
0.90482420 -0.12901410 0.40576875 0.22842526
0.02278941 0.96629769 0.25641620 -0.22020459
-0.42517471 -0.22276448 0.87726998 0.17513275
0.00000000 0.00000000 0.00000000 1.00000000
632 31.107073 1.417386
0.26662743 -0.12418988 0.95576507 -1.28889334
0.20586014 0.97611713 0.06940599 -0.17462593
-0.94155806 0.17824852 0.28582531 1.07944894
0.00000000 0.00000000 0.00000000 1.00000000
665 86.013842 2.022753
0.99716985 0.05265873 0.05366708 -0.18685788
-0.06707408 0.94555318 0.31848246 0.04623663
-0.03397399 -0.32118049 0.94640911 0.64881492
0.00000000 0.00000000 0.00000000 1.00000000
670 177.859540 3.159621
-0.33182752 0.07443240 0.94039851 -2.09943700
0.01305944 -0.99642420 0.08347524 0.26742387
0.94324857 0.03998059 0.32966924 1.95727348
0.00000000 0.00000000 0.00000000 1.00000000
671 178.703663 1.248746
-0.15843260 -0.12403195 -0.97954893 2.79798126
0.21649757 -0.97230053 0.08809759 -0.08183601
-0.96334350 -0.19811200 0.18089630 2.46277404
0.00000000 0.00000000 0.00000000 1.00000000
717 163.159620 1.514092
-0.99537355 0.09598301 -0.00431700 -0.14156993
0.07464829 0.74427450 -0.66368967 0.51550257
-0.06048986 -0.66094154 -0.74799597 1.27388048
0.00000000 0.00000000 0.00000000 1.00000000
719 19.282452 0.067007
0.95564950 0.22829062 0.18605776 0.35067847
-0.25547045 0.95690930 0.13806015 -0.36089176
-0.14652184 -0.17946824 0.97279167 1.80891645
0.00000000 0.00000000 0.00000000 1.00000000
724 162.445667 1.244650
-0.06369635 0.55158687 -0.83168203 0.67980915
0.78334004 -0.48870695 -0.38411388 -0.74340457
-0.61832100 -0.67595661 -0.40095153 2.67104697
0.00000000 0.00000000 0.00000000 1.00000000
727 179.778385 0.912845
-0.82208753 0.21615933 0.52673310 0.15106148
0.09810850 -0.85751140 0.50502390 -0.02455419
0.56084526 0.46685082 0.68374193 2.72306943
0.00000000 0.00000000 0.00000000 1.00000000
728 131.937352 0.255504
-0.70568132 -0.70607209 -0.05894623 0.11502688
0.61930871 -0.65509701 0.43278515 0.11780331
-0.34419340 0.26890326 0.89956629 2.62688684
0.00000000 0.00000000 0.00000000 1.00000000
739 92.836838 1.746727
-0.13707754 0.66079587 -0.73794305 -0.21067801
0.06209625 0.74924189 0.65937853 -1.38486958
0.98861283 0.04456222 -0.14373708 2.86356115
0.00000000 0.00000000 0.00000000 1.00000000
740 162.869250 0.714893
-0.39840332 0.91678381 -0.02797407 0.03544639
-0.09546858 -0.07178169 -0.99284172 0.69824648
-0.91222858 -0.39288044 0.11612284 2.94352269
0.00000000 0.00000000 0.00000000 1.00000000
752 151.072241 5.114466
-0.66550255 0.05869860 0.74408412 -0.87348199
0.56326884 0.69359004 0.44906718 -2.01737666
-0.48973024 0.71797460 -0.49464846 3.51363230
0.00000000 0.00000000 0.00000000 1.00000000
753 102.459149 4.694298
-0.85389256 -0.25848019 -0.45172334 3.50939608
-0.27468294 0.96104473 -0.03068446 -0.50032419
0.44205803 0.09787980 -0.89162982 5.09241867
0.00000000 0.00000000 0.00000000 1.00000000
754 56.394807 2.641086
0.98731524 -0.15821771 0.01327103 -0.55601221
0.14295979 0.92223608 0.35922492 -1.00819063
-0.06907465 -0.35277092 0.93315637 0.54907441
0.00000000 0.00000000 0.00000000 1.00000000
755 137.102418 5.478912
-0.44570562 0.04675057 0.89395767 -1.46770656
0.27567413 0.95727104 0.08738344 0.09217024
-0.85167480 0.28538868 -0.43954921 4.52212238
0.00000000 0.00000000 0.00000000 1.00000000
756 149.383933 6.261305
-0.57544720 0.34583732 0.74111891 -1.10920978
0.63830757 0.75645351 0.14262486 -1.58096611
-0.51129705 0.55513501 -0.65604937 5.06688833
0.00000000 0.00000000 0.00000000 1.00000000
757 115.699347 5.353615
-0.78111428 0.35134774 -0.51615417 2.88263178
-0.20694420 0.63425291 0.74491394 -3.66750121
0.58909613 0.68867803 -0.42271465 3.37672353
0.00000000 0.00000000 0.00000000 1.00000000
758 159.875984 5.933001
-0.60559881 0.26502365 0.75034177 -1.25218832
0.77292788 0.42019621 0.47541401 -3.08389568
-0.18929425 0.86786991 -0.45931458 3.20304751
0.00000000 0.00000000 0.00000000 1.00000000
759 140.653164 4.214626
0.09981930 -0.01260681 0.99492580 -2.32264686
0.62259901 0.78077394 -0.05257113 -0.27295542
-0.77614850 0.62468761 0.08578523 1.23433506
0.00000000 0.00000000 0.00000000 1.00000000
774 1.236381 0.521843
0.99707860 0.06027216 -0.04692608 0.86360276
-0.07218859 0.94434696 -0.32093206 0.24934593
0.02497125 0.32338196 0.94593912 -0.89172447
0.00000000 0.00000000 0.00000000 1.00000000
777 6.659145 1.075549
0.79269779 0.10237934 -0.60095632 1.23471522
-0.20967898 0.97144008 -0.11108458 0.12140456
0.57241964 0.21406455 0.79152536 -0.67207456
0.00000000 0.00000000 0.00000000 1.00000000
778 9.538669 0.349552
0.79896587 0.23909193 -0.55180448 0.15329078
-0.23452759 0.96879601 0.08019474 0.08424707
0.55375993 0.06534039 0.83010870 -0.21986318
0.00000000 0.00000000 0.00000000 1.00000000
779 1.521614 0.399394
0.92594904 0.22703129 -0.30178705 0.51946265
-0.19778110 0.97229338 0.12461056 0.16553581
0.32171607 -0.05569531 0.94519669 -0.39776671
0.00000000 0.00000000 0.00000000 1.00000000
780 178.423619 4.561477
-0.80051601 -0.39450344 0.45115250 -0.89299369
0.19319879 0.54272687 0.81738675 -1.83833718
-0.56731451 0.74149436 -0.35824329 2.75283551
0.00000000 0.00000000 0.00000000 1.00000000
781 178.264322 3.634569
-0.96566880 -0.19329681 0.17354892 -0.26719809
0.02593942 0.59298712 0.80479407 -1.61760831
-0.25847614 0.78166670 -0.56761491 2.54702616
0.00000000 0.00000000 0.00000000 1.00000000
816 9.773181 0.553304
0.75266367 0.23211387 -0.61613321 0.60369331
-0.19372138 0.97244585 0.12969807 -0.11537498
0.62926078 0.02173901 0.77689040 -0.18779707
0.00000000 0.00000000 0.00000000 1.00000000
858 2.367611 0.616721
0.99529445 0.09598392 0.01324776 1.20532763
-0.09344649 0.98701465 -0.13064902 0.18580914
-0.02561606 0.12879622 0.99133945 0.14082193
0.00000000 0.00000000 0.00000000 1.00000000
859 180.000000 4.348693
-0.90601945 -0.14836472 0.39638066 -0.76571918
0.14108405 0.77710843 0.61335063 -1.06371403
-0.39903030 0.61163038 -0.68314356 3.46951962
0.00000000 0.00000000 0.00000000 1.00000000
862 179.492359 4.661833
-0.85899651 0.12751290 -0.49584982 0.56856298
-0.20660561 0.79979742 0.56359470 -1.21407187
0.46844435 0.58657098 -0.66067857 3.62905359
0.00000000 0.00000000 0.00000000 1.00000000
864 179.699334 2.393144
-0.53200823 0.33215743 -0.77887034 1.78660071
-0.01601404 -0.92362905 -0.38295305 0.21219948
-0.84658813 -0.19126119 0.49669740 0.25978208
0.00000000 0.00000000 0.00000000 1.00000000
865 179.241915 4.094007
-0.62760222 -0.36839050 0.68585998 -2.42548013
-0.10622802 0.91324455 0.39331901 0.07832342
-0.77125287 0.17399031 -0.61228782 3.75817347
0.00000000 0.00000000 0.00000000 1.00000000
866 4.282400 0.397993
0.93535328 0.18713978 -0.30015463 1.55825877
-0.13456114 0.97303504 0.18734151 0.15486473
0.32711974 -0.13484144 0.93531328 0.95010269
0.00000000 0.00000000 0.00000000 1.00000000
869 180.000000 3.113228
-0.38720429 -0.18733650 0.90276170 -1.46587908
0.57627296 0.71514511 0.39557257 -0.78519934
-0.71971071 0.67340386 -0.16895109 1.76580453
0.00000000 0.00000000 0.00000000 1.00000000
984 86.554258 0.548477
0.84413183 -0.24734581 0.47566885 -0.60736394
0.34644341 0.92875779 -0.13185552 0.14745052
-0.40916744 0.27609569 0.86968553 -0.18674326
0.00000000 0.00000000 0.00000000 1.00000000
994 34.174944 1.960727
0.36096650 -0.70007849 0.61611140 -0.75074428
0.24378479 0.70851660 0.66224921 -0.23194999
-0.90015137 -0.08885127 0.42641920 1.21524608
0.00000000 0.00000000 0.00000000 1.00000000
999 33.734047 1.761330
0.72735262 -0.53108227 0.43464237 -0.92120123
0.26348191 0.80091161 0.53769815 -0.01275516
-0.63367021 -0.27657503 0.72247404 0.43458760
0.00000000 0.00000000 0.00000000 1.00000000
1109 15.495811 0.962775
-0.39658073 0.42504525 -0.81367111 0.81316054
-0.10654472 0.85905081 0.50068021 -1.54214263
0.91179705 0.28525230 -0.29539713 4.00276518
0.00000000 0.00000000 0.00000000 1.00000000
1115 178.836096 4.942083
-0.93966562 -0.18550032 0.28743529 -0.26734784
-0.18129161 -0.44250935 -0.87824780 2.94502950
0.29010758 -0.87736821 0.38218135 1.06850195
0.00000000 0.00000000 0.00000000 1.00000000
1116 179.177894 4.274880
-0.82154894 -0.26379514 0.50543976 -0.65569347
-0.26349252 -0.61049175 -0.74690771 1.84087837
0.50559747 -0.74680078 0.43204117 0.50974709
0.00000000 0.00000000 0.00000000 1.00000000
1117 179.854630 4.539619
0.95579541 0.17746562 -0.23444714 1.67594790
-0.22534420 0.95429337 -0.19632897 -0.11045745
0.18888909 0.24048162 0.95209777 -0.41852546
0.00000000 0.00000000 0.00000000 1.00000000
1172 179.514222 3.263784
-0.45675650 0.67908698 -0.57464260 0.81445682
-0.17633596 0.56403017 0.80670649 -1.41356039
0.87193954 0.46979865 -0.13787675 2.64349008
0.00000000 0.00000000 0.00000000 1.00000000
1185 78.689579 0.788223
-0.02604523 0.99655378 -0.07875578 -0.64739716
-0.97509313 -0.00796755 0.22165245 0.19451648
0.22026105 0.08256735 0.97194016 -0.16122723
0.00000000 0.00000000 0.00000000 1.00000000
1190 179.651415 3.141079
-0.75805825 0.26453298 -0.59612936 1.29095542
-0.09339316 0.86059618 0.50065255 -1.13976014
0.64546490 0.43519852 -0.62767643 2.30115557
0.00000000 0.00000000 0.00000000 1.00000000
1191 97.226125 0.489683
0.20690253 -0.97655714 0.05940136 -0.01158662
0.62499416 0.08521771 -0.77596468 0.53802240
0.75271142 0.19767439 0.62797368 0.12069654
0.00000000 0.00000000 0.00000000 1.00000000
1195 16.448166 0.529383
0.57968801 0.47335798 -0.66324431 0.41825986
0.00194418 0.81315243 0.58204651 -0.03990763
0.81483597 -0.33869493 0.47045511 0.71846724
0.00000000 0.00000000 0.00000000 1.00000000
1235 178.994585 3.016396
-0.03397956 0.85175878 -0.52283263 1.13017094
-0.55208451 0.42007625 0.72023702 -1.70886075
0.83309734 0.31312120 0.45596692 1.77778172
0.00000000 0.00000000 0.00000000 1.00000000
1237 179.942325 2.690209
-0.64968610 0.48957783 -0.58156794 0.74776399
-0.39678860 0.43415388 0.80874515 -1.80517507
0.64843404 0.75619006 -0.08780456 1.69365907
0.00000000 0.00000000 0.00000000 1.00000000
1238 179.232934 2.691396
-0.51230282 0.43303174 -0.74163997 1.21025765
-0.04875524 0.84751457 0.52852911 -0.28260618
0.85741997 0.30692625 -0.41307169 2.40987253
0.00000000 0.00000000 0.00000000 1.00000000
1239 114.048334 1.665831
0.16956875 -0.51151431 -0.84237748 -0.86496437
0.98533887 0.10433245 0.13499293 0.58593059
0.01883645 -0.85291719 0.52170646 1.55182159
0.00000000 0.00000000 0.00000000 1.00000000
1260 7.488442 0.321229
0.98506141 -0.05370061 -0.16361645 -0.70466232
0.03306395 0.99143672 -0.12633464 0.14193577
0.16899954 0.11903748 0.97840166 -0.46910882
0.00000000 0.00000000 0.00000000 1.00000000
1261 86.302517 2.164051
0.49844167 -0.11802176 0.85885233 -1.40888560
0.05558648 0.99300200 0.10419717 0.24916005
-0.86514014 -0.00419539 0.50151426 1.69129109
0.00000000 0.00000000 0.00000000 1.00000000
1300 83.169334 3.001412
-0.75679469 0.15229928 -0.63566202 0.78063101
-0.05822347 0.95290470 0.29762673 -0.37010646
0.65105385 0.26225290 -0.71228647 3.40448213
0.00000000 0.00000000 0.00000000 1.00000000
1301 178.846482 1.915772
-0.80305326 0.13578126 -0.58023208 1.30221725
0.07196327 -0.94447118 -0.32061589 1.37146366
-0.59154618 -0.29922664 0.74869007 1.31258011
0.00000000 0.00000000 0.00000000 1.00000000
1313 178.049263 4.094907
-0.81984740 0.22564514 -0.52624732 -0.28804660
-0.57099044 -0.39069808 0.72202867 -2.65010810
-0.04268128 0.89243448 0.44915381 0.29619777
0.00000000 0.00000000 0.00000000 1.00000000
1315 7.836716 0.428034
0.85663176 -0.01905838 0.51557392 0.08247608
0.12951550 0.97525907 -0.17914267 -0.44321954
-0.49940556 0.22023505 0.83790821 -0.15454626
0.00000000 0.00000000 0.00000000 1.00000000
1316 177.918176 2.020886
-0.91650581 -0.02672753 0.39912593 -2.03723240
-0.17340252 -0.87260139 -0.45661575 1.76377523
0.36048195 -0.48770037 0.79511052 0.92751741
0.00000000 0.00000000 0.00000000 1.00000000
1348 2.632696 2.093747
0.99555135 -0.08261608 0.04530495 -0.81754875
0.07984126 0.99500203 0.05997521 0.13440433
-0.05003330 -0.05609140 0.99717176 -0.01547551
0.00000000 0.00000000 0.00000000 1.00000000
1352 14.293282 1.528340
0.97327572 -0.08318034 0.21404499 -0.71205527
0.12970807 0.96829414 -0.21350193 0.73304218
-0.18949929 0.23555975 0.95320618 0.02625275
0.00000000 0.00000000 0.00000000 1.00000000
1380 1.356818 0.896055
0.88365400 0.18342435 -0.43070811 -0.85714549
-0.17725983 0.98263681 0.05480074 0.51186973
0.43328103 0.02792211 0.90082562 -1.16180992
0.00000000 0.00000000 0.00000000 1.00000000
1393 2.450963 1.054060
0.50709933 -0.32007879 0.80025047 -2.79732752
0.21215041 0.94627309 0.24404985 -0.29380003
-0.83536988 0.04601614 0.54775918 1.33315146
0.00000000 0.00000000 0.00000000 1.00000000
1397 5.470240 0.967700
-0.38671646 -0.31575909 0.86645603 -3.04672527
0.46191844 0.74687243 0.47834304 -0.66724038
-0.79817367 0.58521545 -0.14297286 2.27338433
0.00000000 0.00000000 0.00000000 1.00000000
1398 6.781886 0.361946
-0.31900823 -0.34793967 0.88157308 -3.47365522
0.34056044 0.82596105 0.44922787 -0.58854145
-0.88444996 0.44353622 -0.14499459 2.34920025
0.00000000 0.00000000 0.00000000 1.00000000
1430 179.797291 2.843967
-0.69405395 -0.32792452 0.64090192 -0.57279420
-0.34404054 -0.63092536 -0.69539249 2.44833446
0.63239700 -0.70313609 0.32507628 1.47141349
0.00000000 0.00000000 0.00000000 1.00000000
1431 3.181616 0.764074
0.66626436 0.38590705 -0.63809645 0.43900579
-0.22741367 0.92007041 0.31898639 -0.24063596
0.71019286 -0.06741762 0.70077050 0.54507816
0.00000000 0.00000000 0.00000000 1.00000000
1436 172.098964 3.321453
-0.99314553 0.02616143 0.11391809 -1.14657593
0.11596525 0.34248999 0.93233728 -2.72220349
-0.01462388 0.93915749 -0.34317592 2.92843413
0.00000000 0.00000000 0.00000000 1.00000000
1438 134.400160 7.203956
-0.03754580 0.83746946 0.54519260 -2.60066700
0.92897832 -0.17178527 0.32785520 -2.31745148
0.36822492 0.51878178 -0.77154148 5.08593082
0.00000000 0.00000000 0.00000000 1.00000000
1443 105.977090 2.426279
0.48336774 0.66723222 -0.56670672 0.93100607
-0.24498704 0.72459233 0.64416385 -1.04516101
0.84043860 -0.17253259 0.51370764 0.07635915
0.00000000 0.00000000 0.00000000 1.00000000
1444 104.719580 2.797223
0.48384345 0.29855439 -0.82265455 1.49268234
-0.59245974 0.80359423 -0.05681747 0.39535570
0.64411712 0.51488054 0.56569529 1.10617971
0.00000000 0.00000000 0.00000000 1.00000000
1445 178.629835 3.213282
-0.84283072 -0.20084091 0.49929890 -0.89918721
-0.25442213 -0.66884363 -0.69851118 2.31292534
0.47424260 -0.71575946 0.51262331 1.75728834
0.00000000 0.00000000 0.00000000 1.00000000
1446 112.832201 3.005559
0.09891997 0.27476537 -0.95641029 2.56504440
-0.61578047 0.77190101 0.15807024 -1.13754702
0.78168410 0.57330185 0.24555179 1.00042379
0.00000000 0.00000000 0.00000000 1.00000000
1451 179.567267 3.053491
-0.82891256 -0.29935747 0.47253439 -0.76089281
-0.13079840 -0.71760458 -0.68405753 2.49624324
0.54387087 -0.62883091 0.55567634 1.87837219
0.00000000 0.00000000 0.00000000 1.00000000
1452 1.849914 0.675650
0.72931039 -0.13904384 0.66990507 -0.41541040
-0.04342821 0.96774948 0.24814256 0.14451998
-0.68280303 -0.21006583 0.69975150 0.90666056
0.00000000 0.00000000 0.00000000 1.00000000
1453 1.619308 0.720041
0.75141740 -0.24799919 0.61144680 -0.15355879
0.17466338 0.96838260 0.17812231 -0.20012569
-0.63628924 -0.02704702 0.77097583 0.86942959
0.00000000 0.00000000 0.00000000 1.00000000
1454 88.200731 0.299089
0.51170635 0.42201191 -0.74837267 0.52552491
-0.45459872 0.87212080 0.18095839 -0.32179442
0.72903788 0.24761105 0.63811582 0.32371426
0.00000000 0.00000000 0.00000000 1.00000000
1477 6.829150 0.398348
0.92753756 0.16566193 -0.33500612 -0.06100900
-0.19045103 0.98078430 -0.04230276 -0.02788836
0.32156119 0.10304025 0.94126511 -1.09459543
0.00000000 0.00000000 0.00000000 1.00000000
1496 175.037912 5.206337
0.00821009 0.55727839 -0.83028471 2.87250423
-0.47985190 0.73066312 0.48566824 -1.72120118
0.87731147 0.39442611 0.27341011 2.78519440
0.00000000 0.00000000 0.00000000 1.00000000
1505 7.526082 0.355782
0.98225254 0.07184590 -0.17325866 -0.56205243
-0.07312842 0.99732274 -0.00102258 0.27076519
0.17272125 0.01367518 0.98487639 -0.64911628
0.00000000 0.00000000 0.00000000 1.00000000
1523 24.986271 1.039787
0.96652550 0.12382066 0.22471480 -0.60540694
-0.09023076 0.98393190 -0.15406632 0.12106656
-0.24018067 0.12863290 0.96216774 -0.59288859
0.00000000 0.00000000 0.00000000 1.00000000
1524 6.026688 0.703230
0.95515078 0.17535813 0.23861480 -0.63980830
-0.14805642 0.98065662 -0.12803006 0.47107390
-0.25645038 0.08695957 0.96263778 -1.33472574
0.00000000 0.00000000 0.00000000 1.00000000
1525 27.268824 1.071077
0.80687028 0.46176529 -0.36841741 -0.19172102
-0.43022889 0.88672900 0.16915986 -0.29531294
0.40479937 0.02201372 0.91414028 -0.19753242
0.00000000 0.00000000 0.00000000 1.00000000
1546 178.307594 4.969152
-0.96175164 -0.04853405 -0.26958942 0.93286359
0.03850863 -0.99836040 0.04235595 1.98456156
-0.27120313 0.03035438 0.96204329 0.16401553
0.00000000 0.00000000 0.00000000 1.00000000
1547 174.523333 5.604189
0.67231005 0.20311110 -0.71186030 3.61711502
-0.14321160 0.97914279 0.14411826 -1.05831194
0.72628492 0.00505443 0.68737543 2.03071785
0.00000000 0.00000000 0.00000000 1.00000000
1549 8.288066 0.432530
0.96058953 -0.05785105 0.27188656 -1.09868920
0.11610907 0.97219563 -0.20336065 -0.02715710
-0.25256243 0.22691485 0.94059676 -0.08715320
0.00000000 0.00000000 0.00000000 1.00000000
1550 6.908931 0.394643
0.97629517 -0.03375590 0.21379617 -1.29540682
0.07381940 0.98047036 -0.18229447 0.07819429
-0.20346679 0.19375563 0.95971888 -0.61611748
0.00000000 0.00000000 0.00000000 1.00000000
1551 163.298153 6.912375
-0.74179220 0.05483438 -0.66838425 -0.19265532
-0.06056734 0.98710042 0.14820157 -0.89552712
0.66788864 0.15041697 -0.72890252 5.40442467
0.00000000 0.00000000 0.00000000 1.00000000
1552 16.118061 0.551525
0.32928336 0.02292617 0.94395310 -3.58172393
-0.00585976 0.99973631 -0.02223673 0.16442335
-0.94421321 0.00179014 0.32933068 1.21339250
0.00000000 0.00000000 0.00000000 1.00000000
1553 9.968965 0.517278
-0.43363199 -0.00739488 0.90106034 -2.27378130
0.06445192 0.99715084 0.03920113 -0.17795104
-0.89878261 0.07507356 -0.43192017 3.50866890
0.00000000 0.00000000 0.00000000 1.00000000
1561 17.547311 0.687410
0.99081624 0.04184457 -0.12857628 0.15870599
-0.04730821 0.99808884 -0.03973623 -0.04880798
0.12666774 0.04545422 0.99090320 -0.33113146
0.00000000 0.00000000 0.00000000 1.00000000
1571 180.000000 5.575420
-0.71384001 0.21069711 -0.66786200 1.65558052
0.01322922 0.95755458 0.28794944 -0.91146684
0.70018435 0.19671454 -0.68632817 5.55935192
0.00000000 0.00000000 0.00000000 1.00000000
1578 11.390549 0.398586
0.98057544 0.00255257 0.19613004 -0.03621945
0.02403793 0.99081540 -0.13307458 0.04472619
-0.19466819 0.13520359 0.97150618 -0.35637808
0.00000000 0.00000000 0.00000000 1.00000000
1579 23.519237 0.928995
0.99141538 0.05377863 -0.11918259 0.44713083
-0.05371820 0.99854916 0.00372404 0.00031286
0.11920981 0.00271049 0.99286526 -0.17329979
0.00000000 0.00000000 0.00000000 1.00000000
1580 32.115828 1.213144
0.99651682 0.03084404 -0.07748093 0.17297351
-0.03186829 0.99941969 -0.01200935 0.06805097
0.07706590 0.01443693 0.99692166 -0.14327621
0.00000000 0.00000000 0.00000000 1.00000000
1582 27.645762 0.762312
0.99540329 0.01919353 -0.09383000 0.22097246
-0.02084135 0.99964452 -0.01661399 0.04363108
0.09347776 0.01849331 0.99544966 -0.04690731
0.00000000 0.00000000 0.00000000 1.00000000
1584 179.286047 5.113036
0.65265238 -0.27219620 0.70707440 -1.66787434
-0.22648790 -0.96065652 -0.16075943 1.45859611
0.72301334 -0.05522401 -0.68862349 4.15767813
0.00000000 0.00000000 0.00000000 1.00000000
1586 171.232752 7.243488
-0.90410256 0.08372211 0.41903499 -1.54286838
0.11462142 0.99219614 0.04906633 -0.74513590
-0.41165721 0.09239125 -0.90664315 6.68695545
0.00000000 0.00000000 0.00000000 1.00000000
1622 14.628097 0.562030
0.99627304 0.02708669 0.08188321 -0.19547403
-0.02124755 0.99722475 -0.07135631 -0.02233374
-0.08358842 0.06935051 0.99408418 -0.22439384
0.00000000 0.00000000 0.00000000 1.00000000
