16 93.498222 2.563443
0.73417813 -0.25883955 0.62768155 -1.45509315
0.39656585 0.91387504 -0.08699127 0.48630047
-0.55110598 0.31278399 0.77359384 0.01266098
0.00000000 0.00000000 0.00000000 1.00000000
89 88.721648 1.351617
-0.51581818 -0.26779228 0.81376743 -1.86792541
0.47749904 0.69878745 0.53262502 -1.04648328
-0.71128279 0.66331166 -0.23257677 2.74986362
0.00000000 0.00000000 0.00000000 1.00000000
93 5.033727 0.534972
0.19910577 -0.40052232 0.89439327 -2.07990575
0.53802180 0.80749536 0.24183601 0.10298818
-0.81907898 0.43305206 0.37626678 0.73462570
0.00000000 0.00000000 0.00000000 1.00000000
197 30.034429 0.719263
0.61653709 -0.31870472 0.71993792 -1.70994449
0.29861152 0.94074261 0.16072860 -0.22300270
-0.72850192 0.11588699 0.67517108 1.28210187
0.00000000 0.00000000 0.00000000 1.00000000
234 9.535700 1.713856
0.30578414 0.34254980 -0.88834471 1.56576383
-0.52705872 0.83793402 0.14168876 -0.25199324
0.79290998 0.42488346 0.43677074 0.15921831
0.00000000 0.00000000 0.00000000 1.00000000
375 140.202880 2.639290
-0.95082968 -0.20248540 -0.23435429 0.82475352
-0.30505034 0.74308825 0.59562051 -1.06106257
0.05354154 0.63782382 -0.76831877 2.35801005
0.00000000 0.00000000 0.00000000 1.00000000
408 12.593647 0.441415
0.91876471 0.24799082 -0.30719900 -0.66029632
-0.34493998 0.88274187 -0.31903329 0.02128094
0.19206047 0.39908198 0.89657491 0.45589328
0.00000000 0.00000000 0.00000000 1.00000000
512 4.439238 0.433135
0.11609471 0.19200201 -0.97450387 3.44044113
-0.40244809 0.90608257 0.13057660 -0.70391953
0.90805161 0.37702769 0.18246236 2.11555815
0.00000000 0.00000000 0.00000000 1.00000000
579 21.236402 0.957855
-0.88679361 -0.13399746 0.44231310 -1.84320843
0.12208545 0.85513145 0.50382888 -1.86355650
-0.44574764 0.50079310 -0.74196678 4.25785160
0.00000000 0.00000000 0.00000000 1.00000000
611 110.883262 1.172469
0.23155278 -0.38355556 0.89401847 -1.19346201
0.17990731 0.92002708 0.34811702 -0.37264478
-0.95604229 0.08023351 0.28203923 1.08920002
0.00000000 0.00000000 0.00000000 1.00000000
665 86.035009 2.022078
0.99761647 0.04577567 0.05163602 -0.18172261
-0.05982618 0.94666523 0.31661656 0.05112863
-0.03438854 -0.31895083 0.94714767 0.64575958
0.00000000 0.00000000 0.00000000 1.00000000
670 179.524811 3.179144
-0.33221957 0.04543941 0.94210744 -2.11351800
0.01965994 -0.99828869 0.05508168 0.33096039
0.94299829 0.03682093 0.33075741 1.95344639
0.00000000 0.00000000 0.00000000 1.00000000
671 99.189178 1.757329
0.34054136 0.92528301 0.16698223 0.83384144
-0.32042250 -0.05275704 0.94580448 -1.23529088
0.88394654 -0.37559032 0.27851540 1.71138382
0.00000000 0.00000000 0.00000000 1.00000000
717 141.542094 0.468473
-0.62950689 -0.42430037 -0.65091538 0.31353307
0.74750465 -0.55932039 -0.35832596 0.07490051
-0.21203230 -0.71213096 0.66926253 0.21757269
0.00000000 0.00000000 0.00000000 1.00000000
724 145.369222 1.720832
-0.44696909 -0.89417005 -0.02606773 -0.24047512
-0.78195548 0.37639165 0.49686572 -1.42400050
-0.43447050 0.24246782 -0.86743641 2.99304628
0.00000000 0.00000000 0.00000000 1.00000000
726 122.322292 0.753284
-0.80599773 -0.57173324 0.15326235 0.19038217
0.16982217 0.02468389 0.98516554 -0.22849721
-0.56703484 0.82006818 0.07719785 2.51076078
0.00000000 0.00000000 0.00000000 1.00000000
727 119.260120 1.269361
0.80672830 -0.41783774 0.41785243 0.38236940
0.48864949 0.07408708 -0.86932802 0.94108915
0.33228046 0.90549541 0.26394546 2.98692131
0.00000000 0.00000000 0.00000000 1.00000000
728 153.191203 0.404511
-0.88803577 -0.42188567 0.18277004 -0.04409227
0.45909917 -0.79212689 0.40219817 0.10508257
-0.02490458 0.44107601 0.89712417 2.67406774
0.00000000 0.00000000 0.00000000 1.00000000
739 154.780882 1.281760
-0.60067415 0.07048717 -0.79638040 -0.09866428
0.27111864 -0.91912371 -0.28584364 0.33494648
-0.75211972 -0.38761175 0.53298390 1.52792621
0.00000000 0.00000000 0.00000000 1.00000000
740 116.072155 1.617199
0.12668043 0.89762145 0.42217067 -0.30763018
0.64692265 -0.39739528 0.65082127 0.32999682
0.75196010 0.19066569 -0.63103396 4.29866934
0.00000000 0.00000000 0.00000000 1.00000000
745 8.348920 0.367507
0.99615771 0.07258886 0.04898536 1.72742331
-0.07010064 0.99624830 -0.05073863 -0.40040973
-0.05248435 0.04710984 0.99750990 0.34967661
0.00000000 0.00000000 0.00000000 1.00000000
752 86.787640 3.736476
0.36534140 -0.13244009 0.92140388 -1.59258699
0.60636157 0.78488111 -0.12760907 -0.27522549
-0.70629370 0.60532415 0.36705667 0.93275714
0.00000000 0.00000000 0.00000000 1.00000000
753 90.694371 4.239986
-0.69752395 0.46928069 -0.54151267 3.53893185
0.03910214 0.77951151 0.62516594 -2.53233433
0.71549392 0.41489398 -0.56207794 3.93892622
0.00000000 0.00000000 0.00000000 1.00000000
754 106.993022 4.751363
0.57249981 -0.16609785 0.80290395 -2.49227262
-0.08543573 0.96184880 0.25989780 -0.42310798
-0.81544036 -0.21738802 0.53646719 2.69494128
0.00000000 0.00000000 0.00000000 1.00000000
755 75.440192 3.503963
0.58078665 0.37835771 0.72078514 -1.37401748
-0.52530009 0.85059893 -0.02322899 0.71652424
-0.62188840 -0.36513823 0.69276875 1.40134311
0.00000000 0.00000000 0.00000000 1.00000000
756 73.115866 2.803247
0.04244498 0.23236637 -0.97170180 3.45523882
-0.53438908 0.82704413 0.17443120 -1.14911306
0.84417236 0.51186335 0.15927769 1.80903041
0.00000000 0.00000000 0.00000000 1.00000000
757 96.094404 5.297865
0.43974951 -0.17530195 0.88084549 -2.33789587
0.87495255 0.30494672 -0.37611839 -1.25959456
-0.20267642 0.93609643 0.28748110 2.57431889
0.00000000 0.00000000 0.00000000 1.00000000
758 166.431237 5.874211
-0.67362106 0.29025716 0.67969507 -1.00809872
0.73343372 0.37596065 0.56632948 -3.27320814
-0.09115693 0.88000280 -0.46613929 3.13270926
0.00000000 0.00000000 0.00000000 1.00000000
759 40.863605 1.953649
0.62727123 0.04486606 -0.77750695 1.72828543
0.31630754 0.89761221 0.30698496 -2.38752508
0.71167308 -0.43849537 0.54885572 0.87374830
0.00000000 0.00000000 0.00000000 1.00000000
774 1.209175 0.523110
0.99713302 0.05923673 -0.04708755 0.86491024
-0.07125726 0.94445437 -0.32082438 0.24946152
0.02546769 0.32325989 0.94596732 -0.89147758
0.00000000 0.00000000 0.00000000 1.00000000
777 6.707270 1.074297
0.79236984 0.09996433 -0.60179532 1.23401010
-0.20840500 0.97148937 -0.11302739 0.12329948
0.57333922 0.21497650 0.79061210 -0.67294812
0.00000000 0.00000000 0.00000000 1.00000000
778 9.537844 0.349524
0.79897749 0.23907396 -0.55179644 0.15326348
-0.23451081 0.96880072 0.08018569 0.08424823
0.55375099 0.06533565 0.83011532 -0.21987271
0.00000000 0.00000000 0.00000000 1.00000000
779 1.487274 0.401301
0.92561483 0.22822434 -0.30191317 0.52117693
-0.19876909 0.97199494 0.12536469 0.16439882
0.32206944 -0.05602835 0.94505680 -0.39773464
0.00000000 0.00000000 0.00000000 1.00000000
780 17.676120 0.747985
0.79254568 0.07444933 -0.60525149 1.00545120
-0.12583822 0.99112463 -0.04286504 0.47785047
0.59668815 0.11013594 0.79488015 -0.61346984
0.00000000 0.00000000 0.00000000 1.00000000
816 10.189007 0.575696
0.74801171 0.23690763 -0.61996192 0.62206668
-0.19688161 0.97128010 0.13361110 -0.12566032
0.63381016 0.02211648 0.77317178 -0.17969966
0.00000000 0.00000000 0.00000000 1.00000000
838 90.558220 0.969154
0.31874931 -0.56051278 0.76434630 -0.12813413
0.49599475 0.78582263 0.36942175 -0.42043343
-0.80770600 0.26135862 0.52849144 0.79551363
0.00000000 0.00000000 0.00000000 1.00000000
858 2.378334 0.618383
0.99538553 0.09495289 0.01383793 1.20356679
-0.09234438 0.98709971 -0.13079335 0.18687381
-0.02607849 0.12891206 0.99131328 0.14067650
0.00000000 0.00000000 0.00000000 1.00000000
865 89.905303 2.408062
-0.18868703 0.94337034 0.27285412 -0.93086934
-0.73930264 -0.31933859 0.59283555 -1.02632523
0.64639634 -0.08986133 0.75769138 1.48526883
0.00000000 0.00000000 0.00000000 1.00000000
866 4.237806 0.404175
0.93550354 0.19106728 -0.29719949 1.55104077
-0.13836379 0.97209823 0.18942297 0.14997780
0.32509917 -0.13608402 0.93583810 0.94950676
0.00000000 0.00000000 0.00000000 1.00000000
869 179.088606 3.081465
-0.40329543 -0.20064247 0.89280200 -1.41134703
0.56012398 0.71740115 0.41424245 -0.82901156
-0.72361183 0.66714180 -0.17693999 1.78480828
0.00000000 0.00000000 0.00000000 1.00000000
984 85.445856 0.529585
0.85465562 -0.25152430 0.45420247 -0.56919789
0.34429282 0.92936790 -0.13318521 0.14815912
-0.38862196 0.27020603 0.88088721 -0.20800352
0.00000000 0.00000000 0.00000000 1.00000000
994 33.649914 1.970614
0.36930060 -0.70134526 0.60969853 -0.73710406
0.24263017 0.70608807 0.66526079 -0.23484093
-0.89707762 -0.09774961 0.43092602 1.21388650
0.00000000 0.00000000 0.00000000 1.00000000
1115 7.972502 0.879192
-0.94634724 0.10189415 0.30666634 -0.39340150
0.31936660 0.43971431 0.83943856 -2.25091243
-0.04931159 0.89233959 -0.44866389 3.20238924
0.00000000 0.00000000 0.00000000 1.00000000
1116 177.441203 3.170676
0.99876535 0.02791445 0.04109153 0.28113651
-0.03140267 0.99572659 0.08684725 -0.17938611
-0.03849170 -0.08803079 0.99537385 0.23067427
0.00000000 0.00000000 0.00000000 1.00000000
1117 3.121485 1.044268
-0.91531491 0.15122190 0.37327123 -0.42720187
0.40134645 0.26545790 0.87661493 -1.90602541
0.03347543 0.95218933 -0.30367056 1.96375692
0.00000000 0.00000000 0.00000000 1.00000000
1165 177.411542 1.655642
-0.93033230 -0.11808318 0.34718648 -0.26902825
-0.25482777 -0.47265321 -0.84360147 0.77482134
0.26371419 -0.87330145 0.40963483 0.92925358
0.00000000 0.00000000 0.00000000 1.00000000
1185 78.159710 0.777110
-0.01599777 0.99611485 -0.08660112 -0.63332796
-0.97569025 0.00338132 0.21912619 0.18554333
0.21856737 0.08800191 0.97184545 -0.16533566
0.00000000 0.00000000 0.00000000 1.00000000
1190 85.540957 1.244397
0.69034958 0.00298553 -0.72347033 0.92043090
-0.19540103 0.96359766 -0.18247907 0.10120645
0.69658947 0.26734102 0.66580212 0.30942893
0.00000000 0.00000000 0.00000000 1.00000000
1191 95.883560 0.460610
0.14073344 -0.99004519 -0.00235212 0.11164733
0.66819096 0.09673518 -0.73767483 0.46752295
0.73055840 0.10224327 0.67515290 0.05451596
0.00000000 0.00000000 0.00000000 1.00000000
1195 15.541048 0.490182
0.59279072 0.46232238 -0.65943652 0.38934273
0.01652792 0.81165719 0.58389974 -0.04926568
0.80518699 -0.35702968 0.47350177 0.67326188
0.00000000 0.00000000 0.00000000 1.00000000
1235 90.625002 1.113047
0.99881637 0.03318349 -0.03558168 0.47524542
-0.02818075 0.99072891 0.13289882 -0.01279202
0.03966218 -0.13173860 0.99049073 0.00819051
0.00000000 0.00000000 0.00000000 1.00000000
1237 179.825287 2.691570
-0.65307987 0.48336023 -0.58296633 0.74318188
-0.40009344 0.43336993 0.80753672 -1.79469252
0.64297146 0.76062685 -0.08963585 1.70916617
0.00000000 0.00000000 0.00000000 1.00000000
1238 89.587528 0.171912
-0.22653753 0.52104896 0.82291466 -0.40526539
-0.86474836 0.28119546 -0.41609973 0.07353421
-0.44820827 -0.80587661 0.38687506 0.28997838
0.00000000 0.00000000 0.00000000 1.00000000
1239 114.063423 1.671041
0.15781623 -0.52176309 -0.83836651 -0.88571739
0.98733681 0.09723356 0.12534472 0.58727962
0.01611726 -0.84753186 0.53050101 1.54763651
0.00000000 0.00000000 0.00000000 1.00000000
1260 7.421375 0.317958
0.98522967 -0.05482958 -0.16222262 -0.70786202
0.03426665 0.99131811 -0.12694192 0.14281061
0.16777433 0.11950812 0.97855484 -0.46901083
0.00000000 0.00000000 0.00000000 1.00000000
1261 8.929532 0.374918
0.82969123 0.23294476 -0.50729632 -0.15899211
-0.08796841 0.95197594 0.29326338 0.25815111
0.55124784 -0.19869226 0.81033778 -0.24396014
0.00000000 0.00000000 0.00000000 1.00000000
1300 92.396948 3.259822
-0.85175508 0.12585062 -0.50860095 0.59258038
-0.03281657 0.95600247 0.29151559 -0.36805218
0.52291161 0.26499030 -0.81015056 3.68190551
0.00000000 0.00000000 0.00000000 1.00000000
1301 178.841573 1.914685
-0.80328143 0.13571574 -0.57993078 1.30167389
0.07183987 -0.94450569 -0.32054168 1.37147605
-0.59125090 -0.29914743 0.74895465 1.31083882
0.00000000 0.00000000 0.00000000 1.00000000
1313 84.015647 5.271729
0.82771963 0.45905983 -0.32271397 0.88427728
-0.33130312 -0.06437644 -0.94132566 2.93982148
-0.45289987 0.88606989 0.09880242 2.43974686
0.00000000 0.00000000 0.00000000 1.00000000
1315 7.927662 0.434912
0.85651070 -0.02067137 0.51571792 0.08295947
0.13000920 0.97562212 -0.17681281 -0.44988531
-0.49948922 0.21848930 0.83831590 -0.15643144
0.00000000 0.00000000 0.00000000 1.00000000
1316 178.242640 2.006548
-0.92350245 -0.02158614 0.38298541 -1.99578142
-0.16547284 -0.87832439 -0.44851327 1.75237381
0.34606746 -0.47757691 0.80756277 0.86247301
0.00000000 0.00000000 0.00000000 1.00000000
1348 5.404647 2.352774
0.98501146 -0.12630720 0.11747445 -1.05830169
0.11851972 0.99040329 0.07109564 0.05820382
-0.12532717 -0.05610676 0.99052769 0.07766509
0.00000000 0.00000000 0.00000000 1.00000000
1352 10.851300 1.378001
0.97713292 -0.09947664 0.18792787 -0.64234543
0.13041480 0.97843605 -0.16017139 0.56265044
-0.16794205 0.18101695 0.96903509 -0.06549978
0.00000000 0.00000000 0.00000000 1.00000000
1380 2.175289 0.844224
0.87584549 0.19691548 -0.44058850 -0.80580008
-0.18993765 0.97993714 0.06039295 0.50666964
0.44364119 0.03078891 0.89567494 -1.15653443
0.00000000 0.00000000 0.00000000 1.00000000
1393 5.797585 1.899004
0.43890196 -0.30328792 0.84580207 -2.25379109
0.19505768 0.95102489 0.23979965 -0.05911647
-0.87710732 0.05973172 0.47656530 0.72177172
0.00000000 0.00000000 0.00000000 1.00000000
1397 7.010450 0.929253
-0.40500596 -0.30123439 0.86326617 -3.05662298
0.47255546 0.73932004 0.47968563 -0.66282946
-0.78272814 0.60221595 -0.15707935 2.33110285
0.00000000 0.00000000 0.00000000 1.00000000
1398 6.801004 0.363328
-0.31959468 -0.34832713 0.88120735 -3.47356415
0.34137380 0.82520628 0.44999826 -0.58990782
-0.88392401 0.44463867 -0.14482191 2.34993720
0.00000000 0.00000000 0.00000000 1.00000000
1402 88.308248 0.690202
0.83757824 -0.07538289 0.54109061 -0.41495174
-0.09384664 0.95585847 0.27843571 0.16516435
-0.53819597 -0.28399190 0.79353225 1.11297798
0.00000000 0.00000000 0.00000000 1.00000000
1430 21.808489 0.299559
0.62283325 0.03846926 -0.78140837 -0.37811515
-0.04450461 0.99891531 0.01370419 -0.12122928
0.78108788 0.02624076 0.62386960 0.33967018
0.00000000 0.00000000 0.00000000 1.00000000
1431 2.646488 0.787694
0.65933186 0.38685888 -0.64468807 0.46441990
-0.23199707 0.92030674 0.31498221 -0.23176706
0.71516407 -0.05811164 0.69653779 0.55530679
0.00000000 0.00000000 0.00000000 1.00000000
1436 106.230925 2.755189
-0.40997455 0.00740363 -0.91206729 1.61031556
0.19129825 0.97842425 -0.07804587 -0.23169672
0.89181131 -0.20647353 -0.40254545 3.45356083
0.00000000 0.00000000 0.00000000 1.00000000
1438 124.004925 6.902472
-0.00578807 0.68264037 0.73073119 -3.23165560
0.94391656 -0.23751694 0.22936219 -2.00906944
0.33013314 0.69107699 -0.64298069 4.68220043
0.00000000 0.00000000 0.00000000 1.00000000
1443 67.107828 1.675962
0.90031147 0.31704438 -0.29819882 0.63500983
-0.28576216 0.94735050 0.14445743 0.26004744
0.32829869 -0.04484294 0.94350910 -0.17100072
0.00000000 0.00000000 0.00000000 1.00000000
1444 18.214627 1.688452
0.47041774 -0.09735161 0.87705743 -1.87744308
0.18851715 0.98203790 0.00789103 0.11987209
-0.86207187 0.16162789 0.48032093 0.40972400
0.00000000 0.00000000 0.00000000 1.00000000
1445 178.497606 6.636585
-0.82387400 0.14606750 -0.54762721 2.01106691
-0.24038573 0.78495544 0.57101673 -2.95435953
0.51326990 0.60208768 -0.61159164 4.83586693
0.00000000 0.00000000 0.00000000 1.00000000
1446 112.558285 3.003555
0.10422204 0.27552795 -0.95562649 2.56202483
-0.60869634 0.77755195 0.15779936 -1.14354146
0.78652805 0.56524044 0.24875116 0.99563622
0.00000000 0.00000000 0.00000000 1.00000000
1447 15.255366 0.900075
0.97914881 -0.05670835 0.19507161 0.14220724
0.08212681 0.98877966 -0.12478594 0.93277955
-0.18580586 0.13820443 0.97281992 -0.16113520
0.00000000 0.00000000 0.00000000 1.00000000
1451 3.780304 0.686564
0.88101476 -0.17929241 0.43779808 -0.68586409
0.14408559 0.98312986 0.11266971 -0.08667156
-0.45061368 -0.03618337 0.89198542 0.77619350
0.00000000 0.00000000 0.00000000 1.00000000
1452 8.983582 0.825158
0.81688941 -0.05796152 0.57387584 0.70805275
-0.10730889 0.96229607 0.24994189 -0.04019886
-0.56672585 -0.26575673 0.77986890 -0.06661344
0.00000000 0.00000000 0.00000000 1.00000000
1453 2.476069 0.775384
0.74353039 -0.24754332 0.62119782 -0.20015121
0.17974499 0.96875471 0.17090110 -0.18549389
-0.64409238 -0.01541243 0.76479322 0.90231729
0.00000000 0.00000000 0.00000000 1.00000000
1454 88.345160 0.291195
0.50983500 0.42448485 -0.74825227 0.52872878
-0.45383999 0.87161696 0.18523824 -0.33072957
0.73081988 0.24514614 0.63702911 0.32513869
0.00000000 0.00000000 0.00000000 1.00000000
1477 6.195871 0.345611
0.91431069 0.17219530 -0.36658442 0.05328761
-0.20133261 0.97860181 -0.04247442 -0.01746175
0.35142618 0.11264045 0.92941463 -1.09904623
0.00000000 0.00000000 0.00000000 1.00000000
1504 5.960161 0.307665
0.99922508 -0.03414398 0.01956257 -0.75234360
0.03721526 0.98149979 -0.18780938 0.59841692
-0.01278796 0.18839145 0.98201019 -1.16405630
0.00000000 0.00000000 0.00000000 1.00000000
1505 8.521017 0.396010
0.97865617 0.07514968 -0.19126943 -0.51712894
-0.07818286 0.99690425 -0.00835112 0.29576421
0.19004974 0.02312729 0.98150212 -0.64612579
0.00000000 0.00000000 0.00000000 1.00000000
1523 16.268684 0.492784
0.91518795 0.08355378 0.39427012 -1.13553381
-0.05904367 0.99551505 -0.07391502 -0.16758727
-0.39867753 0.04436734 0.91601676 -0.28841352
0.00000000 0.00000000 0.00000000 1.00000000
1524 22.522447 1.296423
0.90278655 0.40192634 0.15307039 -0.19614601
-0.41512510 0.90738416 0.06577069 0.17526039
-0.11245860 -0.12292033 0.98602402 -1.68399382
0.00000000 0.00000000 0.00000000 1.00000000
1525 27.108054 1.058643
0.80790019 0.46508992 -0.36192450 -0.21082532
-0.43237573 0.88509381 0.17222406 -0.30256233
0.40043628 0.01734719 0.91616094 -0.20064497
0.00000000 0.00000000 0.00000000 1.00000000
1547 18.415442 1.276308
-0.68488795 0.34791073 0.64022332 -2.02489090
0.21099672 0.93569589 -0.28275996 0.68193322
-0.69742966 -0.05857413 -0.71425498 4.04644108
0.00000000 0.00000000 0.00000000 1.00000000
1549 8.403450 0.438131
0.96084332 -0.05970356 0.27058396 -1.09294832
0.11762616 0.97204328 -0.20321541 -0.02680747
-0.25088674 0.22708625 0.94100374 -0.08803868
0.00000000 0.00000000 0.00000000 1.00000000
1550 6.995604 0.399009
0.97646117 -0.03497562 0.21284068 -1.29178810
0.07460964 0.98062187 -0.18114756 0.07461923
-0.20238006 0.19276358 0.96014810 -0.61641932
0.00000000 0.00000000 0.00000000 1.00000000
1551 116.474055 4.011509
-0.04337266 0.94270861 -0.33078530 0.57579601
-0.99905837 -0.04125082 0.01343617 -0.62308753
-0.00097904 0.33105713 0.94361007 -0.95731664
0.00000000 0.00000000 0.00000000 1.00000000
1553 10.640519 0.558273
-0.44843242 -0.00600284 0.89379710 -2.25939131
0.05911176 0.99758881 0.03635825 -0.17129964
-0.89186007 0.06913808 -0.44699723 3.56111431
0.00000000 0.00000000 0.00000000 1.00000000
1561 17.900565 0.699339
0.98998314 0.04222342 -0.13472652 0.17751592
-0.04793064 0.99807441 -0.03940110 -0.04911029
0.13280325 0.04546365 0.99009931 -0.33360267
0.00000000 0.00000000 0.00000000 1.00000000
1571 179.907213 5.574681
-0.71190476 0.21128908 -0.66973835 1.66132164
0.01291360 0.95744467 0.28832805 -0.91181374
0.70215774 0.19661321 -0.68433815 5.55634785
0.00000000 0.00000000 0.00000000 1.00000000
1579 10.309580 0.382971
0.99401695 0.01128665 0.10864391 -0.07826796
-0.01093194 0.99993318 -0.00385815 0.05520278
-0.10868040 0.00264719 0.99407333 -0.35373139
0.00000000 0.00000000 0.00000000 1.00000000
1580 32.949912 1.250789
0.99521327 0.03365400 -0.09175159 0.21707112
-0.03494159 0.99931127 -0.01245493 0.07315796
0.09126946 0.01560110 0.99570394 -0.15686703
0.00000000 0.00000000 0.00000000 1.00000000
1582 27.952042 0.769099
0.99487305 0.02066202 -0.09899686 0.22856899
-0.02234006 0.99962419 -0.01587178 0.04298109
0.09863174 0.01800208 0.99496108 -0.04898417
0.00000000 0.00000000 0.00000000 1.00000000
1584 178.883200 5.158327
0.71304393 -0.25953847 0.65131289 -1.57449734
-0.21333396 -0.96522838 -0.15107551 1.44637609
0.66787475 -0.03122362 -0.74361831 4.22848129
0.00000000 0.00000000 0.00000000 1.00000000
1586 171.060485 7.246540
-0.90329987 0.07589423 0.42224371 -1.54827929
0.10901712 0.99252713 0.05482157 -0.76002342
-0.41492769 0.09555207 -0.90482354 6.68734074
0.00000000 0.00000000 0.00000000 1.00000000
1622 16.359379 0.599283
0.99818683 0.02868303 0.05291770 -0.11596961
-0.02536713 0.99773401 -0.06230572 -0.04370248
-0.05458505 0.06085068 0.99665314 -0.24582958
0.00000000 0.00000000 0.00000000 1.00000000
