93 4.835455 0.538893
0.19902547 -0.39732575 0.89583582 -2.08308172
0.53579938 0.80951715 0.24000408 0.10655369
-0.82055449 0.43222129 0.37400150 0.73857570
0.00000000 0.00000000 0.00000000 1.00000000
119 115.834155 1.347679
-0.00606331 -0.85833991 0.51304573 -0.11788142
0.79392672 -0.31606650 -0.51940656 0.11550792
0.60798466 0.40417159 0.68337464 1.16455841
0.00000000 0.00000000 0.00000000 1.00000000
197 76.417539 1.179782
-0.15168676 -0.40786758 0.90035284 -1.76100051
0.33705166 0.83495438 0.43502587 -0.66930950
-0.92918646 0.36945289 0.01082101 2.35506272
0.00000000 0.00000000 0.00000000 1.00000000
375 110.049982 1.871561
-0.51288289 0.85526115 -0.07402223 1.22267771
-0.79311800 -0.43908504 0.42210037 -0.95101851
0.32850364 0.27519622 0.90352231 0.40823138
0.00000000 0.00000000 0.00000000 1.00000000
408 11.269283 0.395424
0.92466956 0.22638813 -0.30616209 -0.64757043
-0.32190961 0.89423513 -0.31099972 -0.02271876
0.20337380 0.38612813 0.89974678 0.44448709
0.00000000 0.00000000 0.00000000 1.00000000
512 5.726560 0.515325
0.14681563 0.19986996 -0.96876043 3.38509202
-0.39489371 0.90978676 0.12785688 -0.70370543
0.90692019 0.36378592 0.21249810 2.03615665
0.00000000 0.00000000 0.00000000 1.00000000
579 40.346713 1.456314
-0.66717589 -0.07929474 0.74066794 -2.53687263
0.24206723 0.91727376 0.31625021 -1.29597974
-0.70447183 0.39028516 -0.59278786 3.73587346
0.00000000 0.00000000 0.00000000 1.00000000
611 107.753391 1.012143
0.28640112 -0.41389483 0.86409849 -1.08160961
0.22307445 0.90589875 0.35998037 -0.37820089
-0.93177998 0.08965966 0.35177967 0.93873286
0.00000000 0.00000000 0.00000000 1.00000000
655 10.950191 0.318968
-0.71130520 0.24754432 -0.65785009 0.61993492
-0.28029609 0.75839341 0.58845001 -1.26549101
0.64457703 0.60296041 -0.47006345 3.07419538
0.00000000 0.00000000 0.00000000 1.00000000
665 87.252320 2.068433
0.99715006 0.02841143 0.06989144 -0.21226799
-0.04722155 0.95751899 0.28447887 0.11946189
-0.05883995 -0.28696838 0.95613182 0.61046243
0.00000000 0.00000000 0.00000000 1.00000000
670 174.654907 3.130891
-0.34555504 0.12903826 0.92948425 -2.07361341
-0.00411088 -0.99069905 0.13600789 0.15281045
0.93839014 0.04317713 0.34287131 1.93422365
0.00000000 0.00000000 0.00000000 1.00000000
671 179.469182 1.261000
-0.15044589 -0.13462429 -0.97940922 2.79623842
0.20029481 -0.97429019 0.10315356 -0.11060742
-0.96811587 -0.18065147 0.17354248 2.47738457
0.00000000 0.00000000 0.00000000 1.00000000
717 150.974938 0.565168
-0.63469696 -0.25225586 -0.73042762 0.36673564
0.68255961 -0.62617636 -0.37684929 0.09617719
-0.36231369 -0.73774552 0.56961161 0.31724346
0.00000000 0.00000000 0.00000000 1.00000000
719 18.762292 0.066414
0.95764196 0.21925378 0.18668079 0.35067409
-0.24696073 0.95873511 0.14084700 -0.35989594
-0.14809592 -0.18098354 0.97227204 1.80879855
0.00000000 0.00000000 0.00000000 1.00000000
724 138.208079 1.278384
0.32806996 0.70407629 -0.62979877 0.47305939
0.92517620 -0.10479382 0.36478364 -1.37076104
0.19083671 -0.70234954 -0.68577421 2.71776414
0.00000000 0.00000000 0.00000000 1.00000000
726 128.702640 0.716548
-0.84674972 -0.53194910 0.00673838 0.28419793
0.05018134 -0.06725543 0.99647337 -0.23605072
-0.52961981 0.84410119 0.08364224 2.50105047
0.00000000 0.00000000 0.00000000 1.00000000
727 24.767191 0.541923
0.93944776 -0.25872108 0.22472323 0.60160923
-0.08761054 0.45264432 0.88737655 -0.15336633
-0.33130276 -0.85333222 0.40256903 2.63685298
0.00000000 0.00000000 0.00000000 1.00000000
728 81.620535 0.695690
0.69065303 0.70283633 -0.17034721 0.21953329
-0.69753611 0.58523464 -0.41345331 0.70509166
-0.19089726 0.40437660 0.89444840 2.73517823
0.00000000 0.00000000 0.00000000 1.00000000
739 102.965912 0.479509
-0.18313390 0.92993927 -0.31886446 1.15364611
-0.88722587 -0.01663902 0.46103495 -0.03350919
0.42342913 0.36733609 0.82811350 2.64623260
0.00000000 0.00000000 0.00000000 1.00000000
740 162.379933 0.710183
-0.34883064 0.93501341 -0.06376916 0.08186674
-0.09269229 -0.10213113 -0.99044251 0.69730097
-0.93259043 -0.33958593 0.12229472 2.92900825
0.00000000 0.00000000 0.00000000 1.00000000
752 150.238443 5.121893
-0.65341926 0.06272836 0.75439268 -0.92135644
0.56802034 0.69938308 0.43383819 -1.97200751
-0.50039560 0.71198857 -0.49262175 3.51286888
0.00000000 0.00000000 0.00000000 1.00000000
753 81.486286 3.077710
0.85687101 -0.11335495 0.50291407 -1.06084323
0.23856927 0.95197493 -0.19190587 0.13719183
-0.45700812 0.28441828 0.84276313 -0.24466085
0.00000000 0.00000000 0.00000000 1.00000000
754 56.426973 2.642306
0.98727655 -0.15844174 0.01342566 -0.55646014
0.14304020 0.92182904 0.36023691 -1.01123285
-0.06945277 -0.35373312 0.93276376 0.55132818
0.00000000 0.00000000 0.00000000 1.00000000
755 177.261939 2.798080
-0.98927391 0.13569772 -0.05405553 1.63593483
-0.12323990 -0.97405863 -0.18979223 2.82495213
-0.07840782 -0.18109488 0.98033512 0.27304173
0.00000000 0.00000000 0.00000000 1.00000000
756 147.106289 6.045761
-0.58843017 0.20467696 0.78221208 -1.13980198
0.62625718 0.72728789 0.28080684 -1.99255502
-0.51141965 0.65510088 -0.55613899 4.63471603
0.00000000 0.00000000 0.00000000 1.00000000
757 121.271060 5.634662
-0.85575485 0.25857365 -0.44813260 2.77031279
-0.17008749 0.67741203 0.71566898 -3.62792921
0.48862344 0.68865848 -0.53571928 3.85035944
0.00000000 0.00000000 0.00000000 1.00000000
758 161.775619 5.925988
-0.62158006 0.28253204 0.73062497 -1.19270587
0.76802701 0.40337372 0.49741557 -3.12651777
-0.15417981 0.87032378 -0.46772191 3.20287561
0.00000000 0.00000000 0.00000000 1.00000000
759 180.000000 3.510473
-0.98279494 0.08101057 -0.16598898 1.21253705
0.03285205 -0.80768466 -0.58869874 2.95203781
-0.18175738 -0.58402294 0.79112661 0.18500376
0.00000000 0.00000000 0.00000000 1.00000000
774 1.213698 0.523344
0.99719125 0.05839650 -0.04689571 0.86455154
-0.07037208 0.94486845 -0.31979945 0.24672212
0.02563512 0.32220131 0.94632399 -0.89186466
0.00000000 0.00000000 0.00000000 1.00000000
777 6.738601 1.076988
0.79258001 0.09966485 -0.60156894 1.23619950
-0.20726444 0.97184545 -0.11206499 0.12168008
0.57346261 0.21350420 0.79092222 -0.67165494
0.00000000 0.00000000 0.00000000 1.00000000
778 9.270103 0.337308
0.80094367 0.24248324 -0.54744279 0.14098185
-0.23749787 0.96798134 0.08128095 0.08577624
0.54962349 0.06491504 0.83288687 -0.22186017
0.00000000 0.00000000 0.00000000 1.00000000
779 1.488063 0.401348
0.92560595 0.22824565 -0.30191985 0.52122235
-0.19878834 0.97199035 0.12537412 0.16438514
0.32207903 -0.05602887 0.94505292 -0.39773202
0.00000000 0.00000000 0.00000000 1.00000000
780 3.406053 0.579336
0.80407006 0.30491364 -0.51039004 0.84650886
-0.35838544 0.93354797 -0.00688729 0.35891932
0.47437349 0.18845448 0.85991478 -0.75643194
0.00000000 0.00000000 0.00000000 1.00000000
816 9.803674 0.554873
0.75233066 0.23251054 -0.61639059 0.60494584
-0.19396803 0.97235101 0.13003719 -0.11626190
0.62958306 0.02172911 0.77662921 -0.18730402
0.00000000 0.00000000 0.00000000 1.00000000
858 2.378005 0.618313
0.99539357 0.09486537 0.01386219 1.20362854
-0.09225491 0.98710668 -0.13080548 0.18698017
-0.02609226 0.12892424 0.99131137 0.14065361
0.00000000 0.00000000 0.00000000 1.00000000
862 12.134857 0.469790
0.80252331 -0.31943971 0.50389916 -0.70030332
0.35822850 0.93339401 0.02118691 0.32843626
-0.47710454 0.16350807 0.86350286 -0.44492054
0.00000000 0.00000000 0.00000000 1.00000000
864 87.776800 1.580027
0.61323929 -0.45901883 0.64283413 -0.88601053
0.78980613 0.36860922 -0.49023700 1.26603758
-0.01192665 0.80834860 0.58858311 0.73279357
0.00000000 0.00000000 0.00000000 1.00000000
865 89.422600 2.387895
-0.19170387 0.94659019 0.25926033 -0.89994156
-0.73472518 -0.31355458 0.60154986 -1.04295135
0.65071350 -0.07516536 0.75559342 1.49780357
0.00000000 0.00000000 0.00000000 1.00000000
866 1.856040 0.398053
0.91495764 0.23234348 -0.32995385 1.56436908
-0.16504204 0.96156383 0.21944478 0.09566087
0.36825824 -0.14632633 0.91813654 0.99773586
0.00000000 0.00000000 0.00000000 1.00000000
869 174.341542 1.462637
-0.70005947 -0.62173676 0.35122734 -0.06546754
0.71059668 -0.65510607 0.25668865 -0.00192031
0.07049841 0.42927867 0.90041703 -0.03846765
0.00000000 0.00000000 0.00000000 1.00000000
984 85.889205 0.549538
0.85018414 -0.23569995 0.47077924 -0.59994173
0.33545643 0.93169332 -0.13934261 0.16034997
-0.40577903 0.27639225 0.87117791 -0.18924046
0.00000000 0.00000000 0.00000000 1.00000000
994 77.660426 2.688040
0.73249447 0.53505111 -0.42091680 -0.39631185
-0.19321713 0.75626445 0.62508535 -0.05361134
0.65277642 -0.37654343 0.65734106 0.58128977
0.00000000 0.00000000 0.00000000 1.00000000
999 34.325951 1.748069
0.71963775 -0.54403776 0.43144488 -0.92660886
0.27187079 0.79252851 0.54588008 -0.02667809
-0.63891172 -0.27553862 0.71824133 0.44345725
0.00000000 0.00000000 0.00000000 1.00000000
1115 35.950916 1.295383
-0.94148028 0.33659047 0.01796699 0.33970731
0.07451741 0.15585640 0.98496497 -2.37286067
0.32872951 0.92866355 -0.17181775 2.12907481
0.00000000 0.00000000 0.00000000 1.00000000
1116 86.186787 2.650246
-0.04904311 -0.28883663 0.95612144 -1.82254827
0.38507456 0.87780046 0.28492844 -0.35533261
-0.92158169 0.38215169 0.06817348 1.80811810
0.00000000 0.00000000 0.00000000 1.00000000
1117 14.153623 1.041883
-0.93455988 0.23325065 0.26868528 -0.23195148
0.30717397 0.14782885 0.94010162 -2.09336448
0.17955981 0.96111429 -0.20980331 1.86178565
0.00000000 0.00000000 0.00000000 1.00000000
1172 179.619478 3.260833
-0.45522225 0.68010652 -0.57465535 0.81578678
-0.17952901 0.56203914 0.80739248 -1.41716743
0.87209177 0.47071013 -0.13375443 2.63720512
0.00000000 0.00000000 0.00000000 1.00000000
1185 78.201924 0.776850
-0.01724540 0.99609315 -0.08660205 -0.63330203
-0.97556424 0.00221031 0.21970126 0.18517596
0.21903390 0.08827490 0.97171485 -0.16508138
0.00000000 0.00000000 0.00000000 1.00000000
1190 84.589700 1.275820
0.69944787 -0.05637439 -0.71245617 0.95205486
-0.17950508 0.95106977 -0.25148302 0.22135705
0.69177264 0.30378896 0.65510476 0.29911852
0.00000000 0.00000000 0.00000000 1.00000000
1191 8.227481 0.653546
0.91243607 -0.27465230 0.30335826 -0.23773061
0.13841806 0.90475708 0.40281081 -0.54631150
-0.38509786 -0.32554823 0.86354947 -0.03017604
0.00000000 0.00000000 0.00000000 1.00000000
1195 16.460849 0.519036
0.58162403 0.46286952 -0.66892892 0.41287118
0.03785935 0.80603349 0.59065890 -0.07833141
0.81257689 -0.36886650 0.45128378 0.68277860
0.00000000 0.00000000 0.00000000 1.00000000
1227 94.103941 0.428904
-0.21004516 0.85783309 0.46904567 -0.40290260
-0.96821338 -0.11586709 -0.22167137 -0.20741360
-0.13581014 -0.50069714 0.85490257 0.28050274
0.00000000 0.00000000 0.00000000 1.00000000
1237 179.786021 2.692413
-0.65413326 0.47945848 -0.58500266 0.74606735
-0.40278953 0.43383053 0.80594605 -1.78057671
0.64021039 0.76282984 -0.09065989 1.72296429
0.00000000 0.00000000 0.00000000 1.00000000
1238 89.436948 0.172592
-0.22479182 0.52047318 0.82375765 -0.40617317
-0.86442995 0.28363892 -0.41510165 0.07173234
-0.44969895 -0.80539286 0.38615289 0.29018366
0.00000000 0.00000000 0.00000000 1.00000000
1239 113.944368 1.666661
0.17030773 -0.51297700 -0.84133869 -0.86685735
0.98520344 0.10532871 0.13520883 0.58659780
0.01925792 -0.85191607 0.52332526 1.55163252
0.00000000 0.00000000 0.00000000 1.00000000
1241 157.208804 1.795681
-0.00087473 -0.52031618 0.85397327 -0.65689635
0.13058341 -0.84672099 -0.51576340 1.17973542
0.99143690 0.11106360 0.06868550 1.29084301
0.00000000 0.00000000 0.00000000 1.00000000
1260 7.451192 0.319854
0.98515207 -0.05448693 -0.16280952 -0.70602095
0.03390763 0.99137354 -0.12660608 0.14207080
0.16830331 0.11920583 0.97850108 -0.46889257
0.00000000 0.00000000 0.00000000 1.00000000
1261 9.944711 0.416865
0.82167071 0.22593582 -0.52326906 -0.11554575
-0.07687971 0.95362031 0.29103062 0.25349659
0.56475395 -0.19890314 0.80093104 -0.23517990
0.00000000 0.00000000 0.00000000 1.00000000
1300 80.556710 2.951731
-0.72620761 0.16002819 -0.66859043 0.84687114
-0.06121865 0.95361340 0.29474342 -0.36433268
0.68474394 0.25497535 -0.68272483 3.34576654
0.00000000 0.00000000 0.00000000 1.00000000
1301 178.844787 1.914822
-0.80317754 0.13570879 -0.58007687 1.30166256
0.07189487 -0.94451189 -0.32051402 1.37138867
-0.59138560 -0.29913425 0.74885356 1.31125927
0.00000000 0.00000000 0.00000000 1.00000000
1305 9.062410 0.356284
0.31820062 -0.04085225 0.94714224 -0.97094095
0.28541055 0.95684779 -0.05461572 -0.12292665
-0.90404028 0.28770307 0.31612951 0.52428508
0.00000000 0.00000000 0.00000000 1.00000000
1313 174.457035 3.310049
-0.84723240 0.10554862 -0.52063084 -0.34312809
-0.46363145 -0.62532926 0.62770188 -1.93194604
-0.25931272 0.77319002 0.57873493 -0.59103179
0.00000000 0.00000000 0.00000000 1.00000000
1315 9.328518 0.519065
0.85514295 -0.01990691 0.51800895 0.07356900
0.11634454 0.98114038 -0.15435880 -0.54152071
-0.50516701 0.19226657 0.84133196 -0.14600849
0.00000000 0.00000000 0.00000000 1.00000000
1316 177.515565 1.972644
-0.91564596 -0.01095314 0.40183559 -2.05222082
-0.18625998 -0.87428445 -0.44825411 1.71971345
0.35622889 -0.48528758 0.79849595 0.91388345
0.00000000 0.00000000 0.00000000 1.00000000
1348 2.620175 2.094123
0.99552721 -0.08285733 0.04538658 -0.81790948
0.08006109 0.99496377 0.06030625 0.13290434
-0.05015482 -0.05640286 0.99714720 -0.01544905
0.00000000 0.00000000 0.00000000 1.00000000
1352 12.950553 1.462720
0.97524691 -0.09053405 0.20173511 -0.67770135
0.13035591 0.97233862 -0.19381626 0.66922987
-0.17860794 0.21531621 0.96007180 -0.00978303
0.00000000 0.00000000 0.00000000 1.00000000
1380 5.632003 0.615414
0.86291558 0.09234086 -0.49684203 -0.58349925
-0.08365564 0.99570107 0.03976327 0.44864053
0.49837911 0.00725147 0.86692953 -1.13492298
0.00000000 0.00000000 0.00000000 1.00000000
1393 2.446646 1.052986
0.50705612 -0.32084671 0.79996967 -2.79751515
0.21342036 0.94596708 0.24412736 -0.29540581
-0.83507240 0.04694319 0.54813385 1.33419669
0.00000000 0.00000000 0.00000000 1.00000000
1397 3.147965 1.251729
-0.27371001 -0.36092070 0.89152640 -2.99376655
0.46510869 0.76167083 0.45114568 -0.58640403
-0.84187728 0.53813928 -0.04061046 1.94511962
0.00000000 0.00000000 0.00000000 1.00000000
1398 6.706978 0.357642
-0.31733650 -0.34866226 0.88189054 -3.47301340
0.34033066 0.82613510 0.44908240 -0.58817744
-0.88513893 0.44264466 -0.14350325 2.34417701
0.00000000 0.00000000 0.00000000 1.00000000
1430 179.535640 3.019331
-0.79359871 -0.14823383 0.59010875 -0.90011352
0.31929973 0.72412390 0.61130279 -1.15706432
-0.51792753 0.67355043 -0.52733290 2.90265465
0.00000000 0.00000000 0.00000000 1.00000000
1431 165.713124 4.024145
-0.47798878 -0.15644796 0.86432046 -2.24986458
-0.09978656 0.98731095 0.12352633 0.10633197
-0.87267810 -0.02720304 -0.48753482 3.99441957
0.00000000 0.00000000 0.00000000 1.00000000
1436 141.661224 3.216144
-0.90220869 0.24157551 -0.35729316 0.05207160
-0.23731461 0.41367903 0.87894839 -2.98574805
0.36013681 0.87778616 -0.31589636 3.27682829
0.00000000 0.00000000 0.00000000 1.00000000
1438 131.677623 7.121756
-0.04869092 0.80020154 0.59775162 -2.75655341
0.93140668 -0.17975092 0.31649950 -2.27751255
0.36070985 0.57216048 -0.73656130 4.96920300
0.00000000 0.00000000 0.00000000 1.00000000
1443 80.345130 2.305932
0.81754917 0.29284990 -0.49583429 1.18386483
-0.15750185 0.94191694 0.29662186 -0.19546533
0.55390102 -0.16440853 0.81618822 0.02349496
0.00000000 0.00000000 0.00000000 1.00000000
1444 127.103459 3.950623
0.12359275 0.37992549 -0.91672331 1.96468794
-0.22009028 0.91129267 0.34800246 -0.91551018
0.96761870 0.15875125 0.19624749 2.04787159
0.00000000 0.00000000 0.00000000 1.00000000
1445 54.917326 1.944385
0.91597277 0.22885671 -0.32957548 1.79325902
-0.32214954 0.90912229 -0.26404068 -0.20779288
0.23919617 0.34802735 0.90645707 -0.22677517
0.00000000 0.00000000 0.00000000 1.00000000
1446 107.738983 2.476617
0.17185923 0.38732058 -0.90578449 2.35892320
-0.85249764 0.51924205 0.06028408 -0.70435077
0.49367028 0.76181924 0.41942754 0.50346994
0.00000000 0.00000000 0.00000000 1.00000000
1447 15.143709 0.893308
0.97916991 -0.05693226 0.19489551 0.14326602
0.08194700 0.98904383 -0.12279062 0.92569816
-0.18576933 0.13620403 0.97310746 -0.16110349
0.00000000 0.00000000 0.00000000 1.00000000
1451 25.773831 0.711820
0.70963597 -0.42400646 0.56270427 0.18548393
0.46869370 0.88039607 0.07231462 0.41395891
-0.52606469 0.21241893 0.82348931 0.02523708
0.00000000 0.00000000 0.00000000 1.00000000
1453 2.718726 0.782273
0.73996985 -0.25282985 0.62331611 -0.20641112
0.18403944 0.96741003 0.17391965 -0.18976261
-0.64697367 -0.01398040 0.76238489 0.90528250
0.00000000 0.00000000 0.00000000 1.00000000
1454 88.450014 0.287502
0.50785279 0.42052054 -0.75183129 0.53663683
-0.45502248 0.87202001 0.18038476 -0.32242930
0.73146552 0.25049102 0.63420415 0.33248460
0.00000000 0.00000000 0.00000000 1.00000000
1461 102.050269 2.524796
-0.22863758 0.48814112 -0.84228402 1.71401751
-0.80746508 0.38821277 0.44417307 -2.69563556
0.54380500 0.78167015 0.30539745 1.41734290
0.00000000 0.00000000 0.00000000 1.00000000
1477 8.901105 0.529593
0.94569987 0.15949263 -0.28322214 -0.23294379
-0.17710540 0.98347616 -0.03753778 -0.06065106
0.27255499 0.08565912 0.95831978 -1.08262539
0.00000000 0.00000000 0.00000000 1.00000000
1504 6.111574 0.315271
0.99941444 -0.02933077 0.01759034 -0.74392343
0.03211623 0.98167431 -0.18783861 0.59600019
-0.01175846 0.18829316 0.98204207 -1.16057491
0.00000000 0.00000000 0.00000000 1.00000000
1505 9.106534 0.424481
0.97643942 0.07710513 -0.20154589 -0.48712182
-0.08141311 0.99659336 -0.01316035 0.31160784
0.19984454 0.02925831 0.97939038 -0.64242077
0.00000000 0.00000000 0.00000000 1.00000000
1523 25.788938 1.064617
0.96857589 0.12984204 0.21213493 -0.58091694
-0.09798008 0.98313916 -0.15439360 0.12258340
-0.22860499 0.12875700 0.96496713 -0.59911132
0.00000000 0.00000000 0.00000000 1.00000000
1524 6.154025 0.690338
0.95434994 0.17444462 0.24245591 -0.65066504
-0.14656170 0.98078382 -0.12877075 0.47140896
-0.26026046 0.08735758 0.96157807 -1.32750237
0.00000000 0.00000000 0.00000000 1.00000000
1525 15.722214 0.504314
0.89730072 0.39994898 -0.18679474 -0.95418549
-0.38403398 0.91595387 0.11638907 -0.15893726
0.21764506 -0.03270042 0.97548008 -0.20238137
0.00000000 0.00000000 0.00000000 1.00000000
1526 18.249252 0.643661
0.94153237 0.33536771 -0.03234670 -0.49222562
-0.32138741 0.92278486 0.21255352 0.12289923
0.10113215 -0.18973012 0.97661436 -0.16438556
0.00000000 0.00000000 0.00000000 1.00000000
1546 15.811750 0.803616
-0.64065278 -0.05311891 0.76599061 -1.68471003
0.05186726 0.99233150 0.11219525 -0.45098117
-0.76607692 0.11160836 -0.63298464 4.01560497
0.00000000 0.00000000 0.00000000 1.00000000
1547 13.486098 1.036592
-0.61462480 0.30516788 0.72739899 -2.21122670
0.17968723 0.95205683 -0.24759039 0.54042667
-0.76808125 -0.02147127 -0.63999212 3.76524639
0.00000000 0.00000000 0.00000000 1.00000000
1549 8.452289 0.441571
0.96119761 -0.05925885 0.26941913 -1.08949387
0.11688942 0.97213459 -0.20320034 -0.02730630
-0.24987017 0.22680776 0.94134110 -0.08808398
0.00000000 0.00000000 0.00000000 1.00000000
1550 7.097990 0.404551
0.97688639 -0.03513110 0.21085081 -1.28541708
0.07450864 0.98050129 -0.18183500 0.07648343
-0.20035081 0.19334263 0.96045697 -0.61632657
0.00000000 0.00000000 0.00000000 1.00000000
1551 29.508970 1.511311
0.37352490 0.46518371 0.80254829 -3.46790648
0.17427921 0.81457013 -0.55326557 1.55725086
-0.91110182 0.34652585 0.22319055 0.09537506
0.00000000 0.00000000 0.00000000 1.00000000
1552 1.910493 0.817618
0.02693718 0.04746357 0.99850988 -3.92182493
-0.00969431 0.99883848 -0.04721734 0.24813074
-0.99959069 -0.00840831 0.02736592 2.23211908
0.00000000 0.00000000 0.00000000 1.00000000
1553 11.300661 0.505436
-0.36356884 -0.06801540 0.92908078 -2.30728722
0.10694391 0.98769015 0.11415470 -0.34551024
-0.92540801 0.14086220 -0.35181949 3.24908233
0.00000000 0.00000000 0.00000000 1.00000000
1554 9.740979 0.429067
-0.30569673 0.10695980 0.94610155 -1.83057272
-0.00812872 0.99334055 -0.11492649 0.33059105
-0.95209420 -0.04282286 -0.30279124 3.15446281
0.00000000 0.00000000 0.00000000 1.00000000
1561 17.918489 0.699943
0.98991215 0.04300942 -0.13499650 0.17826620
-0.04874110 0.99803239 -0.03944267 -0.04861146
0.13303453 0.04562461 0.99006069 -0.33332586
0.00000000 0.00000000 0.00000000 1.00000000
1571 44.434071 3.249896
0.06190860 -0.24000871 0.96879470 -2.69473147
0.41859695 0.88740593 0.19309624 -0.47420374
-0.90605986 0.39358026 0.15540525 2.50587201
0.00000000 0.00000000 0.00000000 1.00000000
1579 23.467596 0.926795
0.99152815 0.05357026 -0.11833030 0.44520724
-0.05353554 0.99856013 0.00347346 0.00117394
0.11834567 0.00289109 0.99296838 -0.17437196
0.00000000 0.00000000 0.00000000 1.00000000
1580 32.025241 1.208757
0.99664301 0.03088255 -0.07582939 0.16753447
-0.03184239 0.99942702 -0.01146674 0.06626450
0.07543220 0.01384282 0.99705505 -0.14128089
0.00000000 0.00000000 0.00000000 1.00000000
1582 27.692197 0.763585
0.99532437 0.01924664 -0.09465551 0.22231390
-0.02090297 0.99964553 -0.01653819 0.04349440
0.09430379 0.01843922 0.99537277 -0.04698551
0.00000000 0.00000000 0.00000000 1.00000000
1584 56.962638 2.908603
0.30029801 -0.24091831 0.92291832 -2.15838456
0.27098900 0.94925499 0.15961924 -0.32074648
-0.91454124 0.20216715 0.35034603 1.72107124
0.00000000 0.00000000 0.00000000 1.00000000
1586 169.317670 7.255383
-0.88910204 0.08758321 0.44925052 -1.66366398
0.12503207 0.99066478 0.05431428 -0.77503824
-0.44029933 0.10446176 -0.89175266 6.66826963
0.00000000 0.00000000 0.00000000 1.00000000
1622 16.174134 0.595125
0.99802631 0.02820873 0.05610391 -0.12352927
-0.02467644 0.99772751 -0.06268783 -0.04270524
-0.05774470 0.06117997 0.99645513 -0.24442482
0.00000000 0.00000000 0.00000000 1.00000000
