16 93.517639 2.563050
0.73404145 -0.25966123 0.62750256 -1.45469475
0.39688411 0.91381902 -0.08612908 0.48477983
-0.55105937 0.31226826 0.77383649 0.01232910
0.00000000 0.00000000 0.00000000 1.00000000
28 59.462271 0.749584
-0.08294326 -0.43627810 0.89598167 -2.06011581
0.33471036 0.83465481 0.43740201 -0.45035037
-0.93866420 0.33617362 0.07679689 1.70342159
0.00000000 0.00000000 0.00000000 1.00000000
93 97.809005 1.476191
0.91671431 0.39720196 -0.04318577 -0.64068276
-0.38751602 0.91023189 0.14597984 0.30118042
0.09729221 -0.11708678 0.98834491 -0.48797560
0.00000000 0.00000000 0.00000000 1.00000000
119 116.320600 1.345378
-0.02637115 -0.85865337 0.51187819 -0.10345829
0.80182648 -0.32395941 -0.50211871 0.07859986
0.59697330 0.39719617 0.69703490 1.14480841
0.00000000 0.00000000 0.00000000 1.00000000
122 93.508701 0.970204
0.99408865 -0.06347419 0.08808324 -0.18942489
0.05671358 0.99539828 0.07724059 -0.41805500
-0.09258062 -0.07178843 0.99311399 1.33989239
0.00000000 0.00000000 0.00000000 1.00000000
197 58.373985 0.799851
0.17630407 -0.48576692 0.85612369 -1.73832202
0.42989394 0.82041454 0.37697613 -0.56708241
-0.88549894 0.30158004 0.35347039 1.77190936
0.00000000 0.00000000 0.00000000 1.00000000
234 6.114716 1.902307
0.37167653 0.34118056 -0.86339629 1.52919018
-0.52436185 0.84461480 0.10803095 -0.15994605
0.76609564 0.41257912 0.49282566 -0.00337076
0.00000000 0.00000000 0.00000000 1.00000000
375 140.202880 2.639290
-0.95082968 -0.20248540 -0.23435429 0.82475352
-0.30505034 0.74308825 0.59562051 -1.06106257
0.05354154 0.63782382 -0.76831877 2.35801005
0.00000000 0.00000000 0.00000000 1.00000000
408 9.983435 0.347985
0.92834234 0.21015769 -0.30661672 -0.63941705
-0.30354324 0.90470755 -0.29894391 -0.06914026
0.21457291 0.37059373 0.90366977 0.43230891
0.00000000 0.00000000 0.00000000 1.00000000
512 4.864055 0.454794
0.11054935 0.20354120 -0.97280550 3.42730308
-0.40644848 0.90247226 0.14263648 -0.73787320
0.90696180 0.37962702 0.18249598 2.11537790
0.00000000 0.00000000 0.00000000 1.00000000
579 158.944722 4.580409
-0.00073940 0.93328446 -0.35913253 0.55507779
-0.98894560 -0.05392984 -0.13811506 -0.57425880
-0.14826900 0.35506105 0.92301023 -0.30282760
0.00000000 0.00000000 0.00000000 1.00000000
611 99.681161 0.888242
0.41870880 -0.41375592 0.80838686 -0.88789183
0.05283130 0.89976650 0.43316236 -0.62334383
-0.90658259 -0.13866076 0.39859915 0.93911183
0.00000000 0.00000000 0.00000000 1.00000000
612 25.411807 1.531035
0.41025379 0.41823214 -0.81041557 1.39748955
-0.12549935 0.90607816 0.40406951 -0.46128196
0.90329468 -0.06406431 0.42421007 1.34651971
0.00000000 0.00000000 0.00000000 1.00000000
632 31.481290 1.433624
0.26033813 -0.12460057 0.95744377 -1.30146003
0.20690568 0.97580087 0.07073016 -0.17602471
-0.94308770 0.17968689 0.27981859 1.09050369
0.00000000 0.00000000 0.00000000 1.00000000
665 85.791998 2.014451
0.99519175 0.07907321 0.05780140 -0.20794281
-0.09408881 0.93576872 0.33982939 0.00023830
-0.02721754 -0.34363368 0.93870944 0.67689252
0.00000000 0.00000000 0.00000000 1.00000000
670 179.246056 3.182961
-0.33223960 0.05047859 0.94184357 -2.11827040
0.01717565 -0.99807775 0.05955127 0.32039195
0.94303972 0.03596217 0.33073413 1.95297670
0.00000000 0.00000000 0.00000000 1.00000000
671 176.947383 2.612141
0.97461843 0.20572111 -0.08831128 0.33629254
0.21874411 -0.95902741 0.18004817 0.32897985
-0.04765314 -0.19479588 -0.97968590 3.31993389
0.00000000 0.00000000 0.00000000 1.00000000
717 164.563432 1.503640
-0.99758369 0.06792822 -0.01456423 -0.14094645
0.05974251 0.73181361 -0.67888135 0.51967406
-0.03545696 -0.67811114 -0.73410356 1.26245880
0.00000000 0.00000000 0.00000000 1.00000000
718 35.468453 0.274426
0.77559912 -0.63024497 0.03518024 0.42904317
0.61621004 0.74388784 -0.25868216 -0.70334613
0.13686305 0.22231199 0.96532160 1.59532213
0.00000000 0.00000000 0.00000000 1.00000000
724 144.028538 1.730328
-0.47154987 -0.88101280 0.03816167 -0.27180070
-0.77279902 0.43370008 0.46334144 -1.37678921
-0.42476058 0.18899733 -0.88535750 2.99931931
0.00000000 0.00000000 0.00000000 1.00000000
726 29.353706 0.214275
0.66840321 -0.59266794 0.44942480 0.32356459
0.34317902 0.78180099 0.52059245 0.24722958
-0.65990001 -0.19373192 0.72594798 1.89114046
0.00000000 0.00000000 0.00000000 1.00000000
727 119.260120 1.269361
0.80672830 -0.41783774 0.41785243 0.38236940
0.48864949 0.07408708 -0.86932802 0.94108915
0.33228046 0.90549541 0.26394546 2.98692131
0.00000000 0.00000000 0.00000000 1.00000000
728 131.131289 0.255086
-0.69603401 -0.71586192 -0.05547664 0.10573605
0.60708869 -0.62800568 0.48688069 0.08995420
-0.38337904 0.30520675 0.87170506 2.63644981
0.00000000 0.00000000 0.00000000 1.00000000
739 153.086603 1.142828
-0.41512462 0.20155317 -0.88715601 -0.07050419
0.31617880 -0.88240147 -0.34842166 0.34416896
-0.85305381 -0.42513824 0.30258048 1.69993567
0.00000000 0.00000000 0.00000000 1.00000000
740 116.072155 1.617199
0.12668043 0.89762145 0.42217067 -0.30763018
0.64692265 -0.39739528 0.65082127 0.32999682
0.75196010 0.19066569 -0.63103396 4.29866934
0.00000000 0.00000000 0.00000000 1.00000000
752 138.391413 4.970479
-0.48775029 0.02405860 0.87265152 -1.35276139
0.63706976 0.69325095 0.33696428 -1.67018640
-0.59685999 0.72029394 -0.35346046 3.07692719
0.00000000 0.00000000 0.00000000 1.00000000
753 90.694376 4.239985
-0.69752324 0.46928060 -0.54151231 3.53893018
0.03910188 0.77951145 0.62516594 -2.53233433
0.71549326 0.41489324 -0.56207758 3.93892622
0.00000000 0.00000000 0.00000000 1.00000000
754 61.554121 2.831685
0.98100543 -0.19180587 0.02896614 -0.58226115
0.15075150 0.84780878 0.50842452 -1.44748306
-0.12207665 -0.49440074 0.86062008 0.93441677
0.00000000 0.00000000 0.00000000 1.00000000
755 76.710977 3.646794
0.56335372 0.01016772 0.82615274 -1.48999190
0.08514923 0.99388534 -0.07029492 0.62068802
-0.82181621 0.10994698 0.55904341 1.54679489
0.00000000 0.00000000 0.00000000 1.00000000
756 53.349624 2.574141
0.84853780 0.32580149 0.41693884 -0.36347681
-0.05806392 0.84053594 -0.53863591 0.37261426
-0.52594054 0.43284348 0.73214316 1.02190638
0.00000000 0.00000000 0.00000000 1.00000000
757 96.094404 5.297865
0.43974951 -0.17530195 0.88084549 -2.33789587
0.87495255 0.30494672 -0.37611839 -1.25959456
-0.20267642 0.93609643 0.28748110 2.57431889
0.00000000 0.00000000 0.00000000 1.00000000
758 166.431237 5.874211
-0.67362106 0.29025716 0.67969507 -1.00809872
0.73343372 0.37596065 0.56632948 -3.27320814
-0.09115693 0.88000280 -0.46613929 3.13270926
0.00000000 0.00000000 0.00000000 1.00000000
759 121.874328 6.059672
0.91362518 0.14051668 0.38150316 -2.32659936
-0.34708878 -0.21905226 0.91189146 -3.20673347
0.21170506 -0.96554196 -0.15135953 3.88124251
0.00000000 0.00000000 0.00000000 1.00000000
774 1.215309 0.523338
0.99719131 0.05839474 -0.04689416 0.86454415
-0.07036947 0.94486874 -0.31979731 0.24671859
0.02563474 0.32219911 0.94632417 -0.89186394
0.00000000 0.00000000 0.00000000 1.00000000
777 6.786338 1.081658
0.79263419 0.09689762 -0.60194802 1.24143219
-0.20520727 0.97208756 -0.11373292 0.12424311
0.57412612 0.21367276 0.79039407 -0.67048049
0.00000000 0.00000000 0.00000000 1.00000000
779 1.508698 0.398503
0.92594153 0.22720718 -0.30167857 0.51863372
-0.19799364 0.97225815 0.12454805 0.16588867
0.32160789 -0.05559394 0.94523984 -0.39785945
0.00000000 0.00000000 0.00000000 1.00000000
780 3.273691 0.568368
0.80503368 0.30602142 -0.50820315 0.83622968
-0.35919672 0.93323487 -0.00703505 0.36025572
0.47211999 0.18820870 0.86120760 -0.76108623
0.00000000 0.00000000 0.00000000 1.00000000
781 171.765733 3.516159
-0.99375314 0.06518935 0.09058397 -0.14303643
0.11158663 0.56681138 0.81625593 -1.69187117
0.00186716 0.82126486 -0.57054484 2.37232018
0.00000000 0.00000000 0.00000000 1.00000000
816 9.755421 0.552228
0.75286764 0.23158965 -0.61608124 0.60275978
-0.19327313 0.97257292 0.12941322 -0.11477010
0.62915468 0.02164071 0.77697891 -0.18795228
0.00000000 0.00000000 0.00000000 1.00000000
838 89.859073 0.969708
0.33462760 -0.52672446 0.78140157 -0.15037829
0.47587442 0.81015962 0.34232259 -0.39712799
-0.81336957 0.25729805 0.52175516 0.80270231
0.00000000 0.00000000 0.00000000 1.00000000
858 2.375205 0.613869
0.99536675 0.09512960 0.01400065 1.20800972
-0.09251631 0.98717093 -0.13013610 0.18597999
-0.02620062 0.12823804 0.99139810 0.13905644
0.00000000 0.00000000 0.00000000 1.00000000
864 81.170944 1.245897
0.59697556 -0.51856554 0.61213648 -0.82429391
0.79928339 0.45010433 -0.39818656 1.05113268
-0.06903931 0.72697794 0.68318141 0.46332037
0.00000000 0.00000000 0.00000000 1.00000000
865 90.108716 2.430152
-0.17154865 0.94035095 0.29378742 -0.96648353
-0.74823505 -0.31835079 0.58206248 -1.00335753
0.64087045 -0.11996993 0.75821626 1.46960235
0.00000000 0.00000000 0.00000000 1.00000000
866 4.237806 0.404175
0.93550354 0.19106728 -0.29719949 1.55104077
-0.13836379 0.97209823 0.18942297 0.14997780
0.32509917 -0.13608402 0.93583810 0.94950676
0.00000000 0.00000000 0.00000000 1.00000000
869 30.008982 1.261681
0.03227124 0.14751552 -0.98853290 2.03543139
-0.40642244 0.90552211 0.12186009 -0.37673268
0.91311508 0.39782941 0.08917639 1.45638955
0.00000000 0.00000000 0.00000000 1.00000000
893 174.589862 6.327304
-0.99983382 0.01818472 -0.00109112 -1.04470634
0.01803841 0.99661964 0.08014941 -0.17224994
0.00254495 0.08011644 -0.99678218 6.09077597
0.00000000 0.00000000 0.00000000 1.00000000
902 123.998860 1.170937
-0.43305188 0.85923284 0.27237231 -0.61090380
-0.86909181 -0.47816485 0.12664059 -1.20940471
0.23905218 -0.18187441 0.95382166 0.01782942
0.00000000 0.00000000 0.00000000 1.00000000
984 87.148315 0.517038
0.83891612 -0.28852385 0.46149024 -0.57500774
0.37772653 0.91911620 -0.11201519 0.10975330
-0.39184421 0.26828858 0.88004482 -0.20626950
0.00000000 0.00000000 0.00000000 1.00000000
994 33.649914 1.970614
0.36930060 -0.70134526 0.60969853 -0.73710406
0.24263017 0.70608807 0.66526079 -0.23484093
-0.89707762 -0.09774961 0.43092602 1.21388650
0.00000000 0.00000000 0.00000000 1.00000000
999 33.845095 1.756891
0.72626162 -0.52903044 0.43894002 -0.92850101
0.26100090 0.80293500 0.53588551 -0.01025748
-0.63594115 -0.27462983 0.72121936 0.43567812
0.00000000 0.00000000 0.00000000 1.00000000
1109 178.710474 4.224173
0.54308790 -0.09836251 0.83389485 -2.11476707
0.24734533 0.96779096 -0.04693109 0.18272942
-0.80241889 0.23174785 0.54992467 0.14084017
0.00000000 0.00000000 0.00000000 1.00000000
1115 15.317128 0.974946
-0.96650064 0.16411078 0.19734308 -0.08518356
0.24994221 0.42697591 0.86903471 -2.25760102
0.05835712 0.88924688 -0.45369136 3.10167670
0.00000000 0.00000000 0.00000000 1.00000000
1116 177.154246 3.171299
0.99855018 0.02727021 0.04640266 0.26784950
-0.03120843 0.99577320 0.08638343 -0.17827550
-0.04385082 -0.08770633 0.99518073 0.23014593
0.00000000 0.00000000 0.00000000 1.00000000
1117 179.771430 4.541954
0.95408297 0.17775689 -0.24110314 1.69160628
-0.22718653 0.95399189 -0.19566832 -0.11278078
0.19522856 0.24145925 0.95057011 -0.41330159
0.00000000 0.00000000 0.00000000 1.00000000
1185 78.677703 0.791274
-0.02295900 0.99663574 -0.07866733 -0.64796203
-0.97607940 -0.00533024 0.21734630 0.19746858
0.21619532 0.08177610 0.97291815 -0.16448939
0.00000000 0.00000000 0.00000000 1.00000000
1191 95.897766 0.460816
0.13583684 -0.99072796 -0.00237760 0.11379717
0.67155057 0.09383869 -0.73499221 0.46633756
0.72840112 0.09824263 0.67807096 0.05243123
0.00000000 0.00000000 0.00000000 1.00000000
1195 15.541048 0.490182
0.59279072 0.46232238 -0.65943652 0.38934273
0.01652792 0.81165719 0.58389974 -0.04926568
0.80518699 -0.35702968 0.47350177 0.67326188
0.00000000 0.00000000 0.00000000 1.00000000
1235 91.699337 1.132143
0.99773079 0.05615176 -0.03711081 0.49377295
-0.05087559 0.99015921 0.13036805 -0.02370274
0.04406419 -0.12818375 0.99077034 0.01187873
0.00000000 0.00000000 0.00000000 1.00000000
1237 179.821410 2.691579
-0.65309727 0.48332214 -0.58297831 0.74318755
-0.40011156 0.43337274 0.80752617 -1.79459524
0.64294237 0.76064944 -0.08965147 1.70927560
0.00000000 0.00000000 0.00000000 1.00000000
1238 89.587528 0.171912
-0.22653753 0.52104896 0.82291466 -0.40526539
-0.86474836 0.28119546 -0.41609973 0.07353421
-0.44820827 -0.80587661 0.38687506 0.28997838
0.00000000 0.00000000 0.00000000 1.00000000
1239 114.063423 1.671041
0.15781623 -0.52176309 -0.83836651 -0.88571739
0.98733681 0.09723356 0.12534472 0.58727962
0.01611726 -0.84753186 0.53050101 1.54763651
0.00000000 0.00000000 0.00000000 1.00000000
1260 7.452351 0.319892
0.98514903 -0.05449677 -0.16282111 -0.70598751
0.03391875 0.99137461 -0.12659121 0.14203008
0.16831575 0.11918828 0.97850049 -0.46889138
0.00000000 0.00000000 0.00000000 1.00000000
1261 85.896915 2.150034
0.50389868 -0.11884785 0.85554701 -1.39920425
0.05209890 0.99286717 0.10723805 0.24212390
-0.86219013 -0.00946434 0.50649613 1.68054605
0.00000000 0.00000000 0.00000000 1.00000000
1300 179.053430 1.946256
-0.62229848 0.20590883 -0.75521237 1.00963616
0.05231959 -0.95168406 -0.30258876 1.48157430
-0.78102940 -0.22781305 0.58145893 1.50257885
0.00000000 0.00000000 0.00000000 1.00000000
1301 178.808267 1.904529
-0.80565220 0.13476221 -0.57685661 1.29423892
0.07087252 -0.94486004 -0.31971657 1.37000692
-0.58813375 -0.29846406 0.75167698 1.29903340
0.00000000 0.00000000 0.00000000 1.00000000
1305 10.909341 0.432724
0.28862524 -0.02346344 0.95715439 -1.03801262
0.26266050 0.96328616 -0.05559060 -0.15618095
-0.92070800 0.26745141 0.28419161 0.56562591
0.00000000 0.00000000 0.00000000 1.00000000
1313 178.092685 4.089333
-0.82098669 0.22976191 -0.52267945 -0.29779065
-0.56956166 -0.39338773 0.72169745 -2.65301824
-0.03979680 0.89020002 0.45382923 0.28684390
0.00000000 0.00000000 0.00000000 1.00000000
1315 9.806201 0.541602
0.85872877 -0.01670274 0.51215708 0.09219933
0.10925275 0.98245496 -0.15114471 -0.56072378
-0.50064725 0.18574718 0.84548813 -0.15052223
0.00000000 0.00000000 0.00000000 1.00000000
1316 178.385775 1.996523
-0.91990817 -0.02333316 0.39143905 -2.01956320
-0.16766542 -0.87897563 -0.44641918 1.74479496
0.35448194 -0.47629556 0.80466425 0.87807024
0.00000000 0.00000000 0.00000000 1.00000000
1347 4.113803 1.263732
0.99776399 -0.03921418 0.05413321 -0.28538263
0.01600624 0.92644161 0.37609893 -0.01416296
-0.06490016 -0.37439167 0.92499751 0.14861870
0.00000000 0.00000000 0.00000000 1.00000000
1348 2.628827 2.094221
0.99552506 -0.08287071 0.04540526 -0.81796616
0.08008193 0.99497247 0.06014192 0.13343619
-0.05016084 -0.05623668 0.99715674 -0.01525402
0.00000000 0.00000000 0.00000000 1.00000000
1352 10.851300 1.378001
0.97713292 -0.09947664 0.18792787 -0.64234543
0.13041480 0.97843605 -0.16017139 0.56265044
-0.16794205 0.18101695 0.96903509 -0.06549978
0.00000000 0.00000000 0.00000000 1.00000000
1380 1.542054 0.889691
0.88287652 0.18678130 -0.43086112 -0.85112250
-0.18006635 0.98201692 0.05673674 0.50845599
0.43371111 0.02749178 0.90063238 -1.16219115
0.00000000 0.00000000 0.00000000 1.00000000
1393 2.154132 1.083555
0.51819110 -0.31455749 0.79531682 -2.78347015
0.20894839 0.94829124 0.23891890 -0.28017953
-0.82934773 0.04237366 0.55712306 1.30771410
0.00000000 0.00000000 0.00000000 1.00000000
1397 6.289399 0.943694
-0.39869055 -0.31227005 0.86228347 -3.04914618
0.46578017 0.74099565 0.48370764 -0.67890859
-0.78999579 0.59448457 -0.14997852 2.30328465
0.00000000 0.00000000 0.00000000 1.00000000
1398 6.837761 0.365217
-0.32038575 -0.34785551 0.88110733 -3.47392654
0.34134203 0.82525975 0.44992524 -0.58965170
-0.88365102 0.44490844 -0.14566368 2.35242510
0.00000000 0.00000000 0.00000000 1.00000000
1430 8.524013 1.970800
0.70358139 0.27325350 -0.65597779 1.84626627
-0.23304187 0.96078652 0.15027124 -0.18032549
0.67131615 0.04714210 0.73967052 0.22607541
0.00000000 0.00000000 0.00000000 1.00000000
1431 2.625697 0.785711
0.66103733 0.38458127 -0.64430404 0.46322888
-0.23052604 0.92122859 0.31336302 -0.22876024
0.71406472 -0.05861554 0.69762248 0.55341673
0.00000000 0.00000000 0.00000000 1.00000000
1436 170.409004 3.331416
-0.99564999 0.03618574 0.08585837 -1.09818685
0.09308872 0.34737498 0.93309426 -2.74916673
0.00393915 0.93702763 -0.34923261 2.96656036
0.00000000 0.00000000 0.00000000 1.00000000
1438 133.733709 7.187530
-0.03536718 0.82902372 0.55809450 -2.64458466
0.93007231 -0.17703074 0.32191119 -2.29810429
0.36567187 0.53045321 -0.76479149 5.06489754
0.00000000 0.00000000 0.00000000 1.00000000
1443 105.654461 2.416511
0.48858333 0.66340244 -0.56672871 0.92894465
-0.24390942 0.72748625 0.64130282 -1.03672159
0.83773142 -0.17509983 0.51724756 0.06452823
0.00000000 0.00000000 0.00000000 1.00000000
1444 5.073427 2.722795
0.77329677 -0.06390809 0.63081586 -2.59041834
0.12537193 0.99067581 -0.05332357 0.03352457
-0.62152636 0.12032148 0.77409822 1.15711403
0.00000000 0.00000000 0.00000000 1.00000000
1445 11.301811 1.444674
0.79677612 0.05699173 0.60158122 -1.16831613
0.27321166 0.85399938 -0.44276488 0.55213547
-0.53898406 0.51714349 0.66487515 0.29974008
0.00000000 0.00000000 0.00000000 1.00000000
1446 113.002393 3.013939
0.09578559 0.27639535 -0.95625865 2.56735778
-0.61907554 0.76881695 0.16020694 -1.14583206
0.77946824 0.57665086 0.24475136 1.00747406
0.00000000 0.00000000 0.00000000 1.00000000
1447 4.517440 0.335291
0.95806646 -0.10161386 0.26792601 -0.25944835
0.08582431 0.99384689 0.07003263 0.25086582
-0.27339327 -0.04410049 0.96089137 -0.00140119
0.00000000 0.00000000 0.00000000 1.00000000
1451 177.574807 4.605603
-0.87993151 -0.01943784 -0.47470176 1.17583191
-0.00026070 0.99918187 -0.04043068 0.24777944
0.47509962 -0.03545249 -0.87921679 4.83418989
0.00000000 0.00000000 0.00000000 1.00000000
1452 1.964235 0.683501
0.73262870 -0.13828385 0.66643214 -0.41904593
-0.03701891 0.96959794 0.24188553 0.15987727
-0.67962074 -0.20188326 0.70523632 0.91067719
0.00000000 0.00000000 0.00000000 1.00000000
1453 2.526929 0.787348
0.74325615 -0.24826477 0.62123668 -0.20853865
0.18120788 0.96859151 0.17027801 -0.18527710
-0.64399785 -0.01398692 0.76489937 0.91092861
0.00000000 0.00000000 0.00000000 1.00000000
1454 88.347869 0.294510
0.50950474 0.42335877 -0.74911499 0.52872849
-0.45555842 0.87128580 0.18255872 -0.32429773
0.72998095 0.24825139 0.63678861 0.32594264
0.00000000 0.00000000 0.00000000 1.00000000
1477 6.848423 0.395721
0.92534500 0.16909331 -0.33932886 -0.04431340
-0.19366908 0.98026550 -0.03965071 -0.03400987
0.32592762 0.10240823 0.93983197 -1.09545445
0.00000000 0.00000000 0.00000000 1.00000000
1505 7.511153 0.355349
0.98229694 0.07187622 -0.17299333 -0.56246710
-0.07315861 0.99732047 -0.00104102 0.27083072
0.17245495 0.01367885 0.98492306 -0.64926672
0.00000000 0.00000000 0.00000000 1.00000000
1523 16.755232 0.513910
0.91328061 0.08729702 0.39786500 -1.14000833
-0.07059339 0.99590492 -0.05647163 -0.21356574
-0.40116516 0.02348791 0.91570371 -0.29134321
0.00000000 0.00000000 0.00000000 1.00000000
1524 5.870625 0.695331
0.95582950 0.17020357 0.23962802 -0.64580011
-0.14178978 0.98114771 -0.13131866 0.47264624
-0.25746152 0.09154162 0.96194303 -1.32949650
0.00000000 0.00000000 0.00000000 1.00000000
1525 28.142364 1.142995
0.80283147 0.44039610 -0.40188822 -0.09090412
-0.41444123 0.89680880 0.15483113 -0.26080328
0.42860344 0.04225576 0.90250450 -0.17849541
0.00000000 0.00000000 0.00000000 1.00000000
1546 15.671824 0.796593
-0.63871127 -0.05323473 0.76760280 -1.68963909
0.05086117 0.99250114 0.11115272 -0.44828129
-0.76776403 0.11003561 -0.63121378 4.01084375
0.00000000 0.00000000 0.00000000 1.00000000
1547 17.264734 1.241128
-0.68250322 0.33528510 0.64944118 -2.04810309
0.21152449 0.94115615 -0.26359510 0.62944692
-0.69960511 -0.04253154 -0.71326309 4.03793716
0.00000000 0.00000000 0.00000000 1.00000000
1549 8.319469 0.432741
0.96034575 -0.05969003 0.27234611 -1.09888005
0.11787924 0.97213995 -0.20260245 -0.02877693
-0.25266519 0.22667247 0.94062728 -0.08741617
0.00000000 0.00000000 0.00000000 1.00000000
1551 116.474055 4.011509
-0.04337266 0.94270861 -0.33078530 0.57579601
-0.99905837 -0.04125082 0.01343617 -0.62308753
-0.00097904 0.33105713 0.94361007 -0.95731664
0.00000000 0.00000000 0.00000000 1.00000000
1553 19.113459 1.057662
-0.59695917 0.08624303 0.79762274 -2.08869433
0.04015480 0.99617124 -0.07765866 0.13444781
-0.80126607 -0.01433097 -0.59813672 4.11980867
0.00000000 0.00000000 0.00000000 1.00000000
1554 8.237164 0.370939
-0.52079827 -0.03720570 0.85286945 -1.47646093
0.04334781 0.99660879 0.06994614 -0.17383039
-0.85257864 0.07339744 -0.51741934 3.66158271
0.00000000 0.00000000 0.00000000 1.00000000
1560 6.100529 0.300082
-0.19996896 0.10609519 0.97404194 -2.03644753
0.02049003 0.99435568 -0.10410056 0.32075492
-0.97958773 -0.00085888 -0.20101419 2.86015534
0.00000000 0.00000000 0.00000000 1.00000000
1561 18.157707 0.709167
0.98940194 0.04137902 -0.13918428 0.19226170
-0.04718752 0.99813718 -0.03869276 -0.05128354
0.13732363 0.04485017 0.98951024 -0.33585238
0.00000000 0.00000000 0.00000000 1.00000000
1571 24.931804 0.200689
0.94384241 0.00946925 0.33025944 -0.44997120
0.00430242 0.99915195 -0.04094353 0.01070528
-0.33036703 0.04006523 0.94300181 0.47860289
0.00000000 0.00000000 0.00000000 1.00000000
1578 10.931982 0.380675
0.97894716 0.00204968 0.20410433 -0.05400737
0.02566877 0.99077588 -0.13306314 0.04582340
-0.20249420 0.13550033 0.96986371 -0.35857058
0.00000000 0.00000000 0.00000000 1.00000000
1579 10.295067 0.382204
0.99398696 0.01131034 0.10891272 -0.07901467
-0.01095021 0.99993277 -0.00390166 0.05536073
-0.10894968 0.00268546 0.99404383 -0.35399556
0.00000000 0.00000000 0.00000000 1.00000000
1580 31.799581 1.199050
0.99695605 0.02968030 -0.07209659 0.15642822
-0.03062544 0.99945873 -0.01204327 0.06677069
0.07169987 0.01421502 0.99732500 -0.13838029
0.00000000 0.00000000 0.00000000 1.00000000
1584 59.400396 3.089799
0.25759780 -0.18708138 0.94796777 -2.20655489
0.21209617 0.96809739 0.13341972 -0.24858934
-0.94268680 0.16669171 0.28905940 1.92156053
0.00000000 0.00000000 0.00000000 1.00000000
1586 173.611498 6.034103
0.37477124 -0.21820670 0.90107280 -4.57056713
-0.25784078 -0.95809650 -0.12477550 0.29857758
0.89054215 -0.18557115 -0.41532961 3.56150675
0.00000000 0.00000000 0.00000000 1.00000000
1622 3.673331 0.587482
0.95338601 0.07209082 0.29301417 -0.95991373
-0.04223269 0.99336243 -0.10698650 0.06470016
-0.29878211 0.08962476 0.95010352 -0.30050707
0.00000000 0.00000000 0.00000000 1.00000000
