93 4.848079 0.538810
0.19920276 -0.39743567 0.89574736 -2.08305025
0.53584170 0.80948997 0.24000022 0.10657483
-0.82048392 0.43217003 0.37421519 0.73824286
0.00000000 0.00000000 0.00000000 1.00000000
106 87.218276 2.598295
-0.93796992 0.10107720 0.33165526 -0.27054065
0.34010905 0.45407927 0.82349086 -1.41937435
-0.06736141 0.88520867 -0.46028981 3.07486510
0.00000000 0.00000000 0.00000000 1.00000000
122 93.508696 0.970201
0.99408859 -0.06347418 0.08808341 -0.18942808
0.05671366 0.99539804 0.07724085 -0.41805556
-0.09258094 -0.07178868 0.99311370 1.33989286
0.00000000 0.00000000 0.00000000 1.00000000
197 61.970685 0.898968
0.12123555 -0.53581560 0.83558679 -1.66988945
0.45670664 0.77751207 0.43231237 -0.65490174
-0.88131845 0.32920656 0.33897147 1.78890038
0.00000000 0.00000000 0.00000000 1.00000000
375 110.677877 1.852530
-0.51743054 0.85360360 -0.06021608 1.20042276
-0.78667557 -0.44680738 0.42603135 -0.95901048
0.33675787 0.26781294 0.90270150 0.40554821
0.00000000 0.00000000 0.00000000 1.00000000
512 9.190561 0.442671
-0.00891735 0.27220869 -0.96219665 3.74899101
-0.39118576 0.88460004 0.25388190 -1.02152038
0.92026848 0.37866151 0.09859614 2.34169436
0.00000000 0.00000000 0.00000000 1.00000000
579 178.208178 5.069610
-0.99647725 -0.08193864 0.01785460 -0.80592424
0.06699222 -0.90585303 -0.41826373 2.53122401
0.05044555 -0.41559440 0.90815014 0.69735956
0.00000000 0.00000000 0.00000000 1.00000000
611 110.210506 1.157180
0.24253169 -0.38244876 0.89157796 -1.18140221
0.17078766 0.92149508 0.34882307 -0.37883669
-0.95499200 0.06766975 0.28880945 1.07793641
0.00000000 0.00000000 0.00000000 1.00000000
612 25.410486 1.531066
0.41055506 0.41633698 -0.81123877 1.39774084
-0.12304211 0.90683496 0.40312797 -0.45880598
0.90349650 -0.06568964 0.42353219 1.34655797
0.00000000 0.00000000 0.00000000 1.00000000
632 31.200099 1.421283
0.26505017 -0.12417008 0.95620668 -1.29196405
0.20546308 0.97617227 0.06981072 -0.17588529
-0.94208932 0.17796247 0.28424653 1.08186889
0.00000000 0.00000000 0.00000000 1.00000000
665 85.890328 2.016021
0.99762326 0.04796039 0.04947073 -0.17762023
-0.06133868 0.94523323 0.32057932 0.04303610
-0.03138633 -0.32285196 0.94592845 0.65047884
0.00000000 0.00000000 0.00000000 1.00000000
670 86.087828 3.164222
0.99538910 0.09588991 -0.00229184 0.12572134
-0.09522321 0.98503536 -0.14366038 0.59020627
-0.01151803 0.14321619 0.98962444 -0.63926435
0.00000000 0.00000000 0.00000000 1.00000000
671 177.588161 2.947641
-0.79136294 0.04100424 0.60996890 -0.76353264
-0.09114572 -0.99451035 -0.05139632 0.29784542
0.60451329 -0.09626932 0.79075611 0.81404960
0.00000000 0.00000000 0.00000000 1.00000000
717 124.433282 0.306431
-0.57538050 -0.72685236 -0.37499693 0.09066442
0.81500584 -0.47109476 -0.33739445 0.03887906
0.06857675 -0.49975485 0.86344761 -0.00330579
0.00000000 0.00000000 0.00000000 1.00000000
722 15.520692 0.197722
0.99560738 -0.08571333 -0.03768477 0.28551576
0.09083346 0.98183149 0.16660526 0.29871571
0.02272020 -0.16929579 0.98530388 2.55345702
0.00000000 0.00000000 0.00000000 1.00000000
724 139.659731 0.514140
-0.48934448 0.68326718 -0.54193008 0.58143842
-0.59975725 0.18746218 0.77791375 -1.39889526
0.63311481 0.70569432 0.31806085 1.84748733
0.00000000 0.00000000 0.00000000 1.00000000
727 24.470458 0.535991
0.94110924 -0.25287449 0.22442675 0.60417181
-0.08767217 0.45855859 0.88432848 -0.15090892
-0.32653710 -0.85192573 0.40938359 2.63188100
0.00000000 0.00000000 0.00000000 1.00000000
728 157.492751 0.402385
-0.91604662 -0.35505471 0.18652740 -0.04264075
0.40072304 -0.82956809 0.38889194 0.10130963
0.01666072 0.43098935 0.90220249 2.67428064
0.00000000 0.00000000 0.00000000 1.00000000
739 89.213219 0.778918
0.65376532 -0.73481679 0.18065222 0.50512803
0.69264662 0.48499542 -0.53387278 0.79325801
0.30468348 0.47415602 0.82604164 2.56677270
0.00000000 0.00000000 0.00000000 1.00000000
740 162.869268 0.714893
-0.39840320 0.91678381 -0.02797389 0.03544633
-0.09546860 -0.07178211 -0.99284077 0.69824582
-0.91222847 -0.39288026 0.11612219 2.94352365
0.00000000 0.00000000 0.00000000 1.00000000
752 150.309572 5.122508
-0.65291536 0.06905618 0.75427622 -0.92270076
0.56956875 0.70120931 0.42883110 -1.95427406
-0.49929261 0.70960259 -0.49716249 3.52264595
0.00000000 0.00000000 0.00000000 1.00000000
753 102.459142 4.694296
-0.85389221 -0.25848007 -0.45172262 3.50939393
-0.27468300 0.96104491 -0.03068396 -0.50032544
0.44205850 0.09787997 -0.89162982 5.09241772
0.00000000 0.00000000 0.00000000 1.00000000
754 56.715298 2.655941
0.98687714 -0.16077456 0.01498143 -0.56415397
0.14402960 0.91842335 0.36844820 -1.03582621
-0.07299641 -0.36145538 0.92952740 0.57097077
0.00000000 0.00000000 0.00000000 1.00000000
755 74.457613 3.566537
0.57433838 -0.14173275 0.80625558 -1.60375798
0.23198305 0.97270441 0.00573856 0.38350928
-0.78505987 0.18374194 0.59154034 1.06243742
0.00000000 0.00000000 0.00000000 1.00000000
756 147.583927 6.061651
-0.59332424 0.21103024 0.77680928 -1.12164319
0.62484670 0.72912681 0.27917942 -1.99089587
-0.50747681 0.65103030 -0.56447029 4.66666842
0.00000000 0.00000000 0.00000000 1.00000000
757 115.699340 5.353613
-0.78111446 0.35134834 -0.51615417 2.88263154
-0.20694433 0.63425279 0.74491441 -3.66750240
0.58909678 0.68867838 -0.42271426 3.37672067
0.00000000 0.00000000 0.00000000 1.00000000
758 162.340083 5.845874
-0.68210369 0.14037170 0.71765596 -0.99329793
0.68934095 0.45091903 0.56699294 -3.35608101
-0.24401513 0.88145757 -0.40433744 3.01820922
0.00000000 0.00000000 0.00000000 1.00000000
759 43.349637 2.078942
0.62707257 0.04427550 -0.77770138 1.72675335
0.34762013 0.87755036 0.33025205 -2.49720359
0.69709384 -0.47743672 0.53489661 0.94559360
0.00000000 0.00000000 0.00000000 1.00000000
774 1.209175 0.523118
0.99713314 0.05922894 -0.04708818 0.86491919
-0.07125057 0.94445485 -0.32082504 0.24946503
0.02547053 0.32326031 0.94596714 -0.89147675
0.00000000 0.00000000 0.00000000 1.00000000
777 6.765034 1.077650
0.79228693 0.09973791 -0.60194242 1.23673916
-0.20731321 0.97186100 -0.11183798 0.12108830
0.57384968 0.21339828 0.79066962 -0.67157269
0.00000000 0.00000000 0.00000000 1.00000000
778 9.534670 0.349400
0.79901505 0.23904856 -0.55175388 0.15311763
-0.23448455 0.96880853 0.08017306 0.08422695
0.55370843 0.06531844 0.83014488 -0.21985936
0.00000000 0.00000000 0.00000000 1.00000000
779 1.641871 0.394794
0.92677647 0.22414595 -0.30140355 0.51495028
-0.19515021 0.97296560 0.12350783 0.16644379
0.32093909 -0.05564526 0.94546372 -0.39814699
0.00000000 0.00000000 0.00000000 1.00000000
780 3.331548 0.572416
0.80402368 0.30685976 -0.50929689 0.83973897
-0.36013341 0.93287814 -0.00646693 0.35903382
0.47312778 0.18861428 0.86056685 -0.75938320
0.00000000 0.00000000 0.00000000 1.00000000
781 178.172490 3.644476
-0.96197736 -0.21650979 0.16650335 -0.24710363
0.00448645 0.59700435 0.80222571 -1.60096967
-0.27309275 0.77246982 -0.57333362 2.57072353
0.00000000 0.00000000 0.00000000 1.00000000
816 9.785165 0.554036
0.75243223 0.23168799 -0.61657661 0.60492426
-0.19368121 0.97253519 0.12908855 -0.11346601
0.62955046 0.02228880 0.77664042 -0.18689919
0.00000000 0.00000000 0.00000000 1.00000000
858 2.396371 0.614957
0.99526632 0.09616323 0.01408462 1.20699906
-0.09353501 0.98710114 -0.12993442 0.18466341
-0.02639796 0.12800178 0.99142271 0.13900781
0.00000000 0.00000000 0.00000000 1.00000000
865 90.473469 2.418426
-0.20278569 0.94057453 0.27239287 -0.94343781
-0.73362768 -0.33017725 0.59394723 -1.02680707
0.64858925 -0.07939121 0.75698692 1.49173844
0.00000000 0.00000000 0.00000000 1.00000000
866 1.852663 0.397843
0.91515982 0.23076420 -0.33050209 1.56463170
-0.16369061 0.96202213 0.21844760 0.09735060
0.36835960 -0.14581421 0.91817820 0.99779952
0.00000000 0.00000000 0.00000000 1.00000000
869 179.167135 3.125099
-0.39860100 -0.15695974 0.90359342 -1.46615481
0.58809447 0.71227771 0.38315222 -0.76507747
-0.70374894 0.68412304 -0.19160768 1.80116737
0.00000000 0.00000000 0.00000000 1.00000000
984 86.750804 0.549014
0.84227353 -0.24949192 0.47783947 -0.61093301
0.34867111 0.92819166 -0.12995979 0.14391997
-0.41110310 0.27606964 0.86878145 -0.18501043
0.00000000 0.00000000 0.00000000 1.00000000
994 97.536793 2.948153
0.99000120 -0.13204315 0.04961960 -0.41961214
0.10936685 0.49636233 -0.86119801 1.79214072
0.08908652 0.85801405 0.50584102 2.49336863
0.00000000 0.00000000 0.00000000 1.00000000
999 33.848013 1.756900
0.72619200 -0.52946442 0.43853348 -0.92805469
0.26132631 0.80258238 0.53625482 -0.01085865
-0.63588774 -0.27482399 0.72119254 0.43581057
0.00000000 0.00000000 0.00000000 1.00000000
1109 172.751656 4.199284
0.45602986 -0.12177122 0.88159418 -2.19522691
0.29144916 0.95640397 -0.01865615 0.15945214
-0.84088868 0.26544753 0.47163934 0.22614872
0.00000000 0.00000000 0.00000000 1.00000000
1116 179.229879 4.277306
-0.82053119 -0.26549819 0.50620025 -0.65673470
-0.26375484 -0.60980576 -0.74737537 1.84228897
0.50711060 -0.74675786 0.43033856 0.50789595
0.00000000 0.00000000 0.00000000 1.00000000
1117 1.883879 1.062563
-0.90898061 0.14382026 0.39124072 -0.46389532
0.41649127 0.27512318 0.86651063 -1.87833130
0.01698288 0.95059025 -0.30998120 1.96437883
0.00000000 0.00000000 0.00000000 1.00000000
1185 78.689590 0.788223
-0.02604503 0.99655348 -0.07875584 -0.64739704
-0.97509289 -0.00796779 0.22165246 0.19451666
0.22026102 0.08256721 0.97193986 -0.16122663
0.00000000 0.00000000 0.00000000 1.00000000
1190 179.456974 3.143700
-0.75725543 0.27787867 -0.59105760 1.28001976
-0.07368527 0.86284864 0.50006258 -1.11611950
0.64894968 0.42222652 -0.63292170 2.32311416
0.00000000 0.00000000 0.00000000 1.00000000
1195 17.487881 0.547259
0.56855822 0.46874854 -0.67602944 0.43570316
0.04769096 0.80161393 0.59593564 -0.09639978
0.82125908 -0.37106478 0.43340981 0.69612932
0.00000000 0.00000000 0.00000000 1.00000000
1237 179.759744 2.689240
-0.65031219 0.49879920 -0.57296884 0.73213345
-0.38730347 0.43115276 0.81492519 -1.81787992
0.65352130 0.75186872 -0.08719718 1.68823910
0.00000000 0.00000000 0.00000000 1.00000000
1238 179.216029 2.691346
-0.51189190 0.43499270 -0.74077433 1.20890808
-0.04647885 0.84703171 0.52950633 -0.28294662
0.85779095 0.30548051 -0.41337019 2.41065764
0.00000000 0.00000000 0.00000000 1.00000000
1239 179.161515 2.671477
-0.53028345 0.39192945 -0.75179124 1.27178669
-0.26856145 0.76341856 0.58742344 -0.75447226
0.80416036 0.51340330 -0.29957077 2.24862003
0.00000000 0.00000000 0.00000000 1.00000000
1241 176.585479 3.050353
0.76709348 -0.03095896 -0.64078838 1.60102510
-0.05899434 -0.99800706 -0.02240473 0.44141489
-0.63881737 0.05498941 -0.76739126 2.42307639
0.00000000 0.00000000 0.00000000 1.00000000
1260 7.471232 0.320475
0.98510176 -0.05407928 -0.16324864 -0.70536721
0.03343754 0.99138498 -0.12664083 0.14252423
0.16869085 0.11929548 0.97842342 -0.46918225
0.00000000 0.00000000 0.00000000 1.00000000
1261 9.945146 0.416874
0.82166857 0.22593766 -0.52327138 -0.11553836
-0.07688189 0.95361960 0.29102904 0.25350285
0.56475616 -0.19889906 0.80093020 -0.23517895
0.00000000 0.00000000 0.00000000 1.00000000
1300 179.176468 1.961936
-0.61469883 0.20788144 -0.76087451 1.01207709
0.05513604 -0.95095980 -0.30435926 1.48269641
-0.78683197 -0.22904110 0.57309264 1.52821589
0.00000000 0.00000000 0.00000000 1.00000000
1301 178.806462 1.904861
-0.80592519 0.13478789 -0.57646954 1.29400110
0.07078629 -0.94481230 -0.31987405 1.37028909
-0.58777064 -0.29860049 0.75190639 1.29948902
0.00000000 0.00000000 0.00000000 1.00000000
1313 175.794529 4.553953
-0.80675507 0.16487411 -0.56741703 -0.15328318
-0.59040052 -0.18603320 0.78537792 -2.89019203
0.02393015 0.96861154 0.24742502 0.87079448
0.00000000 0.00000000 0.00000000 1.00000000
1315 9.258606 0.515708
0.85574943 -0.02208540 0.51691753 0.07908893
0.11883262 0.98076886 -0.15482181 -0.53634214
-0.50355816 0.19391571 0.84191793 -0.15016603
0.00000000 0.00000000 0.00000000 1.00000000
1316 178.403635 1.992830
-0.91918969 -0.02310050 0.39313811 -2.02443242
-0.16850099 -0.87921548 -0.44563091 1.74164069
0.35594797 -0.47586343 0.80427289 0.88044143
0.00000000 0.00000000 0.00000000 1.00000000
1348 5.587705 2.362601
0.98440140 -0.12862460 0.12003388 -1.06733072
0.12064841 0.99011469 0.07153372 0.05481841
-0.12804814 -0.05593602 0.99018919 0.08132124
0.00000000 0.00000000 0.00000000 1.00000000
1352 9.804597 1.338690
0.97803116 -0.10319057 0.18112315 -0.62267411
0.13003302 0.98111594 -0.14318925 0.50872898
-0.16292703 0.16359591 0.97298020 -0.08406377
0.00000000 0.00000000 0.00000000 1.00000000
1380 0.631181 0.873167
0.88295126 0.17111659 -0.43716753 -0.83420897
-0.16573617 0.98486274 0.05075711 0.51110947
0.43923533 0.02763823 0.89794618 -1.15985703
0.00000000 0.00000000 0.00000000 1.00000000
1393 2.391138 1.052144
0.50661206 -0.31917512 0.80091882 -2.79933023
0.21240805 0.94652462 0.24284503 -0.29089975
-0.83559936 0.04709297 0.54731679 1.33440590
0.00000000 0.00000000 0.00000000 1.00000000
1397 6.300923 0.943255
-0.39892459 -0.31231785 0.86215800 -3.04907990
0.46577373 0.74087596 0.48389870 -0.67941773
-0.78988314 0.59460926 -0.15008436 2.30376840
0.00000000 0.00000000 0.00000000 1.00000000
1398 6.752382 0.360469
-0.31848866 -0.34810010 0.88169742 -3.47340584
0.34074134 0.82592225 0.44916290 -0.58817261
-0.88456732 0.44348413 -0.14443508 2.34764433
0.00000000 0.00000000 0.00000000 1.00000000
1430 179.567946 4.352889
-0.78353322 -0.14466259 0.60427481 -1.00457239
0.32611623 0.73205853 0.59811258 -1.64162779
-0.52888924 0.66570503 -0.52641547 4.15774822
0.00000000 0.00000000 0.00000000 1.00000000
1431 3.181493 0.764074
0.66626430 0.38590711 -0.63809657 0.43900615
-0.22741362 0.92007053 0.31898630 -0.24063587
0.71019292 -0.06741750 0.70077062 0.54507768
0.00000000 0.00000000 0.00000000 1.00000000
1436 170.519956 3.334763
-0.99496734 0.04213929 0.09091625 -1.10260749
0.09993446 0.35032251 0.93128288 -2.74128342
0.00739360 0.93568140 -0.35276991 2.97485948
0.00000000 0.00000000 0.00000000 1.00000000
1438 134.400146 7.203953
-0.03754590 0.83746940 0.54519236 -2.60066628
0.92897809 -0.17178530 0.32785502 -2.31745076
0.36822456 0.51878130 -0.77154070 5.08592892
0.00000000 0.00000000 0.00000000 1.00000000
1441 6.063332 0.351580
0.93333006 0.12891361 -0.33507678 0.61123759
-0.10455480 0.99045444 0.08982673 0.45462018
0.34345794 -0.04880408 0.93789971 -1.20007157
0.00000000 0.00000000 0.00000000 1.00000000
1443 104.789886 2.439441
0.49669108 0.62049788 -0.60685915 1.07653475
-0.24447386 0.77091640 0.58814830 -0.87572920
0.83278430 -0.14376737 0.53460288 0.01125884
0.00000000 0.00000000 0.00000000 1.00000000
1444 15.500003 3.739983
0.51571518 -0.19258718 0.83483332 -3.02437687
0.23131469 0.96952075 0.08076415 -0.48470837
-0.82494229 0.15145813 0.54454499 2.06426811
0.00000000 0.00000000 0.00000000 1.00000000
1445 9.815901 2.653296
0.84975320 0.09328433 0.51886177 -2.23338580
0.06995372 0.95556384 -0.28636286 -0.27598262
-0.52251881 0.27963340 0.80546820 0.83277321
0.00000000 0.00000000 0.00000000 1.00000000
1446 112.306372 2.987098
0.10794474 0.27406636 -0.95563388 2.56098127
-0.61668009 0.77242637 0.15186727 -1.11999273
0.77977806 0.57292706 0.25239086 0.98218143
0.00000000 0.00000000 0.00000000 1.00000000
1447 15.154138 0.893807
0.97915465 -0.05684464 0.19500110 0.14238051
0.08191323 0.98902065 -0.12300023 0.92636281
-0.18586808 0.13640936 0.97306037 -0.16097879
0.00000000 0.00000000 0.00000000 1.00000000
1451 7.599360 0.757714
0.83826309 -0.14664067 0.52517992 0.44111839
0.12569141 0.98918647 0.07557970 0.09816138
-0.53058428 0.00265486 0.84762841 -0.07028222
0.00000000 0.00000000 0.00000000 1.00000000
1452 8.152011 0.711864
0.78272551 -0.04368926 0.62083066 0.58061022
-0.14177381 0.95878959 0.24621665 -0.06822330
-0.60600269 -0.28073776 0.74427581 -0.03525448
0.00000000 0.00000000 0.00000000 1.00000000
1453 2.538522 0.782285
0.74258745 -0.24977188 0.62143248 -0.20499533
0.18176369 0.96819246 0.17194536 -0.18736315
-0.64461368 -0.01473084 0.76436692 0.90709424
0.00000000 0.00000000 0.00000000 1.00000000
1454 89.096807 0.781888
0.48268965 0.54833400 -0.68289161 0.29332733
-0.61185050 0.76902962 0.18502435 0.06670061
0.62661862 0.32851791 0.70670044 0.13482523
0.00000000 0.00000000 0.00000000 1.00000000
1477 6.290209 0.358126
0.92026824 0.16973314 -0.35255599 0.00441791
-0.19768673 0.97925162 -0.04457185 -0.01505256
0.33767560 0.11071432 0.93472815 -1.09926414
0.00000000 0.00000000 0.00000000 1.00000000
1505 2.814803 1.264440
0.99971122 0.02185594 -0.01002502 -1.95780277
-0.02205594 0.99955040 -0.02029914 0.21034491
0.00957685 0.02051445 0.99974358 0.00539398
0.00000000 0.00000000 0.00000000 1.00000000
1523 24.986190 1.039786
0.96652591 0.12382129 0.22471498 -0.60540807
-0.09023046 0.98393238 -0.15406621 0.12106580
-0.24018089 0.12863272 0.96216780 -0.59288859
0.00000000 0.00000000 0.00000000 1.00000000
1524 6.026492 0.703231
0.95515090 0.17535803 0.23861477 -0.63980842
-0.14805639 0.98065704 -0.12802994 0.47107339
-0.25645024 0.08695969 0.96263826 -1.33472753
0.00000000 0.00000000 0.00000000 1.00000000
1525 12.972691 0.432591
0.91549307 0.36276853 -0.17398240 -1.05007291
-0.35454547 0.93183470 0.07734144 -0.06707150
0.19018012 -0.00912105 0.98170620 -0.17288232
0.00000000 0.00000000 0.00000000 1.00000000
1546 15.667145 0.796401
-0.63856870 -0.05334823 0.76771384 -1.68987024
0.05084071 0.99249059 0.11125606 -0.44862393
-0.76788402 0.11007542 -0.63106096 4.01033258
0.00000000 0.00000000 0.00000000 1.00000000
1547 9.959294 0.874262
-0.59978402 0.25427288 0.75868535 -2.24870110
0.16361585 0.96710432 -0.19477630 0.35179773
-0.78325498 0.00730923 -0.62165642 3.66731834
0.00000000 0.00000000 0.00000000 1.00000000
1549 8.582886 0.449614
0.96194619 -0.05942571 0.26669738 -1.08002949
0.11677781 0.97184289 -0.20465495 -0.02269918
-0.24702603 0.22801103 0.94180083 -0.08712435
0.00000000 0.00000000 0.00000000 1.00000000
1550 6.950991 0.396007
0.97629344 -0.03505585 0.21359596 -1.29451418
0.07492229 0.98052865 -0.18152665 0.07563698
-0.20307352 0.19322622 0.95990884 -0.61561155
0.00000000 0.00000000 0.00000000 1.00000000
1551 117.175777 4.036657
-0.05037323 0.94001424 -0.33739680 0.59512502
-0.99869877 -0.04470252 0.02455950 -0.65177637
0.00800391 0.33819419 0.94104254 -0.95771027
0.00000000 0.00000000 0.00000000 1.00000000
1552 16.073790 0.550739
0.32845154 0.02255566 0.94425154 -3.58341384
-0.00691062 0.99974573 -0.02147710 0.16145235
-0.94449550 0.00052890 0.32852408 1.21573341
0.00000000 0.00000000 0.00000000 1.00000000
1553 88.651046 3.868210
0.94489306 -0.00298015 0.32737160 0.09700316
0.02170299 0.99832946 -0.05355352 0.04846209
-0.32666519 0.05770732 0.94337696 0.23634577
0.00000000 0.00000000 0.00000000 1.00000000
1561 17.988023 0.702018
0.98973024 0.04303227 -0.13631712 0.18250589
-0.04890204 0.99800313 -0.04000577 -0.04682606
0.13432309 0.04626081 0.98985720 -0.33422637
0.00000000 0.00000000 0.00000000 1.00000000
1571 179.815483 5.574402
-0.71115977 0.21113390 -0.67057693 1.66388738
0.01253188 0.95749396 0.28818065 -0.91144550
0.70291781 0.19653907 -0.68357718 5.55515289
0.00000000 0.00000000 0.00000000 1.00000000
1579 23.676242 0.936411
0.99105430 0.05476105 -0.12170681 0.45519397
-0.05464717 0.99849671 0.00427440 -0.00035737
0.12175773 0.00241476 0.99255687 -0.17583609
0.00000000 0.00000000 0.00000000 1.00000000
1580 32.110843 1.212919
0.99652368 0.03082433 -0.07739794 0.17269886
-0.03184675 0.99942118 -0.01201338 0.06802902
0.07698253 0.01443705 0.99692857 -0.14315987
0.00000000 0.00000000 0.00000000 1.00000000
1584 54.901133 2.963047
0.33305174 -0.21862815 0.91721225 -2.02846241
0.23576942 0.96115804 0.14349180 -0.32566875
-0.91295648 0.16846083 0.37166098 1.86415887
0.00000000 0.00000000 0.00000000 1.00000000
1586 171.232898 7.243493
-0.90410286 0.08372217 0.41903523 -1.54286885
0.11462151 0.99219674 0.04906644 -0.74513674
-0.41165760 0.09239136 -0.90664417 6.68696022
0.00000000 0.00000000 0.00000000 1.00000000
1622 16.122932 0.593740
0.99797094 0.02830988 0.05703920 -0.12659197
-0.02472880 0.99773628 -0.06254092 -0.04303813
-0.05868084 0.06100334 0.99641120 -0.24372959
0.00000000 0.00000000 0.00000000 1.00000000
