93 93.168225 1.723564
0.97487664 0.17374912 -0.13938130 -0.41111076
-0.17829962 0.98375762 -0.02075741 0.68387556
0.13351126 0.04508732 0.99002194 -0.48994553
0.00000000 0.00000000 0.00000000 1.00000000
119 120.226694 1.665698
-0.29636297 -0.89133650 0.34305787 0.32557940
0.85325456 -0.40847760 -0.32419419 -0.28227010
0.42909706 0.19663656 0.88159513 0.85446501
0.00000000 0.00000000 0.00000000 1.00000000
197 93.689706 2.151298
-0.42641252 -0.47713405 0.76844907 -1.94773102
0.36892176 0.68394357 0.62937921 -1.34897923
-0.82587379 0.55187333 -0.11561771 3.25466847
0.00000000 0.00000000 0.00000000 1.00000000
375 129.204446 2.650359
-0.57934952 -0.81476289 0.02268548 0.31319174
-0.31397778 0.19740161 -0.92868137 0.30001175
0.75217700 -0.54515374 -0.37018216 2.61051035
0.00000000 0.00000000 0.00000000 1.00000000
408 11.291491 0.394435
0.92411178 0.22914468 -0.30579630 -0.64876354
-0.32404569 0.89404488 -0.30931896 -0.02375954
0.20251667 0.38493693 0.90045029 0.44389081
0.00000000 0.00000000 0.00000000 1.00000000
512 4.566345 0.441000
0.11435291 0.19590405 -0.97393316 3.43548918
-0.40346026 0.90503192 0.13467257 -0.71571302
0.90782368 0.37754327 0.18253279 2.11490726
0.00000000 0.00000000 0.00000000 1.00000000
579 109.953790 3.901651
0.20389855 0.26176810 -0.94334632 2.47135472
-0.36345950 0.91496277 0.17533226 -1.26954210
0.90902227 0.30711779 0.28170225 2.30800366
0.00000000 0.00000000 0.00000000 1.00000000
611 109.749533 1.052144
0.25532252 -0.41188732 0.87473387 -1.12311864
0.26570138 0.89977831 0.34612507 -0.32370323
-0.92963105 0.14404461 0.33917284 0.94838297
0.00000000 0.00000000 0.00000000 1.00000000
632 31.196499 1.421126
0.26511222 -0.12416947 0.95618898 -1.29183578
0.20546935 0.97617090 0.06979632 -0.17585051
-0.94207060 0.17796345 0.28430772 1.08177972
0.00000000 0.00000000 0.00000000 1.00000000
665 85.890328 2.016021
0.99762326 0.04796039 0.04947073 -0.17762023
-0.06133868 0.94523323 0.32057932 0.04303610
-0.03138633 -0.32285196 0.94592845 0.65047884
0.00000000 0.00000000 0.00000000 1.00000000
670 179.714695 3.181714
-0.33328426 0.04200861 0.94189018 -2.11524296
0.02076217 -0.99843764 0.05187709 0.33720204
0.94259757 0.03684555 0.33189142 1.95104241
0.00000000 0.00000000 0.00000000 1.00000000
671 177.021059 2.611389
0.97478706 0.20459050 -0.08906442 0.33800891
0.21773848 -0.95941329 0.17920981 0.33053085
-0.04878491 -0.19408405 -0.97977114 3.32018399
0.00000000 0.00000000 0.00000000 1.00000000
717 138.078010 0.352934
-0.67833608 -0.52027893 -0.51881528 0.22165608
0.72564715 -0.58519441 -0.36191666 0.08633715
-0.11531017 -0.62197787 0.77449709 0.11235791
0.00000000 0.00000000 0.00000000 1.00000000
724 107.637790 0.229073
0.04959934 0.82418174 -0.56414890 0.48533440
-0.65293992 0.45418343 0.60612375 -1.23858714
0.75578314 0.33829254 0.56066859 1.61165023
0.00000000 0.00000000 0.00000000 1.00000000
726 152.900371 0.638594
-0.99004126 -0.13354586 -0.04453795 0.29474834
0.00561866 -0.35360521 0.93537778 -0.21300733
-0.14066467 0.92581260 0.35083380 2.42310190
0.00000000 0.00000000 0.00000000 1.00000000
727 24.184968 0.534016
0.94070172 -0.25344148 0.22549522 0.60359299
-0.08677273 0.46283609 0.88218701 -0.14913008
-0.32794994 -0.84944183 0.41339874 2.62945604
0.00000000 0.00000000 0.00000000 1.00000000
739 102.975514 0.480409
-0.18308672 0.92948377 -0.32021725 1.15435255
-0.88714260 -0.01585017 0.46122292 -0.03335911
0.42362365 0.36852184 0.82748652 2.64701700
0.00000000 0.00000000 0.00000000 1.00000000
740 163.115735 0.719441
-0.38015443 0.92395592 -0.04229179 0.05352576
-0.08442655 -0.08019751 -0.99319732 0.70321155
-0.92106164 -0.37399766 0.10849364 2.94417691
0.00000000 0.00000000 0.00000000 1.00000000
752 151.072241 5.114466
-0.66550255 0.05869860 0.74408412 -0.87348199
0.56326884 0.69359004 0.44906718 -2.01737666
-0.48973024 0.71797460 -0.49464846 3.51363230
0.00000000 0.00000000 0.00000000 1.00000000
753 99.046706 4.601996
-0.82349461 -0.26241183 -0.50299191 3.60674953
-0.27798486 0.95950925 -0.04546462 -0.46038231
0.49455410 0.10238399 -0.86309588 4.95437765
0.00000000 0.00000000 0.00000000 1.00000000
754 56.383539 2.640635
0.98732269 -0.15817176 0.01321469 -0.55585378
0.14296551 0.92238379 0.35884336 -1.00703824
-0.06894787 -0.35240495 0.93330336 0.54822040
0.00000000 0.00000000 0.00000000 1.00000000
755 105.788945 2.881236
-0.59495956 -0.37674963 -0.70998704 1.95041955
0.50008792 0.51801932 -0.69394964 2.11143541
0.62923229 -0.76792979 -0.11979198 2.13802385
0.00000000 0.00000000 0.00000000 1.00000000
756 147.041949 6.044265
-0.58807540 0.20280674 0.78296709 -1.13968706
0.62624443 0.72679770 0.28210470 -1.99818683
-0.51184607 0.65622789 -0.55441803 4.63051510
0.00000000 0.00000000 0.00000000 1.00000000
757 93.959593 4.501476
-0.53550196 0.27618739 -0.79809660 3.51141763
-0.41727591 0.73507816 0.53436053 -2.78990436
0.73424709 0.61917806 -0.27838939 2.77370882
0.00000000 0.00000000 0.00000000 1.00000000
758 161.834553 5.925339
-0.62257928 0.28184015 0.73004234 -1.19080961
0.76731008 0.40311122 0.49873576 -3.12978649
-0.15372449 0.87067103 -0.46722725 3.20047641
0.00000000 0.00000000 0.00000000 1.00000000
759 40.831942 1.959639
0.62395751 0.04926769 -0.77990335 1.73733246
0.31507707 0.89743370 0.30876881 -2.39138699
0.71512336 -0.43838942 0.54443812 0.88317657
0.00000000 0.00000000 0.00000000 1.00000000
774 1.209175 0.523118
0.99713314 0.05922894 -0.04708818 0.86491919
-0.07125057 0.94445485 -0.32082504 0.24946503
0.02547053 0.32326031 0.94596714 -0.89147675
0.00000000 0.00000000 0.00000000 1.00000000
777 6.665209 1.074188
0.79185611 0.10491554 -0.60162914 1.23324418
-0.21216170 0.97103429 -0.10990978 0.12095550
0.57267082 0.21467523 0.79117864 -0.67235827
0.00000000 0.00000000 0.00000000 1.00000000
779 1.521871 0.399460
0.92595208 0.22700620 -0.30179778 0.51952410
-0.19775218 0.97229862 0.12461555 0.16550642
0.32172623 -0.05570702 0.94519329 -0.39776182
0.00000000 0.00000000 0.00000000 1.00000000
780 3.331548 0.572416
0.80402368 0.30685976 -0.50929689 0.83973897
-0.36013341 0.93287814 -0.00646693 0.35903382
0.47312778 0.18861428 0.86056685 -0.75938320
0.00000000 0.00000000 0.00000000 1.00000000
816 9.773383 0.553319
0.75266135 0.23211712 -0.61613584 0.60370708
-0.19372523 0.97244447 0.12969771 -0.11537339
0.62926340 0.02174291 0.77688855 -0.18778706
0.00000000 0.00000000 0.00000000 1.00000000
858 2.376029 0.613869
0.99536639 0.09512983 0.01400052 1.20800948
-0.09251644 0.98717046 -0.13013609 0.18597984
-0.02620070 0.12823787 0.99139744 0.13905787
0.00000000 0.00000000 0.00000000 1.00000000
865 90.479097 2.419064
-0.20211175 0.94049615 0.27316239 -0.94456178
-0.73402917 -0.33011672 0.59348428 -1.02592659
0.64834499 -0.08055902 0.75707221 1.49104643
0.00000000 0.00000000 0.00000000 1.00000000
866 1.852663 0.397843
0.91515982 0.23076420 -0.33050209 1.56463170
-0.16369061 0.96202213 0.21844760 0.09735060
0.36835960 -0.14581421 0.91817820 0.99779952
0.00000000 0.00000000 0.00000000 1.00000000
869 15.876269 0.439651
0.11699662 0.44379076 -0.88846040 1.43559086
-0.62781000 0.72622883 0.28008279 -0.49961457
0.76952374 0.52501535 0.36358216 0.75870824
0.00000000 0.00000000 0.00000000 1.00000000
984 86.483729 0.546495
0.84485155 -0.24858509 0.47374141 -0.60384095
0.34709793 0.92852402 -0.13177872 0.14685452
-0.40712199 0.27576834 0.87074852 -0.18908119
0.00000000 0.00000000 0.00000000 1.00000000
994 77.622475 2.687429
0.73295176 0.53491437 -0.42029619 -0.39716303
-0.19315805 0.75604188 0.62537277 -0.05402166
0.65228212 -0.37718439 0.65746480 0.58126307
0.00000000 0.00000000 0.00000000 1.00000000
999 33.998903 1.751621
0.72453332 -0.52903187 0.44178879 -0.93473810
0.26047620 0.80361235 0.53512561 -0.00920326
-0.63812542 -0.27264082 0.72004408 0.43818140
0.00000000 0.00000000 0.00000000 1.00000000
1109 172.751656 4.199284
0.45602986 -0.12177122 0.88159418 -2.19522691
0.29144916 0.95640397 -0.01865615 0.15945214
-0.84088868 0.26544753 0.47163934 0.22614872
0.00000000 0.00000000 0.00000000 1.00000000
1116 176.937747 3.170670
0.99836540 0.02668866 0.05054644 0.25732905
-0.03102628 0.99571913 0.08707353 -0.17956531
-0.04800603 -0.08849874 0.99491912 0.23007846
0.00000000 0.00000000 0.00000000 1.00000000
1117 179.776626 4.541544
0.95412517 0.17788646 -0.24083745 1.69101560
-0.22720666 0.95402902 -0.19546270 -0.11324301
0.19499570 0.24121560 0.95067960 -0.41346669
0.00000000 0.00000000 0.00000000 1.00000000
1185 78.722695 0.792060
-0.02318975 0.99663353 -0.07863261 -0.64813828
-0.97631198 -0.00565156 0.21629213 0.19865352
0.21511930 0.08178613 0.97315657 -0.16507483
0.00000000 0.00000000 0.00000000 1.00000000
1191 95.880020 0.460313
0.14091450 -0.99001890 -0.00243181 0.11161961
0.66808677 0.09690359 -0.73774588 0.46718279
0.73061812 0.10233426 0.67507362 0.05442762
0.00000000 0.00000000 0.00000000 1.00000000
1195 16.722291 0.517349
0.57644135 0.47223324 -0.66686738 0.41465509
0.01643753 0.80923420 0.58725762 -0.05416721
0.81697392 -0.34948099 0.45871264 0.68243003
0.00000000 0.00000000 0.00000000 1.00000000
1235 91.061667 1.121943
0.99844760 0.04117301 -0.03750485 0.48357481
-0.03579709 0.99031043 0.13417631 -0.01999024
0.04266527 -0.13262540 0.99024737 0.00891757
0.00000000 0.00000000 0.00000000 1.00000000
1237 92.217073 0.188605
-0.26791567 0.66924614 0.69305897 -0.45142308
-0.39608771 0.57924211 -0.71245533 -0.08594418
-0.87825716 -0.46539015 0.10989189 0.01051730
0.00000000 0.00000000 0.00000000 1.00000000
1238 89.501755 0.172406
-0.22559434 0.52058733 0.82346570 -0.40592036
-0.86457151 0.28260261 -0.41551429 0.07229848
-0.44902503 -0.80568266 0.38633132 0.29012716
0.00000000 0.00000000 0.00000000 1.00000000
1239 114.048346 1.665832
0.16956869 -0.51151425 -0.84237701 -0.86496478
0.98533833 0.10433223 0.13499294 0.58593023
0.01883656 -0.85291678 0.52170599 1.55182242
0.00000000 0.00000000 0.00000000 1.00000000
1241 178.592844 1.555410
-0.70510596 -0.17271064 0.68774742 -1.04699886
-0.12911220 -0.92240292 -0.36400953 0.96659011
0.69724852 -0.34546185 0.62809265 0.89251387
0.00000000 0.00000000 0.00000000 1.00000000
1260 7.452562 0.319919
0.98514783 -0.05448386 -0.16283885 -0.70595962
0.03390355 0.99137574 -0.12659198 0.14204033
0.16833135 0.11919150 0.97849858 -0.46889925
0.00000000 0.00000000 0.00000000 1.00000000
1261 9.285609 0.389726
0.82667929 0.23130074 -0.51293451 -0.14332265
-0.08465919 0.95235425 0.29300910 0.25546360
0.55626863 -0.19880028 0.80687290 -0.24102092
0.00000000 0.00000000 0.00000000 1.00000000
1300 90.986960 3.243511
-0.83857691 0.13271588 -0.52837014 0.63102269
-0.03546074 0.95451897 0.29603595 -0.37874931
0.54362786 0.26698542 -0.79573083 3.66207910
0.00000000 0.00000000 0.00000000 1.00000000
1301 178.822058 1.911835
-0.80380070 0.13551323 -0.57925969 1.29952168
0.07142194 -0.94468504 -0.32010868 1.37047315
-0.59059638 -0.29867515 0.74965960 1.30849898
0.00000000 0.00000000 0.00000000 1.00000000
1313 175.794529 4.553953
-0.80675507 0.16487411 -0.56741703 -0.15328318
-0.59040052 -0.18603320 0.78537792 -2.89019203
0.02393015 0.96861154 0.24742502 0.87079448
0.00000000 0.00000000 0.00000000 1.00000000
1315 9.258606 0.515708
0.85574943 -0.02208540 0.51691753 0.07908893
0.11883262 0.98076886 -0.15482181 -0.53634214
-0.50355816 0.19391571 0.84191793 -0.15016603
0.00000000 0.00000000 0.00000000 1.00000000
1316 178.347259 2.000659
-0.92095417 -0.02324823 0.38897532 -2.01395416
-0.16676611 -0.87866855 -0.44735923 1.74866962
0.35218042 -0.47686517 0.80533707 0.87353468
0.00000000 0.00000000 0.00000000 1.00000000
1348 5.590931 2.363767
0.98427451 -0.12937424 0.12026252 -1.06836200
0.12116745 0.98992580 0.07324462 0.04851887
-0.12852663 -0.05752115 0.99003631 0.08087134
0.00000000 0.00000000 0.00000000 1.00000000
1352 8.755399 1.291810
0.98004019 -0.10038330 0.17159554 -0.58964753
0.12332192 0.98398554 -0.12870035 0.46430069
-0.15592822 0.14729285 0.97672468 -0.09992194
0.00000000 0.00000000 0.00000000 1.00000000
1380 1.512843 0.793916
0.87415695 0.16349104 -0.45729679 -0.75875431
-0.15451568 0.98632950 0.05726068 0.47716299
0.46040696 0.02060483 0.88746893 -1.15538669
0.00000000 0.00000000 0.00000000 1.00000000
1393 2.424628 1.055188
0.50761282 -0.31984684 0.80001700 -2.79697204
0.21223255 0.94634753 0.24368766 -0.29304436
-0.83503705 0.04609069 0.54825974 1.33204770
0.00000000 0.00000000 0.00000000 1.00000000
1397 7.797245 0.923045
-0.40860504 -0.28675330 0.86649531 -3.06390953
0.48284981 0.73772067 0.47183037 -0.63251638
-0.77452958 0.61118001 -0.16297774 2.35776854
0.00000000 0.00000000 0.00000000 1.00000000
1398 6.775868 0.361695
-0.31903487 -0.34839949 0.88138211 -3.47333336
0.34117705 0.82541126 0.44977111 -0.58935219
-0.88420260 0.44420013 -0.14446944 2.34831977
0.00000000 0.00000000 0.00000000 1.00000000
1430 15.502508 0.452206
0.65554059 0.15960947 -0.73809755 -0.55000913
-0.13255638 0.98655325 0.09560639 -0.13974100
0.74343359 0.03516598 0.66788465 0.31529307
0.00000000 0.00000000 0.00000000 1.00000000
1431 3.154674 0.813963
0.67794669 0.37048388 -0.63492501 0.49630398
-0.22356144 0.92671216 0.30203378 -0.21451339
0.70029122 -0.06281820 0.71108758 0.53951800
0.00000000 0.00000000 0.00000000 1.00000000
1436 95.590128 0.920744
-0.31877133 0.43879548 -0.84014517 1.07308602
-0.59630871 0.59614503 0.53761196 -1.47503316
0.73675001 0.67236137 0.07162324 1.60751438
0.00000000 0.00000000 0.00000000 1.00000000
1438 132.704906 7.161784
-0.05069935 0.81742227 0.57380366 -2.67749190
0.93149734 -0.16851199 0.32236129 -2.29814053
0.36019826 0.55084020 -0.75288355 5.02699804
0.00000000 0.00000000 0.00000000 1.00000000
1443 104.934337 2.446943
0.49521342 0.62204999 -0.60648036 1.07548499
-0.24272321 0.76935512 0.59091437 -0.88643634
0.83417588 -0.14542213 0.53198075 0.02322626
0.00000000 0.00000000 0.00000000 1.00000000
1444 101.196868 2.572990
0.54421651 0.27522111 -0.79251587 1.84006476
-0.18902272 0.96059358 0.20378950 -0.25033319
0.81737286 0.03889778 0.57479393 -0.13204682
0.00000000 0.00000000 0.00000000 1.00000000
1445 9.815901 2.653296
0.84975320 0.09328433 0.51886177 -2.23338580
0.06995372 0.95556384 -0.28636286 -0.27598262
-0.52251881 0.27963340 0.80546820 0.83277321
0.00000000 0.00000000 0.00000000 1.00000000
1446 111.172032 2.927030
0.12673591 0.27976957 -0.95166469 2.54143882
-0.63070792 0.76321673 0.14037541 -1.07655215
0.76560062 0.58243251 0.27318025 0.92015219
0.00000000 0.00000000 0.00000000 1.00000000
1447 15.154138 0.893807
0.97915465 -0.05684464 0.19500110 0.14238051
0.08191323 0.98902065 -0.12300023 0.92636281
-0.18586808 0.13640936 0.97306037 -0.16097879
0.00000000 0.00000000 0.00000000 1.00000000
1451 7.599360 0.757714
0.83826309 -0.14664067 0.52517992 0.44111839
0.12569141 0.98918647 0.07557970 0.09816138
-0.53058428 0.00265486 0.84762841 -0.07028222
0.00000000 0.00000000 0.00000000 1.00000000
1452 8.152011 0.711864
0.78272551 -0.04368926 0.62083066 0.58061022
-0.14177381 0.95878959 0.24621665 -0.06822330
-0.60600269 -0.28073776 0.74427581 -0.03525448
0.00000000 0.00000000 0.00000000 1.00000000
1453 1.451583 0.701790
0.75253105 -0.24526463 0.61118162 -0.13849753
0.16779442 0.96884000 0.18219176 -0.21007608
-0.63682234 -0.03455196 0.77023631 0.85732543
0.00000000 0.00000000 0.00000000 1.00000000
1454 87.792825 0.312171
0.51736379 0.41546124 -0.74814761 0.52181625
-0.45396322 0.87433815 0.17160919 -0.30571231
0.72543144 0.25084642 0.64095545 0.32153201
0.00000000 0.00000000 0.00000000 1.00000000
1477 7.982738 0.470552
0.93616599 0.16587603 -0.30996472 -0.14561950
-0.18552032 0.98202425 -0.03478977 -0.05816096
0.29862204 0.09007379 0.95011133 -1.08766198
0.00000000 0.00000000 0.00000000 1.00000000
1490 12.227081 0.462476
0.99986994 0.01226655 0.01041704 0.41254008
-0.01194100 0.99945515 -0.03076147 -0.06291500
-0.01078832 0.03063318 0.99947190 -0.01196551
0.00000000 0.00000000 0.00000000 1.00000000
1505 8.098176 0.369954
0.98034966 0.07094993 -0.18406758 -0.54555690
-0.07317542 0.99730533 -0.00531822 0.28393245
0.18319429 0.01868340 0.98289967 -0.64429522
0.00000000 0.00000000 0.00000000 1.00000000
1523 25.119149 1.042611
0.96669960 0.12550911 0.22302297 -0.60255772
-0.09242621 0.98388386 -0.15307008 0.11879326
-0.23864034 0.12735966 0.96272045 -0.59373212
0.00000000 0.00000000 0.00000000 1.00000000
1524 27.018235 1.149564
0.87333769 0.43410909 0.22097597 -0.36812603
-0.46471888 0.87849212 0.11085054 0.07973527
-0.14600427 -0.19950166 0.96895885 -1.60873353
0.00000000 0.00000000 0.00000000 1.00000000
1525 14.336652 0.470275
0.90620542 0.38450241 -0.17592900 -1.01751554
-0.37204620 0.92277205 0.10036959 -0.12153208
0.20093413 -0.02550152 0.97927380 -0.18703914
0.00000000 0.00000000 0.00000000 1.00000000
1546 12.131705 0.613441
-0.60822326 -0.00689545 0.79373652 -1.80383408
0.06277409 0.99641275 0.05675897 -0.28628755
-0.79128015 0.08434806 -0.60560811 3.96855521
0.00000000 0.00000000 0.00000000 1.00000000
1547 17.569816 1.255414
-0.68513048 0.33856711 0.64495546 -2.03552055
0.21433462 0.93992120 -0.26572213 0.64109981
-0.69617242 -0.04381835 -0.71653551 4.05030441
0.00000000 0.00000000 0.00000000 1.00000000
1549 9.504604 0.512124
0.96790266 -0.05420187 0.24540967 -1.01304042
0.10912097 0.97025836 -0.21607962 0.01180045
-0.22639857 0.23592292 0.94503111 -0.10126519
0.00000000 0.00000000 0.00000000 1.00000000
1550 6.295319 0.354164
0.97307903 -0.03784186 0.22734267 -1.33950853
0.08007267 0.98048884 -0.17952195 0.07018423
-0.21611324 0.19289321 0.95712411 -0.61028528
0.00000000 0.00000000 0.00000000 1.00000000
1551 117.126881 4.034827
-0.04988867 0.94024265 -0.33683163 0.59358746
-0.99872696 -0.04442744 0.02390561 -0.65007246
0.00751284 0.33759478 0.94126207 -0.95828629
0.00000000 0.00000000 0.00000000 1.00000000
1553 6.884130 0.313726
-0.38471574 0.02531650 0.92268813 -2.34383893
0.09311053 0.99558973 0.01150619 -0.07938552
-0.91832733 0.09033886 -0.38537621 3.34119534
0.00000000 0.00000000 0.00000000 1.00000000
1554 8.822095 0.391747
-0.30682001 0.09044567 0.94746143 -1.82376218
0.00074032 0.99549699 -0.09479135 0.27102646
-0.95176739 -0.02838291 -0.30550608 3.15213966
0.00000000 0.00000000 0.00000000 1.00000000
1560 6.110740 0.303128
-0.19839922 0.10629290 0.97434187 -2.03747559
0.02236016 0.99433470 -0.10391998 0.32035279
-0.97986645 0.00116887 -0.19965199 2.85567880
0.00000000 0.00000000 0.00000000 1.00000000
1561 17.969790 0.702098
0.98974234 0.04388848 -0.13595618 0.18235900
-0.04976384 0.99795455 -0.04012097 -0.04623473
0.13391748 0.04647520 0.98990214 -0.33372092
0.00000000 0.00000000 0.00000000 1.00000000
1571 179.975772 5.575572
-0.71381688 0.21189414 -0.66750765 1.65414131
0.01474823 0.95746630 0.28816742 -0.90982676
0.70017737 0.19585411 -0.68658078 5.56034660
0.00000000 0.00000000 0.00000000 1.00000000
1579 19.744151 0.776617
0.99767846 0.03793785 -0.05654811 0.30625823
-0.03873349 0.99916345 -0.01303956 0.04908720
0.05600587 0.01519918 0.99831450 -0.22167182
0.00000000 0.00000000 0.00000000 1.00000000
1580 32.026092 1.209397
0.99664497 0.03043563 -0.07597923 0.16861111
-0.03145193 0.99943048 -0.01221287 0.06819198
0.07556395 0.01456159 0.99703461 -0.14189625
0.00000000 0.00000000 0.00000000 1.00000000
1584 54.901133 2.963047
0.33305174 -0.21862815 0.91721225 -2.02846241
0.23576942 0.96115804 0.14349180 -0.32566875
-0.91295648 0.16846083 0.37166098 1.86415887
0.00000000 0.00000000 0.00000000 1.00000000
1586 171.201942 7.245094
-0.90410483 0.07947468 0.41985416 -1.54277480
0.11241164 0.99217957 0.05425419 -0.76058269
-0.41225863 0.09624811 -0.90596807 6.68701267
0.00000000 0.00000000 0.00000000 1.00000000
1622 16.122932 0.593740
0.99797094 0.02830988 0.05703920 -0.12659197
-0.02472880 0.99773628 -0.06254092 -0.04303813
-0.05868084 0.06100334 0.99641120 -0.24372959
0.00000000 0.00000000 0.00000000 1.00000000
