8 46.579934 2.489175
0.97788465 0.20344637 -0.04847159 -0.01438424
-0.20427895 0.97882879 -0.01282828 0.13124967
0.04483545 0.02244636 0.99874210 0.26955771
0.00000000 0.00000000 0.00000000 1.00000000
28 35.636539 0.441983
0.31046191 -0.02159153 0.95033967 -2.26477933
-0.00059052 0.99973714 0.02290630 0.16374478
-0.95058489 -0.00767251 0.31036854 1.45743108
0.00000000 0.00000000 0.00000000 1.00000000
68 11.027445 0.331135
0.19587997 -0.35608745 0.91369182 -1.50777757
0.55912066 0.80600834 0.19425482 0.06217816
-0.80561489 0.47281313 0.35697657 0.68239498
0.00000000 0.00000000 0.00000000 1.00000000
89 18.376462 0.623226
0.86980593 0.06882551 0.48856992 -1.85100508
0.06203200 0.96711123 -0.24667454 0.16152084
-0.48947874 0.24486586 0.83692968 1.68462074
0.00000000 0.00000000 0.00000000 1.00000000
93 5.215489 0.534632
0.19908983 -0.40355322 0.89303297 -2.08013940
0.53996861 0.80563861 0.24368095 0.09999177
-0.81779999 0.43369552 0.37830073 0.73166311
0.00000000 0.00000000 0.00000000 1.00000000
119 114.663108 3.566346
0.66642773 0.56623548 0.48502785 0.47838718
0.41108367 0.26366317 -0.87263584 2.36736083
-0.62200058 0.78093517 -0.05705822 2.35863829
0.00000000 0.00000000 0.00000000 1.00000000
122 85.797343 2.463304
-0.96787143 0.24302082 0.06453578 -0.33007246
0.14804488 0.34331387 0.92747921 -1.99169612
0.20324126 0.90723526 -0.36826140 3.92582369
0.00000000 0.00000000 0.00000000 1.00000000
197 68.348077 1.366976
-0.00794396 -0.44572809 0.89513326 -2.26296282
0.30785820 0.85059285 0.42628130 -0.86355317
-0.95139951 0.27896017 0.13046420 2.67479467
0.00000000 0.00000000 0.00000000 1.00000000
214 162.806545 4.117100
-0.21379867 -0.50405234 0.83679265 -1.41845286
-0.62906796 -0.58431125 -0.51269275 0.41289601
0.74737108 -0.63601238 -0.19215840 2.33601117
0.00000000 0.00000000 0.00000000 1.00000000
234 11.770498 1.547622
0.27602163 0.32718548 -0.90374905 1.60420203
-0.46649736 0.86770582 0.17166004 -0.31531468
0.84035331 0.37421441 0.39213660 0.31556672
0.00000000 0.00000000 0.00000000 1.00000000
375 110.519880 1.853570
-0.51531601 0.85478425 -0.06158457 1.20203543
-0.78854609 -0.44478637 0.42468742 -0.95746315
0.33562428 0.26741078 0.90324259 0.40532064
0.00000000 0.00000000 0.00000000 1.00000000
408 19.074581 0.724314
0.99604768 0.02052561 -0.08642036 -1.18463123
-0.03316834 0.98850572 -0.14750743 -0.69234943
0.08239877 0.14979142 0.98527849 0.51280594
0.00000000 0.00000000 0.00000000 1.00000000
512 4.478772 0.430318
0.10708998 0.19590749 -0.97475713 3.44209933
-0.40696144 0.90314299 0.13680463 -0.71998423
0.90714526 0.38203764 0.17644459 2.13183212
0.00000000 0.00000000 0.00000000 1.00000000
579 178.754630 5.083468
-0.99668765 -0.07899035 -0.01934844 -0.83181977
0.07971396 -0.90175664 -0.42482966 2.55829358
0.01610983 -0.42496467 0.90506667 0.70652032
0.00000000 0.00000000 0.00000000 1.00000000
594 46.711086 3.035637
0.99598718 0.04244171 0.07879338 -0.05185211
-0.05485538 0.98514014 0.16275571 -0.25459090
-0.07071537 -0.16642517 0.98351520 -0.73830557
0.00000000 0.00000000 0.00000000 1.00000000
611 152.418310 3.578061
-0.26508480 0.96397889 -0.02182168 -0.71122259
0.94819784 0.25650215 -0.18742368 1.33928514
-0.17507543 -0.07037383 -0.98203671 3.71804333
0.00000000 0.00000000 0.00000000 1.00000000
612 85.563335 0.530593
0.70682383 -0.25158539 0.66113859 -0.40133828
0.08578294 0.95820540 0.27291879 -0.21819103
-0.70216846 -0.13619089 0.69886452 0.38112998
0.00000000 0.00000000 0.00000000 1.00000000
632 30.599872 1.394337
0.27521122 -0.12309583 0.95347023 -1.27022004
0.20657612 0.97617453 0.06640050 -0.16703337
-0.93892765 0.17869005 0.29408324 1.06612349
0.00000000 0.00000000 0.00000000 1.00000000
665 178.846227 3.916825
-0.42113006 -0.32514149 0.84671891 -2.00991797
0.05740301 -0.94122094 -0.33287954 2.55378699
0.90518200 -0.09158105 0.41504031 1.90153217
0.00000000 0.00000000 0.00000000 1.00000000
666 50.194135 0.715406
0.98787802 0.14510854 -0.05513871 1.35082579
-0.13042535 0.96850741 0.21209005 -0.07441959
0.08417839 -0.20232758 0.97569329 1.25884473
0.00000000 0.00000000 0.00000000 1.00000000
670 179.714695 3.181714
-0.33328426 0.04200861 0.94189018 -2.11524296
0.02076217 -0.99843764 0.05187709 0.33720204
0.94259757 0.03684555 0.33189142 1.95104241
0.00000000 0.00000000 0.00000000 1.00000000
671 99.017341 1.752221
0.34116361 0.92555052 0.16420490 0.83967447
-0.32030442 -0.04976767 0.94600624 -1.23439288
0.88374799 -0.37533861 0.27947915 1.70947349
0.00000000 0.00000000 0.00000000 1.00000000
717 154.484454 1.609668
-0.73197210 -0.36429065 -0.57576853 -0.04181175
-0.04540918 0.86926401 -0.49225792 0.30798042
0.67981994 -0.33417454 -0.65281916 1.40847206
0.00000000 0.00000000 0.00000000 1.00000000
724 138.805826 0.643872
-0.85512829 -0.46593350 -0.22729009 0.28426686
0.25973004 -0.76449168 0.58999419 -1.58192086
-0.44865963 0.44548708 0.77475506 1.78107631
0.00000000 0.00000000 0.00000000 1.00000000
725 140.252865 0.972838
-0.52192062 0.81335926 0.25699368 0.00040412
-0.45555860 -0.52050787 0.72217619 -1.05054307
0.72115606 0.25984302 0.64219636 2.47933412
0.00000000 0.00000000 0.00000000 1.00000000
726 89.205415 0.170399
-0.29357708 -0.94941151 0.11149433 0.32825255
0.65446836 -0.11460933 0.74735397 0.08433419
-0.69676822 0.29237568 0.65500480 1.94873691
0.00000000 0.00000000 0.00000000 1.00000000
727 179.458236 0.915964
-0.82077146 0.20964114 0.53139949 0.14731795
0.10485491 -0.85913718 0.50088847 -0.01898220
0.56155169 0.46683425 0.68317312 2.72379780
0.00000000 0.00000000 0.00000000 1.00000000
728 127.910238 0.345140
-0.65367019 -0.75445646 0.05924708 0.04057548
0.52785355 -0.39843491 0.75007975 -0.06563675
-0.54229659 0.52157849 0.65868789 2.76962543
0.00000000 0.00000000 0.00000000 1.00000000
734 153.252484 0.435257
-0.60248458 0.46790862 -0.64658529 0.61994159
-0.75196868 -0.60429966 0.26337218 0.15740509
-0.26749665 0.64488935 0.71593487 2.86710119
0.00000000 0.00000000 0.00000000 1.00000000
739 162.571551 1.087668
-0.13565555 0.50176013 -0.85430413 -0.12084550
0.24169087 -0.81946456 -0.51967645 0.50484580
-0.96082473 -0.27697483 -0.01010686 1.94877303
0.00000000 0.00000000 0.00000000 1.00000000
740 144.023957 0.797880
-0.64505589 0.55335724 0.52697033 -0.25782564
0.62906110 -0.00695238 0.77732497 -0.20771736
0.43380228 0.83291495 -0.34361148 3.45593500
0.00000000 0.00000000 0.00000000 1.00000000
752 151.300856 5.120104
-0.66660142 0.06734745 0.74236572 -0.87125957
0.56371289 0.69716251 0.44293493 -1.99636626
-0.48771942 0.71374238 -0.50269443 3.53516507
0.00000000 0.00000000 0.00000000 1.00000000
753 169.855938 5.550970
0.14235759 -0.55914617 0.81675637 -1.63729620
-0.97754019 0.05013132 0.20470144 0.02407498
-0.15540358 -0.82755280 -0.53945088 5.04194069
0.00000000 0.00000000 0.00000000 1.00000000
754 56.676725 2.654513
0.98690546 -0.16060582 0.01493063 -0.56406933
0.14401667 0.91906959 0.36683816 -1.03096485
-0.07263865 -0.35988435 0.93016493 0.56736350
0.00000000 0.00000000 0.00000000 1.00000000
755 175.185495 2.688075
-0.98283005 0.10508488 -0.15166230 1.99339426
-0.08112869 -0.98437011 -0.15631247 2.71806860
-0.16571808 -0.14132449 0.97599441 0.21573281
0.00000000 0.00000000 0.00000000 1.00000000
756 178.842248 4.645164
0.16659492 0.15258573 -0.97414762 4.12560987
0.29149091 -0.95141834 -0.09917572 1.23805809
-0.94195515 -0.26743335 -0.20297898 3.71240807
0.00000000 0.00000000 0.00000000 1.00000000
757 128.206164 2.223837
-0.39658052 0.86793220 0.29902840 -0.08899346
-0.91411150 -0.40331134 -0.04170550 0.06700277
0.08440413 -0.28988475 0.95333236 0.72009993
0.00000000 0.00000000 0.00000000 1.00000000
758 145.407975 5.591465
-0.45831209 0.04833692 0.88747537 -1.54356861
0.80552620 0.44456390 0.39177871 -2.86174750
-0.37560332 0.89444137 -0.24268582 2.56766224
0.00000000 0.00000000 0.00000000 1.00000000
759 44.755740 2.259118
0.68955737 0.07889391 -0.71992183 1.46040618
0.31706765 0.86083770 0.39803118 -2.67144871
0.65113753 -0.50272834 0.56858134 0.90383005
0.00000000 0.00000000 0.00000000 1.00000000
774 1.376008 0.516205
0.99732322 0.05828531 -0.04415452 0.85645437
-0.06934948 0.94539773 -0.31845501 0.24320249
0.02318233 0.32066461 0.94690913 -0.89322793
0.00000000 0.00000000 0.00000000 1.00000000
777 7.209113 1.041945
0.80609250 0.05089254 -0.58959770 1.20825756
-0.16482215 0.97618163 -0.14108242 0.15227696
0.56837368 0.21090439 0.79528087 -0.68150997
0.00000000 0.00000000 0.00000000 1.00000000
778 9.538256 0.349536
0.79897088 0.23908809 -0.55179852 0.15327322
-0.23452264 0.96879739 0.08019492 0.08424219
0.55375451 0.06533574 0.83011276 -0.21986794
0.00000000 0.00000000 0.00000000 1.00000000
779 1.579915 0.392772
0.92665136 0.22565097 -0.30066460 0.51285946
-0.19660768 0.97260869 0.12400329 0.16642964
0.32041070 -0.05579472 0.94563365 -0.39825749
0.00000000 0.00000000 0.00000000 1.00000000
780 17.748074 0.750226
0.79203832 0.07366435 -0.60601056 1.00725579
-0.12499664 0.99123049 -0.04287681 0.47802460
0.59753746 0.10970920 0.79430044 -0.61195660
0.00000000 0.00000000 0.00000000 1.00000000
781 178.664845 3.578485
-0.97773993 0.03484605 0.20690569 -0.38238931
0.18999986 0.56541264 0.80262554 -1.71263015
-0.08901899 0.82407129 -0.55944693 2.40482140
0.00000000 0.00000000 0.00000000 1.00000000
816 9.757557 0.552344
0.75284451 0.23164457 -0.61608899 0.60284120
-0.19331291 0.97255981 0.12945160 -0.11487059
0.62917018 0.02164095 0.77696633 -0.18792272
0.00000000 0.00000000 0.00000000 1.00000000
838 77.081751 0.812631
0.90334845 0.42663455 -0.04409830 0.21126059
-0.29019293 0.53224415 -0.79530126 0.88855428
-0.31583205 0.73123121 0.60460806 0.53861505
0.00000000 0.00000000 0.00000000 1.00000000
839 118.644006 1.094118
-0.35703760 0.93302530 0.04457682 0.16623709
-0.87410688 -0.31690496 -0.36811262 0.29715168
-0.32933217 -0.17039517 0.92871130 1.85737848
0.00000000 0.00000000 0.00000000 1.00000000
858 2.333639 0.614250
0.99546671 0.09419680 0.01314768 1.20766234
-0.09167983 0.98713970 -0.13095850 0.18805459
-0.02531441 0.12915957 0.99130070 0.14075494
0.00000000 0.00000000 0.00000000 1.00000000
859 3.805291 0.764594
0.90930557 0.22350521 -0.35101157 1.09732378
-0.23583439 0.97176135 0.00782917 0.19672045
0.34284934 0.07566149 0.93633825 0.05434787
0.00000000 0.00000000 0.00000000 1.00000000
862 22.620353 1.019236
0.62005019 -0.16079558 0.76790750 -1.22594428
0.10655677 0.98696238 0.12062474 0.03804873
-0.77729183 0.00703238 0.62909997 -0.30864799
0.00000000 0.00000000 0.00000000 1.00000000
864 87.796407 1.580426
0.61280477 -0.45951557 0.64289689 -0.88650727
0.79015100 0.36815375 -0.49002564 1.26662409
-0.01151005 0.80827534 0.58869261 0.73249769
0.00000000 0.00000000 0.00000000 1.00000000
865 179.233189 4.092916
-0.62749040 -0.37000990 0.68509060 -2.42371511
-0.10837674 0.91281325 0.39373457 0.07607043
-0.77104545 0.17281669 -0.61288202 3.75905204
0.00000000 0.00000000 0.00000000 1.00000000
866 2.877936 0.389395
0.92405194 0.20255567 -0.32418972 1.57059383
-0.14306949 0.96968967 0.19807065 0.13276690
0.35448426 -0.13664581 0.92502344 0.97987103
0.00000000 0.00000000 0.00000000 1.00000000
869 180.000000 3.110704
-0.38780996 -0.19043209 0.90185297 -1.46251154
0.57387781 0.71577060 0.39791524 -0.79021597
-0.72129607 0.67186874 -0.16829798 1.76476145
0.00000000 0.00000000 0.00000000 1.00000000
893 174.348457 6.308896
-0.99983156 0.01818600 0.00269709 -1.05445921
0.01829541 0.99867946 0.04800641 -0.07899147
-0.00182046 0.04804770 -0.99884373 6.06274128
0.00000000 0.00000000 0.00000000 1.00000000
902 126.365119 1.299557
-0.45827851 0.83491802 0.30477679 -0.73555112
-0.84412718 -0.51620698 0.14484297 -1.27836227
0.27826044 -0.19089235 0.94134539 0.07333112
0.00000000 0.00000000 0.00000000 1.00000000
984 87.143378 0.550232
0.83846021 -0.25096613 0.48373663 -0.61818439
0.35114729 0.92761374 -0.12739009 0.13851471
-0.41675052 0.27667388 0.86589319 -0.17971468
0.00000000 0.00000000 0.00000000 1.00000000
992 178.568372 0.868237
-0.41731149 0.81317973 -0.40569496 0.55753028
-0.34148639 0.27338898 0.89924675 -0.92767191
0.84216285 0.51380491 0.16360214 2.15895247
0.00000000 0.00000000 0.00000000 1.00000000
993 141.093668 0.868437
-0.91552502 0.36964130 -0.15868351 0.54967797
-0.05092704 0.28479549 0.95723474 -0.67824507
0.39902571 0.88445348 -0.24191302 2.93984818
0.00000000 0.00000000 0.00000000 1.00000000
994 46.183908 1.126611
0.15916726 -0.73610640 0.65788537 -1.16246891
0.27739725 0.67288041 0.68577135 -0.43222111
-0.94747925 0.07334325 0.31129426 1.99757540
0.00000000 0.00000000 0.00000000 1.00000000
999 33.628054 1.762619
0.72880274 -0.52779782 0.43620804 -0.92162621
0.26090759 0.80305374 0.53575420 -0.00987691
-0.63306743 -0.27664921 0.72297353 0.43349218
0.00000000 0.00000000 0.00000000 1.00000000
1023 19.528380 1.241945
0.29407555 -0.12150987 -0.94802737 1.68694389
0.06823995 0.99202353 -0.10598102 -0.47592542
0.95334351 -0.03352728 0.30002090 3.09599519
0.00000000 0.00000000 0.00000000 1.00000000
1115 178.638000 4.952781
-0.93867552 -0.18740508 0.28942567 -0.27650514
-0.18140459 -0.44542044 -0.87675124 2.95066977
0.29322350 -0.87548864 0.38410902 1.04815578
0.00000000 0.00000000 0.00000000 1.00000000
1116 10.731025 0.858476
-0.94108266 0.15932025 0.29829711 0.02050387
0.33694619 0.51694804 0.78691316 -1.93951333
-0.02883324 0.84106016 -0.54017323 3.80064487
0.00000000 0.00000000 0.00000000 1.00000000
1117 3.802821 1.053123
-0.91438168 0.15620895 0.37350509 -0.42988330
0.40252292 0.25189745 0.88007009 -1.91341877
0.04338995 0.95506382 -0.29320857 1.94631577
0.00000000 0.00000000 0.00000000 1.00000000
1185 81.281950 0.853777
-0.05569274 0.99699527 -0.05383097 -0.69365323
-0.97948164 -0.04409713 0.19664940 0.27790979
0.19368449 0.06367820 0.97899455 -0.16780508
0.00000000 0.00000000 0.00000000 1.00000000
1190 89.996718 1.730244
0.55490446 -0.44419733 -0.70339805 1.33790100
0.13139918 0.88170236 -0.45313781 0.42398185
0.82147050 0.15902239 0.54762840 0.49263048
0.00000000 0.00000000 0.00000000 1.00000000
1191 5.533429 0.614687
0.91843951 -0.31076026 0.24473681 -0.17617455
0.22879744 0.92205870 0.31218272 -0.48778576
-0.32267600 -0.23072629 0.91795719 -0.10821855
0.00000000 0.00000000 0.00000000 1.00000000
1194 129.527363 1.692839
-0.15641184 -0.36332890 0.91843772 0.26724017
0.85356790 -0.51758665 -0.05939002 -0.28946984
0.49694917 0.77465916 0.39108205 0.58852243
0.00000000 0.00000000 0.00000000 1.00000000
1195 10.087188 0.310876
0.66715461 0.42093307 -0.61458898 0.22043246
-0.02351055 0.83652842 0.54741883 0.06849998
0.74454832 -0.35076410 0.56799006 0.53750217
0.00000000 0.00000000 0.00000000 1.00000000
1211 179.158836 5.765766
0.98877543 -0.05278104 -0.13977486 0.83353519
-0.10823356 -0.89795613 -0.42656821 -0.41555899
-0.10299695 0.43690830 -0.89358985 5.15704250
0.00000000 0.00000000 0.00000000 1.00000000
1235 91.410303 1.128394
0.99808049 0.04865251 -0.03835690 0.49016824
-0.04322143 0.99036640 0.13155699 -0.02130178
0.04438922 -0.12964669 0.99056673 0.01112509
0.00000000 0.00000000 0.00000000 1.00000000
1237 179.759744 2.689270
-0.64975905 0.50085330 -0.57180333 0.73189533
-0.38547170 0.43123400 0.81575030 -1.81874609
0.65515238 0.75045526 -0.08713323 1.68752646
0.00000000 0.00000000 0.00000000 1.00000000
1238 79.843617 0.171592
-0.12188759 0.51369405 0.84927177 -0.33769107
-0.80782551 0.44580126 -0.38558906 0.20444596
-0.57668108 -0.73306251 0.36063749 0.24055922
0.00000000 0.00000000 0.00000000 1.00000000
1239 114.101000 1.666159
0.16725613 -0.51251996 -0.84222847 -0.86703652
0.98574549 0.10271169 0.13325387 0.58600289
0.01821111 -0.85251033 0.52239376 1.55121553
0.00000000 0.00000000 0.00000000 1.00000000
1241 179.262721 1.451394
-0.82612437 -0.15948212 0.54044718 -0.99634588
-0.06422582 -0.92621154 -0.37149325 0.99910188
0.55981451 -0.34161061 0.75492352 0.71494669
0.00000000 0.00000000 0.00000000 1.00000000
1260 7.453194 0.319953
0.98514622 -0.05448076 -0.16284871 -0.70592552
0.03389917 0.99137604 -0.12659025 0.14203514
0.16834076 0.11918995 0.97849721 -0.46889210
0.00000000 0.00000000 0.00000000 1.00000000
1261 85.796792 2.148227
0.50487018 -0.11886901 0.85497087 -1.39716470
0.04929498 0.99282634 0.10892546 0.23801267
-0.86178619 -0.01284802 0.50710744 1.67963171
0.00000000 0.00000000 0.00000000 1.00000000
1300 59.397658 0.999094
0.99822521 -0.02166615 0.05545415 -0.17802477
0.01470248 0.99229294 0.12303105 -0.75953293
-0.05769267 -0.12199786 0.99085206 0.08985782
0.00000000 0.00000000 0.00000000 1.00000000
1301 178.934122 1.939442
-0.79939950 0.13923781 -0.58444321 1.30965209
0.07382131 -0.94263953 -0.32554662 1.38216591
-0.59624749 -0.30338585 0.74326730 1.33753896
0.00000000 0.00000000 0.00000000 1.00000000
1305 74.066579 2.366286
-0.72560233 -0.06364078 0.68516481 -2.02847862
0.16068894 0.95251298 0.25864580 -0.72956163
-0.66908854 0.29777247 -0.68091965 2.21305704
0.00000000 0.00000000 0.00000000 1.00000000
1313 116.059836 3.156192
-0.03168716 0.95873022 -0.28254607 0.19169194
-0.99901801 -0.03913654 -0.02075842 -1.14101827
-0.03095961 0.28161085 0.95902908 -1.05688143
0.00000000 0.00000000 0.00000000 1.00000000
1315 9.051780 0.504213
0.85530531 -0.02246213 0.51763862 0.07695556
0.12106484 0.98006970 -0.15750764 -0.52477998
-0.50378299 0.19738451 0.84097683 -0.15032744
0.00000000 0.00000000 0.00000000 1.00000000
1316 178.347140 2.001870
-0.91903251 -0.02488378 0.39339471 -2.02321982
-0.16810930 -0.87795091 -0.44826460 1.74910402
0.35653558 -0.47810280 0.80268276 0.88853192
0.00000000 0.00000000 0.00000000 1.00000000
1331 12.163546 0.559511
0.94892132 0.25720242 -0.18274203 -0.32148248
-0.21464151 0.95075655 0.22358850 0.11341107
0.23125035 -0.17294389 0.95739937 -0.46575379
0.00000000 0.00000000 0.00000000 1.00000000
1348 5.890824 2.379023
0.98348397 -0.13129298 0.12459070 -1.08239412
0.12317469 0.98985624 0.07079981 0.05451036
-0.13262254 -0.05428402 0.98967898 0.08840322
0.00000000 0.00000000 0.00000000 1.00000000
1352 3.675676 1.087980
0.98654670 -0.10316586 0.12682012 -0.44851136
0.11043777 0.99253792 -0.05169349 0.23324454
-0.12054073 0.06500369 0.99057823 -0.20790339
0.00000000 0.00000000 0.00000000 1.00000000
1380 176.159443 7.542196
-0.85098368 -0.12996221 0.50885892 -2.06154966
0.22307411 0.78771269 0.57423651 -1.94049788
-0.47546363 0.60217881 -0.64133972 5.79787827
0.00000000 0.00000000 0.00000000 1.00000000
1393 8.578949 1.495926
0.64004612 -0.24566945 0.72800297 -2.66984844
0.17040710 0.96929574 0.17727651 -0.07074077
-0.74920154 0.01059212 0.66225815 0.91018999
0.00000000 0.00000000 0.00000000 1.00000000
1397 144.655368 4.495523
0.34733814 0.93410474 0.08249471 -0.32989568
-0.93773943 0.34584844 0.03216355 -0.74131286
0.00151344 -0.08853008 0.99607235 -0.08868194
0.00000000 0.00000000 0.00000000 1.00000000
1398 6.681079 0.351606
-0.31502324 -0.34920895 0.88250405 -3.47271442
0.33643392 0.82837731 0.44788653 -0.58723390
-0.88745302 0.43799931 -0.14347258 2.33743834
0.00000000 0.00000000 0.00000000 1.00000000
1430 179.101254 2.904022
-0.70538563 -0.33214182 0.62618971 -0.81616074
-0.32156581 -0.63733351 -0.70028722 2.46177077
0.63168591 -0.69533360 0.34275934 1.47075129
0.00000000 0.00000000 0.00000000 1.00000000
1431 169.861417 4.110096
-0.83903682 -0.15775625 0.52070206 -1.35797155
-0.39883649 0.82928944 -0.39141923 1.36087251
-0.37006393 -0.53608990 -0.75872356 4.18584728
0.00000000 0.00000000 0.00000000 1.00000000
1438 113.889622 6.467080
0.00092641 0.48067856 0.87689567 -3.70873642
0.95435870 -0.26231956 0.14278439 -1.73821628
0.29866061 0.83674026 -0.45898241 4.07818413
0.00000000 0.00000000 0.00000000 1.00000000
1441 7.394729 0.427452
0.93387538 0.11751689 -0.33773854 0.62002671
-0.10118274 0.99270022 0.06563459 0.53062034
0.34298652 -0.02712126 0.93894875 -1.20668697
0.00000000 0.00000000 0.00000000 1.00000000
1443 149.208980 4.258693
-0.29393142 0.43413001 -0.85154939 2.56165266
-0.42650050 0.73772347 0.52331680 -0.50344706
0.85539478 0.51700556 -0.03168349 1.59240866
0.00000000 0.00000000 0.00000000 1.00000000
1444 104.946606 2.729843
0.46384817 0.36588147 -0.80683011 1.45154881
-0.60950047 0.79273331 0.00908610 0.26851490
0.64292574 0.48754892 0.59071279 1.05877805
0.00000000 0.00000000 0.00000000 1.00000000
1445 178.685524 3.224536
-0.84294379 -0.20330733 0.49810889 -0.90010357
-0.25344738 -0.66661608 -0.70099068 2.31662726
0.47456396 -0.71713984 0.51039177 1.76919508
0.00000000 0.00000000 0.00000000 1.00000000
1446 127.798400 3.520816
-0.16510637 0.31077766 -0.93603182 2.58084393
-0.66752720 0.66343784 0.33801654 -1.70176673
0.72604883 0.68063605 0.09791481 1.49896657
0.00000000 0.00000000 0.00000000 1.00000000
1447 12.024803 1.126284
0.99658096 0.01617486 0.08102340 1.10791528
-0.01914168 0.99916947 0.03597297 0.29185402
-0.08037430 -0.03740068 0.99606311 -0.10924602
0.00000000 0.00000000 0.00000000 1.00000000
1451 17.535572 0.642821
0.77136463 -0.30859405 0.55656666 0.22557473
0.32638976 0.94261855 0.07028943 0.27964815
-0.54632074 0.12743881 0.82782441 0.02093267
0.00000000 0.00000000 0.00000000 1.00000000
1452 13.622169 1.096378
0.87576461 -0.12364491 0.46663630 0.99732298
0.00052928 0.96688718 0.25520340 0.05498445
-0.48273966 -0.22325090 0.84683049 -0.13110900
0.00000000 0.00000000 0.00000000 1.00000000
1453 2.441681 0.776742
0.74401271 -0.24745935 0.62065250 -0.20047385
0.17974538 0.96877420 0.17078781 -0.18579011
-0.64353454 -0.01550870 0.76526022 0.90395713
0.00000000 0.00000000 0.00000000 1.00000000
1454 89.093815 0.275697
0.49788246 0.42369211 -0.75670326 0.54653013
-0.46005130 0.86868262 0.18369520 -0.32380879
0.73516446 0.25666419 0.62742174 0.34243274
0.00000000 0.00000000 0.00000000 1.00000000
1461 93.820308 3.403555
-0.09353417 0.12601936 -0.98760843 2.48036504
-0.19100717 0.97126019 0.14202295 -1.49477589
0.97712207 0.20192420 -0.06677553 3.25833583
0.00000000 0.00000000 0.00000000 1.00000000
1477 6.266100 0.348771
0.91404605 0.17309681 -0.36681974 0.05626212
-0.20184360 0.97855109 -0.04119314 -0.02143282
0.35182151 0.11169274 0.92937940 -1.09898090
0.00000000 0.00000000 0.00000000 1.00000000
1496 168.725231 4.591297
0.11057073 0.59559870 -0.79563582 2.50238872
-0.53441471 0.71059179 0.45766795 -1.44569707
0.83795881 0.37459481 0.39686713 2.04040241
0.00000000 0.00000000 0.00000000 1.00000000
1504 6.933303 0.351293
0.99969804 -0.02423321 0.00392466 -0.70761758
0.02453902 0.98188829 -0.18786383 0.59748137
0.00069898 0.18790296 0.98218715 -1.16139698
0.00000000 0.00000000 0.00000000 1.00000000
1505 3.954681 1.176931
0.99911827 -0.01410750 -0.03949285 -1.87342167
0.01280726 0.99937361 -0.03298101 0.20376000
0.03993336 0.03244629 0.99867541 -0.02824664
0.00000000 0.00000000 0.00000000 1.00000000
1523 25.237663 1.044435
0.96706438 0.12584642 0.22124758 -0.60027975
-0.09337619 0.98402625 -0.15157300 0.11417143
-0.23678806 0.12592156 0.96336669 -0.59367085
0.00000000 0.00000000 0.00000000 1.00000000
1524 5.360158 0.710039
0.95861948 0.16268884 0.23362479 -0.63341379
-0.13356884 0.98172247 -0.13557592 0.47398999
-0.25141123 0.09876069 0.96282846 -1.33764517
0.00000000 0.00000000 0.00000000 1.00000000
1525 30.263236 1.288293
0.79161131 0.39267513 -0.46814188 0.10231501
-0.38557559 0.91537821 0.11581931 -0.16124672
0.47400695 0.08882039 0.87602955 -0.12246180
0.00000000 0.00000000 0.00000000 1.00000000
1547 69.082929 3.459454
-0.96261728 -0.00410201 -0.27083388 0.91895831
0.00275226 0.99968570 -0.02492428 -0.26701593
0.27085060 -0.02473783 -0.96230364 5.21449852
0.00000000 0.00000000 0.00000000 1.00000000
1549 8.436289 0.442880
0.96161997 -0.05716616 0.26836273 -1.08695066
0.11502519 0.97195280 -0.20512447 -0.02183050
-0.24910977 0.22812009 0.94122541 -0.08789992
0.00000000 0.00000000 0.00000000 1.00000000
1550 7.506920 0.431515
0.97864884 -0.03316516 0.20284730 -1.25825334
0.07088909 0.98080516 -0.18164653 0.07577199
-0.19292948 0.19214761 0.96221477 -0.62119579
0.00000000 0.00000000 0.00000000 1.00000000
1551 117.052163 4.033236
-0.04904151 0.94036174 -0.33662117 0.59290618
-0.99877727 -0.04410233 0.02230933 -0.64603490
0.00613275 0.33730465 0.94137502 -0.95789361
0.00000000 0.00000000 0.00000000 1.00000000
1552 171.999846 5.669736
0.07655227 -0.12019879 -0.98979390 2.17621732
0.24315034 0.96498644 -0.09838128 0.54017276
0.96696264 -0.23313758 0.10309851 3.08229160
0.00000000 0.00000000 0.00000000 1.00000000
1553 11.017263 0.578405
-0.45518857 -0.00722705 0.89036518 -2.25483155
0.05589161 0.99776280 0.03667249 -0.17236879
-0.88863873 0.06645711 -0.45376649 3.58420944
0.00000000 0.00000000 0.00000000 1.00000000
1554 30.119689 1.454353
0.09859449 0.03145656 0.99463129 -1.93725538
0.05334861 0.99789602 -0.03684777 0.12376338
-0.99369681 0.05669507 0.09670830 2.00811267
0.00000000 0.00000000 0.00000000 1.00000000
1560 6.092361 0.302402
-0.19861166 0.10622984 0.97430378 -2.03749800
0.02270480 0.99434030 -0.10378668 0.32022324
-0.97981501 0.00150740 -0.19989944 2.85658026
0.00000000 0.00000000 0.00000000 1.00000000
1561 17.992380 0.702385
0.98971695 0.04304457 -0.13640790 0.18280089
-0.04893202 0.99799687 -0.04010421 -0.04652137
0.13440843 0.04636652 0.98984069 -0.33387876
0.00000000 0.00000000 0.00000000 1.00000000
1571 179.799231 5.574268
-0.71113044 0.20940036 -0.67115182 1.66594827
0.01056573 0.95769042 0.28760570 -0.91040856
0.70298064 0.19743392 -0.68325526 5.55442333
0.00000000 0.00000000 0.00000000 1.00000000
1578 9.804998 0.341437
0.97477156 -0.00171557 0.22319967 -0.09364726
0.03163597 0.99093795 -0.13054487 0.04391661
-0.22095305 0.13431226 0.96599168 -0.36138713
0.00000000 0.00000000 0.00000000 1.00000000
1579 23.209085 0.916986
0.99209839 0.05256601 -0.11391972 0.43541807
-0.05248947 0.99861538 0.00367367 0.00083219
0.11395524 0.00233555 0.99348330 -0.17619324
0.00000000 0.00000000 0.00000000 1.00000000
1580 32.113901 1.212982
0.99651933 0.03084411 -0.07744633 0.17273337
-0.03186559 0.99942040 -0.01198941 0.06795314
0.07703151 0.01441583 0.99692488 -0.14308572
0.00000000 0.00000000 0.00000000 1.00000000
1582 28.026572 0.771680
0.99474359 0.02021334 -0.10037849 0.23148817
-0.02201368 0.99961424 -0.01686083 0.04480639
0.09999878 0.01898229 0.99480641 -0.04995644
0.00000000 0.00000000 0.00000000 1.00000000
1584 75.777059 3.477632
-0.02250189 -0.19734472 0.98007625 -2.18378925
0.27679390 0.94077384 0.19578588 -0.38695467
-0.96066594 0.27568495 0.03345437 2.36215353
0.00000000 0.00000000 0.00000000 1.00000000
1586 171.240026 7.244759
-0.90463835 0.07580685 0.41938436 -1.53643465
0.10838047 0.99262244 0.05435960 -0.75757396
-0.41216946 0.09462883 -0.90618008 6.68838406
0.00000000 0.00000000 0.00000000 1.00000000
1622 16.200595 0.596110
0.99805027 0.02819671 0.05568194 -0.12232530
-0.02470557 0.99774331 -0.06242266 -0.04345626
-0.05731638 0.06092566 0.99649543 -0.24440265
0.00000000 0.00000000 0.00000000 1.00000000
