28 13.865614 0.798694
0.63283044 -0.09200741 0.76880360 -1.71039581
0.07408761 0.99555439 0.05815909 0.12809971
-0.77073741 0.02015423 0.63683450 0.81624854
0.00000000 0.00000000 0.00000000 1.00000000
93 4.471594 0.531170
0.20589498 -0.38579831 0.89931422 -2.07375574
0.52740884 0.81785780 0.23010467 0.12496658
-0.82428473 0.42692903 0.37186617 0.73989463
0.00000000 0.00000000 0.00000000 1.00000000
119 120.177787 1.645345
-0.28804669 -0.89035022 0.35256901 0.30462599
0.85071200 -0.40695906 -0.33267629 -0.26528794
0.43967956 0.20410877 0.87465489 0.86435366
0.00000000 0.00000000 0.00000000 1.00000000
122 93.127881 0.956025
0.99329025 -0.06429012 0.09612992 -0.20260605
0.05640642 0.99498546 0.08259526 -0.42742389
-0.10095801 -0.07661864 0.99193579 1.34235954
0.00000000 0.00000000 0.00000000 1.00000000
197 88.374070 3.672358
0.37494728 0.63875544 -0.67186707 1.23913360
-0.57205570 0.72972119 0.37451217 -0.70159972
0.72949719 0.24392359 0.63901114 1.44178605
0.00000000 0.00000000 0.00000000 1.00000000
375 98.456465 3.253377
0.02134535 -0.99909103 -0.03689694 -0.20579159
0.02429169 0.03741246 -0.99900353 2.82750368
0.99947619 0.02042768 0.02507007 0.02738523
0.00000000 0.00000000 0.00000000 1.00000000
512 4.091942 0.392285
0.12630358 0.17348145 -0.97670472 3.47536612
-0.39784199 0.91079623 0.11032726 -0.64712703
0.90871906 0.37463996 0.18405420 2.11065888
0.00000000 0.00000000 0.00000000 1.00000000
579 38.958770 1.410210
-0.68538719 -0.06641547 0.72514361 -2.49476457
0.23381294 0.92302704 0.30553377 -1.27393723
-0.68961984 0.37895763 -0.61710227 3.80731916
0.00000000 0.00000000 0.00000000 1.00000000
611 109.749803 1.052149
0.25531912 -0.41188693 0.87473553 -1.12312412
0.26570669 0.89977694 0.34612438 -0.32369840
-0.92963177 0.14405143 0.33917114 0.94838417
0.00000000 0.00000000 0.00000000 1.00000000
612 65.081138 0.466316
0.90883029 -0.12463850 0.39811081 0.24500370
0.02065143 0.96659577 0.25547272 -0.21912283
-0.41665402 -0.22395994 0.88104588 0.17151642
0.00000000 0.00000000 0.00000000 1.00000000
632 29.921053 1.358548
0.28655908 -0.12648740 0.94967645 -1.24147964
0.20807764 0.97580385 0.06718063 -0.16865125
-0.93519497 0.17835546 0.30594406 1.04311967
0.00000000 0.00000000 0.00000000 1.00000000
665 85.792128 2.014456
0.99518985 0.07909305 0.05781063 -0.20796683
-0.09411150 0.93576241 0.33984160 0.00020874
-0.02721798 -0.34364724 0.93870509 0.67690635
0.00000000 0.00000000 0.00000000 1.00000000
670 179.697388 3.182437
-0.32977360 0.04294471 0.94308245 -2.11681747
0.01860047 -0.99847525 0.05197142 0.33565471
0.94387561 0.03468065 0.32847223 1.95667720
0.00000000 0.00000000 0.00000000 1.00000000
671 109.206962 2.054298
0.30920559 0.89577043 0.31935567 0.50729144
-0.30499619 -0.22466514 0.92547441 -1.27369869
0.90076005 -0.38356426 0.20373859 1.86080730
0.00000000 0.00000000 0.00000000 1.00000000
717 151.274916 0.584977
-0.61089218 -0.23751976 -0.75524473 0.37344566
0.69074911 -0.62605238 -0.36183417 0.09105326
-0.38687992 -0.74272633 0.54651725 0.33519042
0.00000000 0.00000000 0.00000000 1.00000000
719 16.011285 0.036041
0.97206801 0.17141618 0.16031703 0.37250465
-0.19211912 0.97350717 0.12399456 -0.32568324
-0.13481468 -0.15133059 0.97924697 1.81042361
0.00000000 0.00000000 0.00000000 1.00000000
724 143.413244 1.734729
-0.47855496 -0.87615240 0.05780870 -0.28867894
-0.76725960 0.44927487 0.45767301 -1.37991774
-0.42696339 0.17466763 -0.88723904 2.99510455
0.00000000 0.00000000 0.00000000 1.00000000
727 162.696978 0.801221
-0.98629057 0.04889811 0.15760773 0.33916759
0.09803194 -0.59467214 0.79796958 -0.18525958
0.13274434 0.80247998 0.58172596 2.74184418
0.00000000 0.00000000 0.00000000 1.00000000
728 155.471215 0.401989
-0.90475464 -0.38809711 0.17548895 -0.04051781
0.42591918 -0.82155436 0.37899986 0.11100541
-0.00291339 0.41764671 0.90860426 2.66917634
0.00000000 0.00000000 0.00000000 1.00000000
739 102.993928 0.476156
-0.18483011 0.93127179 -0.31395981 1.15045536
-0.88670659 -0.02026872 0.46188772 -0.03483725
0.42377934 0.36376098 0.82951128 2.64439940
0.00000000 0.00000000 0.00000000 1.00000000
740 162.774387 0.713482
-0.40218708 0.91522944 -0.02451593 0.03139728
-0.09866370 -0.06994712 -0.99265921 0.69675964
-0.91022575 -0.39681599 0.11843127 2.94301081
0.00000000 0.00000000 0.00000000 1.00000000
752 149.307504 5.130948
-0.64019066 0.06505423 0.76545638 -0.97271359
0.57396245 0.70278645 0.42030647 -1.93426871
-0.51060998 0.70841950 -0.48725635 3.50620866
0.00000000 0.00000000 0.00000000 1.00000000
753 101.221681 4.660932
-0.83795416 -0.28208330 -0.46718717 3.53716588
-0.28075930 0.95690608 -0.07419752 -0.37672263
0.46798325 0.06899273 -0.88104033 5.04727507
0.00000000 0.00000000 0.00000000 1.00000000
754 55.750065 2.613456
0.98800534 -0.15414420 0.00922110 -0.54177064
0.14184248 0.92952019 0.34040076 -0.95079470
-0.06104203 -0.33500981 0.94023532 0.50764346
0.00000000 0.00000000 0.00000000 1.00000000
755 104.432153 2.807682
-0.57556123 -0.39221251 -0.71756434 1.95399880
0.50679100 0.51757836 -0.68940234 2.08799934
0.64178735 -0.76044893 -0.09912854 2.05544758
0.00000000 0.00000000 0.00000000 1.00000000
756 147.106276 6.045763
-0.58843023 0.20467696 0.78221267 -1.13980389
0.62625754 0.72728860 0.28080663 -1.99255526
-0.51141953 0.65510142 -0.55613953 4.63471651
0.00000000 0.00000000 0.00000000 1.00000000
757 121.303244 5.638194
-0.85648650 0.25653955 -0.44790432 2.77180600
-0.17035419 0.67863649 0.71444470 -3.62446141
0.48724788 0.68821442 -0.53754079 3.85829115
0.00000000 0.00000000 0.00000000 1.00000000
758 99.689824 4.854644
-0.55116814 0.32472259 -0.76861459 3.75861835
-0.42151177 0.68662399 0.59234667 -3.18071127
0.72009778 0.65046239 -0.24157113 2.28515697
0.00000000 0.00000000 0.00000000 1.00000000
759 39.311356 1.964904
0.70331889 0.06838837 -0.70757794 1.41221058
0.25051588 0.90766275 0.33673477 -2.40341139
0.66527081 -0.41409129 0.62124360 0.69413662
0.00000000 0.00000000 0.00000000 1.00000000
774 1.209175 0.523106
0.99713337 0.05923104 -0.04708609 0.86490488
-0.07125120 0.94445533 -0.32082257 0.24945952
0.02546835 0.32325792 0.94596809 -0.89147782
0.00000000 0.00000000 0.00000000 1.00000000
777 6.606043 1.078261
0.79120028 0.10947835 -0.60167933 1.23727512
-0.21656002 0.97025120 -0.10823129 0.12106854
0.57193118 0.21593197 0.79137194 -0.67106771
0.00000000 0.00000000 0.00000000 1.00000000
778 9.316332 0.339538
0.80065054 0.24162616 -0.54824835 0.14302516
-0.23677447 0.96818864 0.08092359 0.08535631
0.55036104 0.06501950 0.83239150 -0.22084379
0.00000000 0.00000000 0.00000000 1.00000000
779 1.510513 0.398502
0.92594081 0.22720551 -0.30167842 0.51863188
-0.19799230 0.97225869 0.12454779 0.16588862
0.32160741 -0.05559371 0.94523919 -0.39785802
0.00000000 0.00000000 0.00000000 1.00000000
780 3.470513 0.580135
0.80345947 0.30518505 -0.51119012 0.84660816
-0.35846567 0.93352312 -0.00609407 0.35710704
0.47534800 0.18814051 0.85944617 -0.75619054
0.00000000 0.00000000 0.00000000 1.00000000
816 9.804878 0.554942
0.75231600 0.23252289 -0.61640358 0.60500926
-0.19398184 0.97234792 0.13004076 -0.11626670
0.62959611 0.02173921 0.77661806 -0.18726873
0.00000000 0.00000000 0.00000000 1.00000000
858 2.360160 0.617277
0.99541283 0.09470458 0.01360162 1.20467544
-0.09212992 0.98712784 -0.13073309 0.18700558
-0.02580746 0.12888032 0.99132454 0.14070249
0.00000000 0.00000000 0.00000000 1.00000000
865 90.287115 2.414350
-0.19823788 0.94155401 0.27235556 -0.93884301
-0.73594475 -0.32651171 0.59310651 -1.02585888
0.64736921 -0.08286217 0.75765854 1.48864639
0.00000000 0.00000000 0.00000000 1.00000000
866 3.660302 0.394437
0.93183458 0.19980465 -0.30292532 1.56065655
-0.14450058 0.97003621 0.19531974 0.13968396
0.33287370 -0.13823254 0.93278533 0.95527589
0.00000000 0.00000000 0.00000000 1.00000000
869 131.089983 2.982414
-0.94861126 -0.14559114 0.28096130 -0.43797177
0.16443808 0.53178823 0.83075953 -1.64288080
-0.27036259 0.83426893 -0.48051959 2.41304088
0.00000000 0.00000000 0.00000000 1.00000000
984 87.143973 0.542607
0.83861125 -0.25730610 0.48012984 -0.60914356
0.35562897 0.92626297 -0.12476113 0.13226159
-0.41262469 0.27537385 0.86828041 -0.18475401
0.00000000 0.00000000 0.00000000 1.00000000
994 34.040228 1.963284
0.36308238 -0.70111287 0.61368763 -0.74460626
0.24233216 0.70702493 0.66437387 -0.23442751
-0.89969277 -0.09250616 0.42661005 1.21703768
0.00000000 0.00000000 0.00000000 1.00000000
999 33.741733 1.761137
0.72725987 -0.53116167 0.43470109 -0.92141807
0.26352105 0.80088079 0.53772509 -0.01279825
-0.63376075 -0.27651212 0.72241890 0.43466246
0.00000000 0.00000000 0.00000000 1.00000000
1116 177.441242 3.170677
0.99876577 0.02791493 0.04109026 0.28113946
-0.03140289 0.99572694 0.08684707 -0.17938590
-0.03849026 -0.08802989 0.99537432 0.23067307
0.00000000 0.00000000 0.00000000 1.00000000
1117 2.568112 1.050431
-0.91231686 0.14953998 0.38120282 -0.44495243
0.40855116 0.26959321 0.87201202 -1.89456320
0.02763104 0.95129251 -0.30704880 1.96566439
0.00000000 0.00000000 0.00000000 1.00000000
1185 80.563364 0.853906
-0.01729289 0.99792564 -0.06200613 -0.67658746
-0.98746520 -0.00731599 0.15766400 0.29713345
0.15688327 0.06395550 0.98554361 -0.18005037
0.00000000 0.00000000 0.00000000 1.00000000
1195 16.663939 0.530576
0.57662052 0.47621852 -0.66387153 0.41920736
-0.00295970 0.81377256 0.58117640 -0.03487241
0.81700683 -0.33315286 0.47064739 0.72071171
0.00000000 0.00000000 0.00000000 1.00000000
1235 91.521610 1.130339
0.99795854 0.05105963 -0.03835842 0.49188697
-0.04559585 0.99022198 0.13184236 -0.02339834
0.04471514 -0.12982383 0.99052823 0.01086330
0.00000000 0.00000000 0.00000000 1.00000000
1237 179.711286 2.690616
-0.65240580 0.49184501 -0.57658887 0.73687184
-0.39176363 0.43240160 0.81212628 -1.80110025
0.64875853 0.75572264 -0.08941334 1.70487165
0.00000000 0.00000000 0.00000000 1.00000000
1238 89.502838 0.172804
-0.22568566 0.52031064 0.82361555 -0.40629101
-0.86460453 0.28259876 -0.41544610 0.07198910
-0.44891346 -0.80586284 0.38608402 0.29034424
0.00000000 0.00000000 0.00000000 1.00000000
1239 114.128970 1.665832
0.16775399 -0.51149958 -0.84274924 -0.86545384
0.98565650 0.10301612 0.13367561 0.58591151
0.01844189 -0.85308576 0.52144420 1.55160308
0.00000000 0.00000000 0.00000000 1.00000000
1260 7.413915 0.317562
0.98524964 -0.05487926 -0.16208856 -0.70826447
0.03433329 0.99131620 -0.12694275 0.14281769
0.16764709 0.11950597 0.97857785 -0.46908808
0.00000000 0.00000000 0.00000000 1.00000000
1261 86.170406 2.155219
0.50113374 -0.11057639 0.85827714 -1.40785217
0.05506882 0.99386835 0.09589231 0.26691270
-0.86361599 -0.00078955 0.50415099 1.68123627
0.00000000 0.00000000 0.00000000 1.00000000
1300 88.893550 3.206054
-0.81816858 0.13807268 -0.55815428 0.68989837
-0.04463896 0.95255584 0.30107117 -0.38751888
0.57324290 0.27124241 -0.77318829 3.61891150
0.00000000 0.00000000 0.00000000 1.00000000
1301 178.784127 1.895617
-0.80695111 0.13388133 -0.57524389 1.28874958
0.07033930 -0.94525218 -0.31866860 1.36820519
-0.58641446 -0.29761225 0.75335604 1.28846002
0.00000000 0.00000000 0.00000000 1.00000000
1313 174.593649 3.904676
-0.86980319 0.22806326 -0.43752605 -0.55895996
-0.49254438 -0.45350295 0.74278879 -2.63020468
-0.02901684 0.86158144 0.50678968 0.16538298
0.00000000 0.00000000 0.00000000 1.00000000
1315 6.909782 0.372608
0.85661161 -0.01965094 0.51558751 0.08285064
0.13879675 0.97121572 -0.19358480 -0.38270468
-0.49694264 0.23738877 0.83468258 -0.15918684
0.00000000 0.00000000 0.00000000 1.00000000
1316 178.349095 2.000587
-0.92094314 -0.02324215 0.38900307 -2.01403642
-0.16678092 -0.87867457 -0.44734281 1.74860859
0.35220426 -0.47685602 0.80533236 0.87356579
0.00000000 0.00000000 0.00000000 1.00000000
1348 5.199837 2.343311
0.98544401 -0.12542823 0.11474604 -1.04957759
0.11743446 0.99032122 0.07398108 0.04972315
-0.12291458 -0.05942896 0.99063617 0.07224393
0.00000000 0.00000000 0.00000000 1.00000000
1352 7.987163 1.379139
0.97186631 -0.11338790 0.20644572 -0.70089900
0.13335033 0.98737872 -0.08545460 0.32140774
-0.19415030 0.11057970 0.97472054 -0.06138563
0.00000000 0.00000000 0.00000000 1.00000000
1380 0.694362 0.875136
0.88322175 0.17233716 -0.43613940 -0.83628541
-0.16679335 0.98465592 0.05130732 0.51041377
0.43828881 0.02742893 0.89841467 -1.16010046
0.00000000 0.00000000 0.00000000 1.00000000
1385 3.904850 0.300988
0.96400028 0.04771404 -0.26158503 0.16412787
-0.02953817 0.99689567 0.07298201 -0.01359159
0.26425537 -0.06262818 0.96241713 0.01265740
0.00000000 0.00000000 0.00000000 1.00000000
1393 2.700231 1.044639
0.50425446 -0.32325956 0.80076867 -2.80096126
0.21230088 0.94523942 0.24789184 -0.30367574
-0.83705205 0.04500343 0.54526955 1.34118569
0.00000000 0.00000000 0.00000000 1.00000000
1397 6.310251 0.943123
-0.39893359 -0.31203184 0.86225730 -3.04935169
0.46592027 0.74092162 0.48368663 -0.67875147
-0.78979063 0.59470266 -0.15019652 2.30412960
0.00000000 0.00000000 0.00000000 1.00000000
1398 6.802157 0.363068
-0.31954944 -0.34821758 0.88126802 -3.47357655
0.34110802 0.82540804 0.44983137 -0.58961368
-0.88404393 0.44435048 -0.14497805 2.34982395
0.00000000 0.00000000 0.00000000 1.00000000
1430 6.839940 1.642273
0.75174916 0.37816107 -0.54024649 1.50248122
-0.32521933 0.92528558 0.19513933 -0.26678100
0.57367641 0.02900262 0.81856835 0.06490922
0.00000000 0.00000000 0.00000000 1.00000000
1431 2.582553 0.787861
0.66150773 0.38328752 -0.64459080 0.46586323
-0.22985674 0.92178226 0.31222263 -0.22680676
0.71384358 -0.05837433 0.69786757 0.55339575
0.00000000 0.00000000 0.00000000 1.00000000
1436 103.090453 2.740343
-0.38540030 0.06195670 -0.92066705 1.66462660
0.04943925 0.99769670 0.04644464 -0.59597397
0.92142367 -0.02761731 -0.38757551 3.49372149
0.00000000 0.00000000 0.00000000 1.00000000
1438 132.709525 7.161834
-0.05068117 0.81745946 0.57375234 -2.67734790
0.93147826 -0.16853501 0.32240239 -2.29825711
0.36024803 0.55077785 -0.75290412 5.02704000
0.00000000 0.00000000 0.00000000 1.00000000
1443 77.316457 1.984991
0.80907500 0.38879067 -0.44072598 0.95172757
-0.35184151 0.92110348 0.16665854 0.28440648
0.47074980 0.02022640 0.88203454 -0.15510106
0.00000000 0.00000000 0.00000000 1.00000000
1444 109.762979 2.850946
0.40509146 0.34962234 -0.84478694 2.03145170
-0.28937414 0.92552197 0.24427499 -0.35133684
0.86727315 0.14550510 0.47609276 0.15891683
0.00000000 0.00000000 0.00000000 1.00000000
1445 11.955662 1.461172
0.79810679 0.06720475 0.59875703 -1.16403246
0.26971316 0.84878182 -0.45477989 0.59080166
-0.53877699 0.52445495 0.65929276 0.31916666
0.00000000 0.00000000 0.00000000 1.00000000
1446 113.472029 3.030641
0.08768761 0.27839261 -0.95645601 2.56950903
-0.61924505 0.76732552 0.16657108 -1.16515589
0.78028613 0.57767445 0.23967829 1.02314901
0.00000000 0.00000000 0.00000000 1.00000000
1451 7.769102 0.707808
0.83306360 -0.12136856 0.53970027 0.39892381
0.09082320 0.99240375 0.08298212 0.04729813
-0.54567218 -0.02011203 0.83775765 -0.05856109
0.00000000 0.00000000 0.00000000 1.00000000
1452 10.092061 0.916794
0.84309584 -0.09581758 0.52915692 0.81013072
-0.04705239 0.96708035 0.25008279 0.02202669
-0.53569919 -0.23574205 0.81083393 -0.08913231
0.00000000 0.00000000 0.00000000 1.00000000
1453 2.971902 0.826465
0.73724401 -0.25513601 0.62560123 -0.23892266
0.18712901 0.96684200 0.17377953 -0.19272351
-0.64919502 -0.01104990 0.76054180 0.93507075
0.00000000 0.00000000 0.00000000 1.00000000
1454 88.303973 0.293500
0.51003206 0.42062652 -0.75029492 0.53024542
-0.45499557 0.87218171 0.17966408 -0.32111442
0.72996420 0.24974680 0.63622361 0.32961011
0.00000000 0.00000000 0.00000000 1.00000000
1477 6.262344 0.358987
0.92161453 0.16813107 -0.34979698 -0.00536029
-0.19618718 0.97948223 -0.04610786 -0.01193464
0.33486748 0.11111979 0.93569040 -1.09897065
0.00000000 0.00000000 0.00000000 1.00000000
1490 12.266171 0.465070
0.99990153 0.01034965 0.00949237 0.41554615
-0.01003870 0.99942893 -0.03226125 -0.05890149
-0.00982073 0.03216268 0.99943423 -0.01232004
0.00000000 0.00000000 0.00000000 1.00000000
1504 6.025581 0.310040
0.99933404 -0.03129612 0.01874830 -0.74948543
0.03428257 0.98133272 -0.18923682 0.60056508
-0.01247590 0.18975341 0.98175240 -1.16094971
0.00000000 0.00000000 0.00000000 1.00000000
1505 6.684014 0.324324
0.98471183 0.06945360 -0.15974388 -0.58920437
-0.07152612 0.99741256 -0.00725386 0.29084340
0.15882678 0.01856884 0.98713183 -0.66143298
0.00000000 0.00000000 0.00000000 1.00000000
1523 24.708873 1.037478
0.96628559 0.11990342 0.22785093 -0.60847020
-0.08479503 0.98377681 -0.15809475 0.13238378
-0.24311043 0.13344395 0.96077579 -0.59251475
0.00000000 0.00000000 0.00000000 1.00000000
1524 5.381611 0.755504
0.95868123 0.17656219 0.22306022 -0.59661472
-0.15059444 0.98019147 -0.12863171 0.47551849
-0.24135315 0.08972517 0.96628058 -1.36461234
0.00000000 0.00000000 0.00000000 1.00000000
1525 29.226745 1.225080
0.79801965 0.41070467 -0.44100797 0.02370685
-0.39546025 0.90909034 0.13102522 -0.20143038
0.45472762 0.06983969 0.88788867 -0.14976406
0.00000000 0.00000000 0.00000000 1.00000000
1546 14.014800 0.709801
-0.62887180 -0.02249372 0.77718288 -1.74295783
0.06166965 0.99498916 0.07869840 -0.35272163
-0.77505910 0.09742017 -0.62433362 4.01052904
0.00000000 0.00000000 0.00000000 1.00000000
1547 26.913823 1.799291
-0.73929459 0.42520097 0.52215701 -1.90061116
0.26117000 0.89578241 -0.35967338 1.01587725
-0.62067223 -0.12953278 -0.77329683 4.47009850
0.00000000 0.00000000 0.00000000 1.00000000
1549 8.427718 0.439619
0.96096838 -0.05975723 0.27012539 -1.09133363
0.11759612 0.97202516 -0.20331547 -0.02648571
-0.25041908 0.22714537 0.94111371 -0.08803868
0.00000000 0.00000000 0.00000000 1.00000000
1550 6.855522 0.387870
0.97577798 -0.03644428 0.21570349 -1.30225682
0.07684794 0.98028857 -0.18201174 0.07696152
-0.20481823 0.19417959 0.95934546 -0.61330175
0.00000000 0.00000000 0.00000000 1.00000000
1551 116.861679 4.026944
-0.04666099 0.94123703 -0.33451030 0.58734393
-0.99889743 -0.04221088 0.02056319 -0.64193714
0.00523546 0.33509988 0.94216871 -0.95819068
0.00000000 0.00000000 0.00000000 1.00000000
1553 10.740412 0.565861
-0.45585075 0.00539938 0.89004064 -2.26541948
0.06289814 0.99767721 0.02616245 -0.14123592
-0.88783205 0.06790812 -0.45513210 3.59213948
0.00000000 0.00000000 0.00000000 1.00000000
1554 9.715676 0.429642
-0.30090994 0.10195410 0.94818765 -1.83380890
-0.00696592 0.99400747 -0.10909162 0.31392428
-0.95362723 -0.03943230 -0.29839671 3.13978839
0.00000000 0.00000000 0.00000000 1.00000000
1561 17.955549 0.701014
0.98981398 0.04305878 -0.13570024 0.18059799
-0.04886541 0.99801457 -0.03975229 -0.04757297
0.13371922 0.04597831 0.98995233 -0.33390355
0.00000000 0.00000000 0.00000000 1.00000000
1571 24.880845 0.202429
0.94356048 0.00916871 0.33107322 -0.45162320
0.00455506 0.99916309 -0.04065280 0.01085363
-0.33116865 0.03986640 0.94272894 0.47917295
0.00000000 0.00000000 0.00000000 1.00000000
1579 10.671104 0.396872
0.99460727 0.01328471 0.10286176 -0.06496751
-0.01308721 0.99991119 -0.00259507 0.05100563
-0.10288709 0.00123477 0.99469250 -0.35153079
0.00000000 0.00000000 0.00000000 1.00000000
1580 36.624841 1.429739
0.98700786 0.03768708 -0.15619530 0.41883510
-0.04060950 0.99905455 -0.01555234 0.09190208
0.15546137 0.02169359 0.98760498 -0.22009778
0.00000000 0.00000000 0.00000000 1.00000000
1582 27.979599 0.769703
0.99482501 0.02063399 -0.09948648 0.22928798
-0.02234030 0.99962211 -0.01606672 0.04335904
0.09911747 0.01820590 0.99490929 -0.04934084
0.00000000 0.00000000 0.00000000 1.00000000
1584 54.694937 2.958317
0.33627659 -0.21743129 0.91631973 -2.02681375
0.23188893 0.96214473 0.14320447 -0.32270467
-0.91276801 0.16432860 0.37396652 1.86016750
0.00000000 0.00000000 0.00000000 1.00000000
1586 170.977692 7.245788
-0.90234751 0.08131270 0.42327049 -1.55606043
0.11379320 0.99214333 0.05199319 -0.75442380
-0.41571730 0.09508115 -0.90451092 6.68542480
0.00000000 0.00000000 0.00000000 1.00000000
1622 16.187639 0.595870
0.99803859 0.02817751 0.05590796 -0.12280975
-0.02467239 0.99774420 -0.06242692 -0.04345655
-0.05754093 0.06092519 0.99648243 -0.24430084
0.00000000 0.00000000 0.00000000 1.00000000
