16 93.549443 2.578118
0.73290014 -0.25391096 0.63117862 -1.46976042
0.39396781 0.91475928 -0.08947009 0.49101257
-0.55465895 0.31423673 0.77046007 0.01287413
0.00000000 0.00000000 0.00000000 1.00000000
28 60.714352 0.780827
-0.10214210 -0.44892216 0.88771331 -2.04457235
0.33938354 0.82311398 0.45530364 -0.47952151
-0.93508548 0.34778151 0.06828290 1.71715581
0.00000000 0.00000000 0.00000000 1.00000000
93 4.848079 0.538810
0.19920276 -0.39743567 0.89574736 -2.08305025
0.53584170 0.80948997 0.24000022 0.10657483
-0.82048392 0.43217003 0.37421519 0.73824286
0.00000000 0.00000000 0.00000000 1.00000000
119 120.226694 1.665698
-0.29636297 -0.89133650 0.34305787 0.32557940
0.85325456 -0.40847760 -0.32419419 -0.28227010
0.42909706 0.19663656 0.88159513 0.85446501
0.00000000 0.00000000 0.00000000 1.00000000
122 93.508696 0.970201
0.99408859 -0.06347418 0.08808341 -0.18942808
0.05671366 0.99539804 0.07724085 -0.41805556
-0.09258094 -0.07178868 0.99311370 1.33989286
0.00000000 0.00000000 0.00000000 1.00000000
197 75.739450 1.529904
-0.11865109 -0.56069577 0.81947643 -2.03342438
0.37149179 0.74030101 0.56031066 -1.13725197
-0.92082298 0.37091050 0.12045598 2.65390253
0.00000000 0.00000000 0.00000000 1.00000000
234 8.736487 1.720917
0.31755507 0.34162945 -0.88456142 1.55947435
-0.50436389 0.85079622 0.14752376 -0.25850457
0.80297995 0.39929360 0.44248033 0.14708441
0.00000000 0.00000000 0.00000000 1.00000000
375 177.552954 1.909819
-0.52045238 -0.79752588 -0.30509424 0.67729187
0.01142731 -0.36377278 0.93141830 -1.45479703
-0.85381484 0.48127171 0.19844034 1.21690965
0.00000000 0.00000000 0.00000000 1.00000000
512 4.327259 0.422422
0.10635553 0.19328284 -0.97536254 3.44708109
-0.40616226 0.90380216 0.13481264 -0.71424735
0.90759122 0.38181779 0.17462805 2.13693404
0.00000000 0.00000000 0.00000000 1.00000000
579 21.255703 0.959238
-0.88638651 -0.13341597 0.44330478 -1.84639013
0.12245977 0.85589266 0.50244504 -1.85994470
-0.44645563 0.49964765 -0.74231356 4.25953150
0.00000000 0.00000000 0.00000000 1.00000000
611 101.056582 0.921388
0.39242756 -0.37235466 0.84104246 -1.00147951
0.11304234 0.92698544 0.35765874 -0.42977715
-0.91280955 -0.04528183 0.40586641 0.87517416
0.00000000 0.00000000 0.00000000 1.00000000
612 25.410486 1.531066
0.41055506 0.41633698 -0.81123877 1.39774084
-0.12304211 0.90683496 0.40312797 -0.45880598
0.90349650 -0.06568964 0.42353219 1.34655797
0.00000000 0.00000000 0.00000000 1.00000000
632 31.200125 1.421282
0.26505005 -0.12417036 0.95620632 -1.29196298
0.20546399 0.97617161 0.06981068 -0.17588413
-0.94208950 0.17796257 0.28424633 1.08187032
0.00000000 0.00000000 0.00000000 1.00000000
665 89.504648 2.879675
0.99438834 -0.08989289 -0.05578238 0.13107744
0.04148242 0.81634879 -0.57606775 2.15235209
0.09732196 0.57052088 0.81549644 0.47076488
0.00000000 0.00000000 0.00000000 1.00000000
670 179.714695 3.181714
-0.33328426 0.04200861 0.94189018 -2.11524296
0.02076217 -0.99843764 0.05187709 0.33720204
0.94259757 0.03684555 0.33189142 1.95104241
0.00000000 0.00000000 0.00000000 1.00000000
671 110.280727 2.067451
0.30309197 0.89167160 0.33623958 0.48657900
-0.30566761 -0.24322733 0.92054743 -1.26661301
0.90260869 -0.38178831 0.19883466 1.86676943
0.00000000 0.00000000 0.00000000 1.00000000
717 176.260998 1.502639
-0.88947600 0.18275641 -0.41884667 0.17718084
0.14756067 0.98231536 0.11525244 -0.12400890
0.43250248 0.04070919 -0.90071350 1.26430678
0.00000000 0.00000000 0.00000000 1.00000000
722 16.399054 0.205964
0.99347556 -0.11030963 -0.02897543 0.28169313
0.11355937 0.98030663 0.16156662 0.30580148
0.01058292 -0.16380188 0.98643690 2.55008698
0.00000000 0.00000000 0.00000000 1.00000000
724 135.539520 1.243784
0.31694603 0.67130381 -0.66999716 0.49703005
0.92687720 -0.06944489 0.36888486 -1.36934566
0.20110628 -0.73792177 -0.64422643 2.68246126
0.00000000 0.00000000 0.00000000 1.00000000
725 15.361950 0.112427
0.92720127 -0.37225333 0.04151756 0.47602898
0.27266344 0.74679768 0.60658574 -0.51426232
-0.25680953 -0.55110741 0.79393256 1.89638245
0.00000000 0.00000000 0.00000000 1.00000000
727 116.423335 1.255987
0.82041061 -0.36262518 0.44207358 0.37090626
0.51139772 0.11956772 -0.85098493 0.93262941
0.25573063 0.92423272 0.28354076 2.96456528
0.00000000 0.00000000 0.00000000 1.00000000
728 132.194439 0.283635
-0.70712006 -0.70702201 -0.01006890 0.08146730
0.62771922 -0.63423461 0.45134896 0.10853614
-0.32549953 0.31283742 0.89229149 2.63287807
0.00000000 0.00000000 0.00000000 1.00000000
739 89.058334 0.781922
0.65903521 -0.73091519 0.17729680 0.50609273
0.68727052 0.48949417 -0.53670716 0.79654676
0.30550197 0.47555941 0.82493073 2.56773496
0.00000000 0.00000000 0.00000000 1.00000000
740 165.948434 1.114855
-0.90777671 -0.28209507 -0.31042716 0.41390410
0.27295700 -0.95921683 0.07346904 0.96153927
-0.31849173 -0.01803936 0.94775480 2.29883313
0.00000000 0.00000000 0.00000000 1.00000000
752 139.014551 4.994404
-0.49502996 0.03469419 0.86818260 -1.34410179
0.63520879 0.69620824 0.33436865 -1.66475058
-0.59283620 0.71699959 -0.36668256 3.12497425
0.00000000 0.00000000 0.00000000 1.00000000
753 87.017840 4.048563
-0.68043065 0.40998450 -0.60739297 3.58854604
-0.02206868 0.81701219 0.57619810 -2.29450703
0.73248029 0.40546745 -0.54687250 3.81330752
0.00000000 0.00000000 0.00000000 1.00000000
754 102.914721 4.598604
0.63812423 -0.21149978 0.74031430 -2.36380887
-0.09078233 0.93415427 0.34512863 -0.67245460
-0.76456207 -0.28744230 0.57690603 2.53211403
0.00000000 0.00000000 0.00000000 1.00000000
755 76.000267 3.637107
0.57449162 0.03265688 0.81785917 -1.48063302
0.04590335 0.99634612 -0.07202810 0.63222057
-0.81722307 0.07892196 0.57089275 1.53885782
0.00000000 0.00000000 0.00000000 1.00000000
756 163.586588 6.086663
-0.71659982 -0.68424332 0.13525847 1.72159410
-0.68679023 0.72604632 0.03429367 -0.60800314
-0.12166873 -0.06831922 -0.99021661 5.86654329
0.00000000 0.00000000 0.00000000 1.00000000
757 114.867394 5.321162
-0.77107614 0.35746637 -0.52693433 2.90301800
-0.21266490 0.63544935 0.74227929 -3.65280890
0.60017985 0.68441480 -0.41395894 3.33838201
0.00000000 0.00000000 0.00000000 1.00000000
758 75.601809 2.338181
0.21725497 0.88631749 -0.40895224 1.43005538
-0.81443572 -0.06634203 -0.57644904 0.97098100
-0.53804749 0.45830184 0.70743513 1.59660006
0.00000000 0.00000000 0.00000000 1.00000000
759 44.706371 2.256613
0.68967801 0.07886992 -0.71980822 1.45990801
0.31643656 0.86128581 0.39756209 -2.66925335
0.65131640 -0.50196314 0.56905222 0.90189290
0.00000000 0.00000000 0.00000000 1.00000000
774 1.203985 0.523375
0.99714148 0.05906596 -0.04711676 0.86520398
-0.07110636 0.94445741 -0.32085007 0.24956638
0.02554819 0.32328320 0.94595766 -0.89143729
0.00000000 0.00000000 0.00000000 1.00000000
777 6.967001 1.065989
0.79781193 0.07499993 -0.59822351 1.22861755
-0.18620642 0.97437567 -0.12617317 0.13617074
0.57343096 0.21205564 0.79133403 -0.67502260
0.00000000 0.00000000 0.00000000 1.00000000
778 9.546249 0.349832
0.79887146 0.23917563 -0.55190367 0.15361345
-0.23461331 0.96877158 0.08023239 0.08429219
0.55385900 0.06538824 0.83003891 -0.21987319
0.00000000 0.00000000 0.00000000 1.00000000
779 1.907828 0.385223
0.92852527 0.21952733 -0.29941407 0.50473690
-0.19055226 0.97392344 0.12314117 0.16472554
0.31863895 -0.05728589 0.94614416 -0.39918172
0.00000000 0.00000000 0.00000000 1.00000000
780 3.087940 0.559090
0.80628544 0.30484581 -0.50692451 0.82994306
-0.35947970 0.93309200 -0.01064068 0.36844420
0.46976340 0.19080853 0.86192459 -0.76384950
0.00000000 0.00000000 0.00000000 1.00000000
816 9.803554 0.554867
0.75233197 0.23250869 -0.61638910 0.60493994
-0.19396666 0.97235161 0.13003644 -0.11626109
0.62958139 0.02172813 0.77663052 -0.18730521
0.00000000 0.00000000 0.00000000 1.00000000
858 2.420911 0.622285
0.99531847 0.09556016 0.01450279 1.19970214
-0.09286168 0.98706180 -0.13071141 0.18582779
-0.02680580 0.12875265 0.99131501 0.14064169
0.00000000 0.00000000 0.00000000 1.00000000
865 90.305897 2.414071
-0.20041952 0.94151115 0.27090198 -0.93724960
-0.73406816 -0.32743737 0.59491873 -1.02908492
0.64882600 -0.07962692 0.75675809 1.49235320
0.00000000 0.00000000 0.00000000 1.00000000
866 2.523674 0.392354
0.92442423 0.22147125 -0.31046891 1.56354332
-0.15945655 0.96398211 0.21286815 0.10857093
0.34643024 -0.14727417 0.92644346 0.97135532
0.00000000 0.00000000 0.00000000 1.00000000
869 15.876269 0.439651
0.11699662 0.44379076 -0.88846040 1.43559086
-0.62781000 0.72622883 0.28008279 -0.49961457
0.76952374 0.52501535 0.36358216 0.75870824
0.00000000 0.00000000 0.00000000 1.00000000
950 173.283963 2.551768
-0.30694705 0.20256439 -0.92991990 1.48257387
0.52903950 0.84853542 0.01021159 -0.66010344
0.79113877 -0.48883033 -0.36761993 3.70886803
0.00000000 0.00000000 0.00000000 1.00000000
984 86.477964 0.544568
0.84498852 -0.25127479 0.47207505 -0.60096717
0.34912899 0.92786735 -0.13103902 0.14506416
-0.40509638 0.27554157 0.87176490 -0.19150722
0.00000000 0.00000000 0.00000000 1.00000000
993 118.795500 1.194548
-0.99949408 0.03139131 0.00524375 0.58636761
0.02050658 0.50918931 0.86041045 -0.72377992
0.02433904 0.86008257 -0.50957620 3.60442615
0.00000000 0.00000000 0.00000000 1.00000000
994 77.622475 2.687429
0.73295176 0.53491437 -0.42029619 -0.39716303
-0.19315805 0.75604188 0.62537277 -0.05402166
0.65228212 -0.37718439 0.65746480 0.58126307
0.00000000 0.00000000 0.00000000 1.00000000
999 33.846701 1.756898
0.72621453 -0.52937198 0.43860579 -0.92811704
0.26125592 0.80265236 0.53618413 -0.01074910
-0.63589048 -0.27479681 0.72120047 0.43580043
0.00000000 0.00000000 0.00000000 1.00000000
1109 178.714730 4.222707
0.53955835 -0.06553298 0.83939344 -2.12444043
0.22848776 0.97094870 -0.07106745 0.20681149
-0.81035107 0.23013596 0.53885758 0.16334701
0.00000000 0.00000000 0.00000000 1.00000000
1116 176.937747 3.170670
0.99836540 0.02668866 0.05054644 0.25732905
-0.03102628 0.99571913 0.08707353 -0.17956531
-0.04800603 -0.08849874 0.99491912 0.23007846
0.00000000 0.00000000 0.00000000 1.00000000
1117 3.011684 1.048883
-0.91351753 0.15230525 0.37721267 -0.43658876
0.40540925 0.26423520 0.87511361 -1.90239501
0.03361109 0.95235717 -0.30312967 1.96090603
0.00000000 0.00000000 0.00000000 1.00000000
1185 78.689590 0.788223
-0.02604503 0.99655348 -0.07875584 -0.64739704
-0.97509289 -0.00796779 0.22165246 0.19451666
0.22026102 0.08256721 0.97193986 -0.16122663
0.00000000 0.00000000 0.00000000 1.00000000
1191 13.910517 1.015573
0.91357464 -0.37125558 0.16598709 -0.08849866
0.20713823 0.77604938 0.59568495 -0.94650608
-0.34996572 -0.50982010 0.78587997 -0.02207077
0.00000000 0.00000000 0.00000000 1.00000000
1195 16.630346 0.514303
0.57778519 0.47128403 -0.66637492 0.41257319
0.01730812 0.80918872 0.58729434 -0.05459255
0.81600553 -0.35086334 0.45937997 0.67793524
0.00000000 0.00000000 0.00000000 1.00000000
1227 15.883982 0.030854
0.69737786 0.16330793 0.69784999 -0.08612420
-0.36692083 0.91776645 0.15190044 0.03098917
-0.61565709 -0.36198771 0.69995105 0.10457504
0.00000000 0.00000000 0.00000000 1.00000000
1235 91.061667 1.121943
0.99844760 0.04117301 -0.03750485 0.48357481
-0.03579709 0.99031043 0.13417631 -0.01999024
0.04266527 -0.13262540 0.99024737 0.00891757
0.00000000 0.00000000 0.00000000 1.00000000
1237 92.217073 0.188605
-0.26791567 0.66924614 0.69305897 -0.45142308
-0.39608771 0.57924211 -0.71245533 -0.08594418
-0.87825716 -0.46539015 0.10989189 0.01051730
0.00000000 0.00000000 0.00000000 1.00000000
1238 89.501755 0.172406
-0.22559434 0.52058733 0.82346570 -0.40592036
-0.86457151 0.28260261 -0.41551429 0.07229848
-0.44902503 -0.80568266 0.38633132 0.29012716
0.00000000 0.00000000 0.00000000 1.00000000
1239 114.031350 1.665871
0.17018589 -0.51130605 -0.84237897 -0.86439317
0.98522586 0.10490221 0.13537192 0.58605933
0.01915089 -0.85297191 0.52160454 1.55207682
0.00000000 0.00000000 0.00000000 1.00000000
1260 7.453194 0.319931
0.98514640 -0.05448152 -0.16284314 -0.70594758
0.03390051 0.99137592 -0.12658933 0.14203452
0.16833547 0.11918840 0.97849756 -0.46889544
0.00000000 0.00000000 0.00000000 1.00000000
1261 9.642103 0.405758
0.82372069 0.23034483 -0.51809829 -0.12835133
-0.08398220 0.95324725 0.29028773 0.26148069
0.56074214 -0.19560498 0.80455428 -0.23947239
0.00000000 0.00000000 0.00000000 1.00000000
1300 91.022368 3.244061
-0.83891356 0.13257283 -0.52787173 0.63005042
-0.03535104 0.95456040 0.29591537 -0.37850559
0.54311568 0.26690829 -0.79610652 3.66272283
0.00000000 0.00000000 0.00000000 1.00000000
1301 178.844279 1.914639
-0.80326504 0.13571647 -0.57995415 1.30143261
0.07184222 -0.94451058 -0.32053241 1.37143636
-0.59127349 -0.29913783 0.74894094 1.31102073
0.00000000 0.00000000 0.00000000 1.00000000
1309 83.603359 3.218438
-0.71392679 0.30596542 -0.62983656 0.31458980
-0.17719817 0.79126179 0.58523947 -1.40706587
0.67742896 0.52942401 -0.51068640 3.36399651
0.00000000 0.00000000 0.00000000 1.00000000
1313 177.148646 4.481983
-0.80181295 0.19811365 -0.56378108 -0.16945767
-0.59652281 -0.20934865 0.77481222 -2.85646939
0.03547430 0.95756173 0.28603768 0.77379435
0.00000000 0.00000000 0.00000000 1.00000000
1315 9.258606 0.515708
0.85574943 -0.02208540 0.51691753 0.07908893
0.11883262 0.98076886 -0.15482181 -0.53634214
-0.50355816 0.19391571 0.84191793 -0.15016603
0.00000000 0.00000000 0.00000000 1.00000000
1316 177.871276 2.024663
-0.91730940 -0.02662678 0.39728531 -2.03282952
-0.17289343 -0.87215918 -0.45765406 1.76728988
0.35868171 -0.48849878 0.79543543 0.92494678
0.00000000 0.00000000 0.00000000 1.00000000
1347 3.016361 0.898963
0.99861944 0.02059464 -0.04832194 0.06492734
0.00041924 0.91678029 0.39939082 -0.07407629
0.05252591 -0.39885962 0.91550589 0.04447675
0.00000000 0.00000000 0.00000000 1.00000000
1348 3.444237 2.195645
0.99213594 -0.10147899 0.07326515 -0.91264212
0.09730361 0.99353528 0.05847991 0.12181045
-0.07872577 -0.05089106 0.99559647 0.02235913
0.00000000 0.00000000 0.00000000 1.00000000
1352 8.755399 1.291810
0.98004019 -0.10038330 0.17159554 -0.58964753
0.12332192 0.98398554 -0.12870035 0.46430069
-0.15592822 0.14729285 0.97672468 -0.09992194
0.00000000 0.00000000 0.00000000 1.00000000
1380 0.631181 0.873167
0.88295126 0.17111659 -0.43716753 -0.83420897
-0.16573617 0.98486274 0.05075711 0.51110947
0.43923533 0.02763823 0.89794618 -1.15985703
0.00000000 0.00000000 0.00000000 1.00000000
1393 2.344517 1.056660
0.50826997 -0.31875873 0.80003530 -2.79685950
0.21217270 0.94669324 0.24239710 -0.28965777
-0.83465260 0.04654366 0.54880762 1.33069038
0.00000000 0.00000000 0.00000000 1.00000000
1397 6.301420 0.943191
-0.39895278 -0.31233206 0.86214012 -3.04906583
0.46574718 0.74087620 0.48392427 -0.67951369
-0.78988421 0.59460193 -0.15010709 2.30382872
0.00000000 0.00000000 0.00000000 1.00000000
1398 6.178633 0.329143
-0.30651730 -0.34944084 0.88540334 -3.47056413
0.33936059 0.82893443 0.44463763 -0.57688332
-0.88931578 0.43676031 -0.13549581 2.31700516
0.00000000 0.00000000 0.00000000 1.00000000
1430 178.915287 3.098499
-0.80347252 -0.15106796 0.57585675 -0.88139057
0.26953793 0.77015078 0.57811499 -1.08852613
-0.53083134 0.61971462 -0.57807648 3.02208257
0.00000000 0.00000000 0.00000000 1.00000000
1431 2.757473 0.806414
0.67035657 0.37481225 -0.64042068 0.48713982
-0.22547249 0.92513496 0.30543122 -0.21871129
0.70695484 -0.06035005 0.70468020 0.54715097
0.00000000 0.00000000 0.00000000 1.00000000
1436 85.310667 3.608610
0.31482613 -0.08698055 0.94515634 -2.71086359
0.51928246 0.84932750 -0.09480839 -0.11053157
-0.79450035 0.52065098 0.31255713 1.10186422
0.00000000 0.00000000 0.00000000 1.00000000
1438 134.400146 7.203953
-0.03754590 0.83746940 0.54519236 -2.60066628
0.92897809 -0.17178530 0.32785502 -2.31745076
0.36822456 0.51878130 -0.77154070 5.08592892
0.00000000 0.00000000 0.00000000 1.00000000
1443 126.418244 4.370193
0.16818151 0.42700502 -0.88847250 2.55676603
-0.07686019 0.90424681 0.42003787 -0.59074819
0.98275512 -0.00235421 0.18489653 1.77443075
0.00000000 0.00000000 0.00000000 1.00000000
1444 39.390433 5.005282
0.12275270 -0.13272925 0.98352152 -3.19883418
0.11340249 0.98640114 0.11896412 -0.52188838
-0.98593664 0.09693070 0.13613546 3.51181579
0.00000000 0.00000000 0.00000000 1.00000000
1445 50.548197 1.780543
0.94579995 0.17888299 -0.27104333 1.65183496
-0.25766075 0.92136836 -0.29101825 -0.11588132
0.19767243 0.34508300 0.91752088 -0.26671958
0.00000000 0.00000000 0.00000000 1.00000000
1446 107.382582 2.458314
0.17778316 0.38910168 -0.90387672 2.35102153
-0.85466075 0.51635212 0.05417674 -0.68375671
0.48779881 0.76287639 0.42434877 0.48952758
0.00000000 0.00000000 0.00000000 1.00000000
1447 4.702696 0.351141
0.95384765 -0.11047314 0.27923089 -0.29190296
0.09238871 0.99272925 0.07715970 0.22631556
-0.28572452 -0.04780072 0.95711887 0.02054048
0.00000000 0.00000000 0.00000000 1.00000000
1451 6.387028 0.770029
0.84943217 -0.13431117 0.51031804 0.47036454
0.10984181 0.99088657 0.07795922 0.07528603
-0.51613814 -0.01016671 0.85644478 -0.06536698
0.00000000 0.00000000 0.00000000 1.00000000
1452 6.907170 0.833637
0.80907553 -0.10007177 0.57912207 0.70338678
-0.05485313 0.96823686 0.24394424 0.02414012
-0.58513904 -0.22913595 0.77788746 -0.09207940
0.00000000 0.00000000 0.00000000 1.00000000
1453 1.503501 0.711537
0.75246543 -0.24371131 0.61188281 -0.14665353
0.16762857 0.96929234 0.17992449 -0.20619415
-0.63694298 -0.03281784 0.77021194 0.86350429
0.00000000 0.00000000 0.00000000 1.00000000
1454 87.901495 0.307821
0.51570261 0.41613841 -0.74891853 0.52503318
-0.45485845 0.87374067 0.17228201 -0.30730224
0.72605389 0.25180557 0.63987440 0.32438266
0.00000000 0.00000000 0.00000000 1.00000000
1461 143.818661 4.733133
-0.82035649 0.22436157 -0.52600151 0.32112646
-0.14467260 0.80847007 0.57047904 -2.74446750
0.55325031 0.54409391 -0.63077492 4.51870823
0.00000000 0.00000000 0.00000000 1.00000000
1477 6.427363 0.368638
0.92225564 0.16885135 -0.34775549 -0.01306029
-0.19589469 0.97964412 -0.04385534 -0.01905560
0.33327135 0.10856929 0.93655938 -1.09800863
0.00000000 0.00000000 0.00000000 1.00000000
1490 12.249378 0.464741
0.99990165 0.01007374 0.00981045 0.41509739
-0.00975949 0.99945426 -0.03156852 -0.06051007
-0.01012376 0.03146976 0.99945390 -0.01181006
0.00000000 0.00000000 0.00000000 1.00000000
1505 70.611238 3.209815
0.39551419 -0.12843484 0.90943617 -2.98436832
0.30402440 0.95266199 0.00231892 -0.06553614
-0.86668235 0.27557382 0.41583893 1.72669840
0.00000000 0.00000000 0.00000000 1.00000000
1523 25.762597 1.057980
0.96720994 0.13427544 0.21558487 -0.58688343
-0.10411382 0.98383969 -0.14567314 0.10012526
-0.23166181 0.11845043 0.96555829 -0.59819627
0.00000000 0.00000000 0.00000000 1.00000000
1524 4.987824 0.717278
0.96068269 0.15688595 0.22907478 -0.62661016
-0.12720612 0.98207122 -0.13911755 0.47606415
-0.24679351 0.10450786 0.96341580 -1.34077370
0.00000000 0.00000000 0.00000000 1.00000000
1525 12.972691 0.432591
0.91549307 0.36276853 -0.17398240 -1.05007291
-0.35454547 0.93183470 0.07734144 -0.06707150
0.19018012 -0.00912105 0.98170620 -0.17288232
0.00000000 0.00000000 0.00000000 1.00000000
1546 12.911790 0.656443
-0.62412298 0.00411668 0.78131634 -1.78291297
0.06829652 0.99644613 0.04930678 -0.26163286
-0.77833581 0.08413449 -0.62218577 4.03476810
0.00000000 0.00000000 0.00000000 1.00000000
1547 16.158802 0.758795
-0.44135863 0.28480831 0.85093296 -2.24124360
0.12307969 0.95854509 -0.25698787 0.48344415
-0.88884979 -0.00869121 -0.45811629 3.01288271
0.00000000 0.00000000 0.00000000 1.00000000
1549 8.471505 0.445483
0.96191680 -0.05867106 0.26697206 -1.08005452
0.11920142 0.96896839 -0.21654369 0.01862881
-0.24598268 0.24012035 0.93906057 -0.09915495
0.00000000 0.00000000 0.00000000 1.00000000
1550 6.773263 0.382282
0.97577125 -0.03458098 0.21604483 -1.30666304
0.07560056 0.97990119 -0.18460599 0.08558252
-0.20531860 0.19646624 0.95877290 -0.61630559
0.00000000 0.00000000 0.00000000 1.00000000
1551 117.126881 4.034827
-0.04988867 0.94024265 -0.33683163 0.59358746
-0.99872696 -0.04442744 0.02390561 -0.65007246
0.00751284 0.33759478 0.94126207 -0.95828629
0.00000000 0.00000000 0.00000000 1.00000000
1553 30.600489 1.742177
-0.74099064 0.12017587 0.66067493 -1.86605358
0.04734753 0.99075764 -0.12711474 0.28716204
-0.66984475 -0.06290973 -0.73983228 4.75887203
0.00000000 0.00000000 0.00000000 1.00000000
1554 8.292140 0.375595
-0.53127968 -0.01505208 0.84706348 -1.47792971
0.05403728 0.99720442 0.05161190 -0.13024136
-0.84547222 0.07319267 -0.52898091 3.70533371
0.00000000 0.00000000 0.00000000 1.00000000
1561 17.994281 0.702253
0.98971564 0.04301819 -0.13642630 0.18287188
-0.04889376 0.99800175 -0.04001233 -0.04680586
0.13443287 0.04627140 0.98984188 -0.33426714
0.00000000 0.00000000 0.00000000 1.00000000
1571 3.242202 1.477399
0.70810384 -0.03909965 0.70502472 -1.62524307
0.08210234 0.99625236 -0.02721022 0.01012145
-0.70131844 0.07715185 0.70866054 0.97798753
0.00000000 0.00000000 0.00000000 1.00000000
1578 8.923193 0.310985
0.97123116 -0.00414887 0.23810214 -0.12413140
0.03611672 0.99084890 -0.13005558 0.04554954
-0.23538372 0.13491356 0.96249324 -0.36267138
0.00000000 0.00000000 0.00000000 1.00000000
1579 23.676242 0.936411
0.99105430 0.05476105 -0.12170681 0.45519397
-0.05464717 0.99849671 0.00427440 -0.00035737
0.12175773 0.00241476 0.99255687 -0.17583609
0.00000000 0.00000000 0.00000000 1.00000000
1580 36.724343 1.434444
0.98672676 0.03829135 -0.15781069 0.42395443
-0.04119824 0.99903566 -0.01519039 0.09162780
0.15707684 0.02149048 0.98735261 -0.22172856
0.00000000 0.00000000 0.00000000 1.00000000
1584 6.274043 0.337894
0.94265473 -0.09752549 0.31920162 -0.80776930
0.11235076 0.99326527 -0.02832064 0.42426693
-0.31428972 0.06255955 0.94726366 -0.76095629
0.00000000 0.00000000 0.00000000 1.00000000
1586 171.201942 7.245094
-0.90410483 0.07947468 0.41985416 -1.54277480
0.11241164 0.99217957 0.05425419 -0.76058269
-0.41225863 0.09624811 -0.90596807 6.68701267
0.00000000 0.00000000 0.00000000 1.00000000
1622 16.146772 0.593335
0.99800444 0.02828199 0.05645585 -0.12637141
-0.02468378 0.99768126 -0.06344283 -0.04070854
-0.05811928 0.06192234 0.99638754 -0.24366617
0.00000000 0.00000000 0.00000000 1.00000000
