28 13.206004 0.820757
0.64007646 -0.11206125 0.76009345 -1.68843627
0.09347938 0.99331492 0.06772590 0.11541548
-0.76260227 0.02770316 0.64627427 0.80022061
0.00000000 0.00000000 0.00000000 1.00000000
93 5.215489 0.534633
0.19909011 -0.40355295 0.89303327 -2.08014011
0.53996861 0.80563849 0.24368116 0.09999132
-0.81779987 0.43369541 0.37830067 0.73166335
0.00000000 0.00000000 0.00000000 1.00000000
119 119.990073 1.403429
-0.16593707 -0.85786921 0.48633847 0.02622199
0.83310920 -0.38582563 -0.39631680 -0.14240110
0.52762979 0.33940944 0.77872193 1.02584791
0.00000000 0.00000000 0.00000000 1.00000000
122 93.508696 0.970201
0.99408859 -0.06347418 0.08808341 -0.18942808
0.05671366 0.99539804 0.07724085 -0.41805556
-0.09258094 -0.07178868 0.99311370 1.33989286
0.00000000 0.00000000 0.00000000 1.00000000
197 87.619766 1.344780
-0.32427725 -0.49915859 0.80354452 -1.49508822
0.44279820 0.67054224 0.59523296 -0.87071383
-0.83592653 0.54882920 0.00358555 2.23479319
0.00000000 0.00000000 0.00000000 1.00000000
375 54.151164 1.490165
0.25013590 0.49973422 -0.82927519 0.05409050
-0.36136943 0.84279633 0.39888191 -0.63576537
0.89824522 0.19989946 0.39140239 -1.13278484
0.00000000 0.00000000 0.00000000 1.00000000
408 27.162744 2.099669
0.65673989 0.24928717 -0.71172154 -0.21152502
-0.28993315 0.95470768 0.06685981 0.34556776
0.69615322 0.16244251 0.69927186 -1.67110956
0.00000000 0.00000000 0.00000000 1.00000000
512 4.280570 0.420755
0.10913153 0.19130445 -0.97544497 3.44822145
-0.40485623 0.90478045 0.13215092 -0.70691711
0.90784466 0.38049316 0.17619103 2.13271189
0.00000000 0.00000000 0.00000000 1.00000000
579 178.199516 5.071155
-0.99651742 -0.08180465 0.01611392 -0.80087054
0.06760558 -0.90589797 -0.41806278 2.53120923
0.04879693 -0.41551763 0.90827513 0.69534659
0.00000000 0.00000000 0.00000000 1.00000000
611 109.454970 1.050587
0.26008365 -0.40890750 0.87472934 -1.12226212
0.26050472 0.90202814 0.34421304 -0.32277286
-0.92978173 0.13834707 0.34112504 0.94618559
0.00000000 0.00000000 0.00000000 1.00000000
632 31.200125 1.421282
0.26505005 -0.12417036 0.95620632 -1.29196298
0.20546399 0.97617161 0.06981068 -0.17588413
-0.94208950 0.17796257 0.28424633 1.08187032
0.00000000 0.00000000 0.00000000 1.00000000
665 178.418352 3.408868
-0.13312925 -0.32117105 0.93761629 -2.24852800
-0.08176667 0.94637227 0.31256044 0.07287359
-0.98771882 -0.03505468 -0.15225112 3.27258205
0.00000000 0.00000000 0.00000000 1.00000000
670 179.714695 3.181714
-0.33328426 0.04200861 0.94189018 -2.11524296
0.02076217 -0.99843764 0.05187709 0.33720204
0.94259757 0.03684555 0.33189142 1.95104241
0.00000000 0.00000000 0.00000000 1.00000000
671 178.700723 1.248745
-0.15843226 -0.12403186 -0.97954810 2.79797959
0.21649708 -0.97229940 0.08809773 -0.08183569
-0.96334159 -0.19811174 0.18089634 2.46277380
0.00000000 0.00000000 0.00000000 1.00000000
717 167.100893 1.452667
-0.95296544 0.25469971 -0.16427052 -0.03242695
0.27573243 0.50359738 -0.81875628 0.81290644
-0.12581050 -0.82554090 -0.55014002 1.14507139
0.00000000 0.00000000 0.00000000 1.00000000
719 19.287519 0.061463
0.95597827 0.22911358 0.18333574 0.35731253
-0.25603306 0.95652199 0.13968709 -0.36109838
-0.14336063 -0.18047833 0.97307479 1.80642951
0.00000000 0.00000000 0.00000000 1.00000000
724 96.427849 1.882987
-0.22804475 -0.81571996 0.53159976 -0.71422213
-0.17647609 0.57157040 0.80135155 -1.81855321
-0.95752448 0.08892927 -0.27429828 2.70775747
0.00000000 0.00000000 0.00000000 1.00000000
726 168.030268 0.135465
-0.99888694 0.03213917 -0.03452349 0.36731073
-0.04118636 -0.95104450 0.30629921 0.14956129
-0.02298901 0.30738059 0.95130903 1.87056541
0.00000000 0.00000000 0.00000000 1.00000000
727 116.241774 1.258373
0.84132040 -0.26603311 0.47053835 0.35797042
0.51489162 0.12947553 -0.84742200 0.92429304
0.16451927 0.95522922 0.24590811 2.96865606
0.00000000 0.00000000 0.00000000 1.00000000
728 176.304613 0.715787
0.03531700 0.22626752 -0.97342461 0.82492447
-0.38423151 -0.89609092 -0.22223201 0.35730633
-0.92256045 0.38186899 0.05529174 3.07820463
0.00000000 0.00000000 0.00000000 1.00000000
731 17.595501 0.167561
0.94321388 0.05094802 0.32825583 0.19187404
-0.21525049 0.84638357 0.48713654 -0.54769546
-0.25301167 -0.53013146 0.80928719 1.97345483
0.00000000 0.00000000 0.00000000 1.00000000
736 57.281592 0.421050
0.65358305 0.61089259 0.44680977 -0.08152671
-0.75672621 0.51656914 0.40065244 -1.41434920
0.01394778 -0.59997213 0.79989928 1.70678639
0.00000000 0.00000000 0.00000000 1.00000000
738 134.742974 1.707791
-0.59604853 -0.59080523 -0.54376090 -0.29625988
0.40388253 -0.80589926 0.43290320 -0.48041701
-0.69397777 0.03841591 0.71897149 0.60925114
0.00000000 0.00000000 0.00000000 1.00000000
739 174.466217 1.754779
-0.97613794 0.15171152 -0.15536419 -0.41739863
-0.16690058 -0.98187304 0.08982961 0.14368825
-0.13891980 0.11361649 0.98376447 1.13867164
0.00000000 0.00000000 0.00000000 1.00000000
740 106.364542 1.848575
-0.05834737 -0.95503980 -0.29067805 1.10529613
0.62174869 0.19304167 -0.75905287 1.44140065
0.78103948 -0.22501819 0.58253211 3.28008342
0.00000000 0.00000000 0.00000000 1.00000000
752 148.755148 5.134687
-0.63186479 0.06845267 0.77205050 -1.00154400
0.57646143 0.70735651 0.40907276 -1.89989960
-0.51811212 0.70353615 -0.48641351 3.50735235
0.00000000 0.00000000 0.00000000 1.00000000
753 88.349086 4.106366
-0.70869273 0.37079644 -0.60022050 3.61209774
-0.03761175 0.82968539 0.55696189 -2.23006487
0.70451379 0.41729036 -0.57404596 3.91331673
0.00000000 0.00000000 0.00000000 1.00000000
754 56.594961 2.650237
0.98776126 -0.15504882 0.01694243 -0.56411362
0.13843285 0.92154402 0.36275735 -1.01651883
-0.07185830 -0.35597217 0.93172908 0.55972695
0.00000000 0.00000000 0.00000000 1.00000000
755 137.467225 5.484841
-0.45109081 0.04848650 0.89116019 -1.45611107
0.27663586 0.95693988 0.08796265 0.08985484
-0.84852219 0.28620598 -0.44508004 4.53824663
0.00000000 0.00000000 0.00000000 1.00000000
756 148.248268 6.037221
-0.61533487 0.17177930 0.76932102 -1.04344571
0.60494816 0.72861946 0.32117206 -2.12263823
-0.50537109 0.66302752 -0.55226278 4.62667131
0.00000000 0.00000000 0.00000000 1.00000000
757 178.607803 5.863807
0.01657845 -0.14715540 0.98897439 -2.60389519
-0.82772183 -0.55688304 -0.06898625 0.52160090
0.56089401 -0.81745237 -0.13103592 3.51553965
0.00000000 0.00000000 0.00000000 1.00000000
758 145.407936 5.591465
-0.45831260 0.04833640 0.88747603 -1.54356968
0.80552620 0.44456491 0.39177871 -2.86174822
-0.37560320 0.89444244 -0.24268565 2.56766081
0.00000000 0.00000000 0.00000000 1.00000000
759 109.042968 2.891258
-0.33908951 -0.25998062 -0.90411764 3.38686919
0.92220592 0.09804472 -0.37406623 -0.71125942
0.18589407 -0.96062362 0.20650913 2.75274897
0.00000000 0.00000000 0.00000000 1.00000000
774 1.368307 0.515816
0.99730718 0.05843880 -0.04431811 0.85604954
-0.06954778 0.94537747 -0.31847185 0.24314632
0.02328622 0.32069641 0.94689590 -0.89333069
0.00000000 0.00000000 0.00000000 1.00000000
777 6.743314 1.077216
0.79263300 0.09926866 -0.60156375 1.23646963
-0.20692763 0.97189301 -0.11227270 0.12186906
0.57351011 0.21347119 0.79089606 -0.67159677
0.00000000 0.00000000 0.00000000 1.00000000
778 9.421852 0.344732
0.80002332 0.23955387 -0.55006880 0.14827962
-0.23497337 0.96869433 0.08011819 0.08481750
0.55204129 0.06515507 0.83126730 -0.21996021
0.00000000 0.00000000 0.00000000 1.00000000
779 1.523157 0.399433
0.92595661 0.22698206 -0.30180091 0.51949793
-0.19772987 0.97230458 0.12460661 0.16551587
0.32172585 -0.05570544 0.94519317 -0.39776266
0.00000000 0.00000000 0.00000000 1.00000000
780 17.297475 0.746040
0.79329133 0.08010440 -0.60354900 1.00380921
-0.13208435 0.99034095 -0.04216796 0.47659326
0.59434140 0.11317158 0.79620945 -0.61492443
0.00000000 0.00000000 0.00000000 1.00000000
781 178.664845 3.578485
-0.97773993 0.03484605 0.20690569 -0.38238931
0.18999986 0.56541264 0.80262554 -1.71263015
-0.08901899 0.82407129 -0.55944693 2.40482140
0.00000000 0.00000000 0.00000000 1.00000000
816 9.806482 0.555189
0.75223017 0.23218954 -0.61663473 0.60559827
-0.19393307 0.97241920 0.12957938 -0.11489516
0.62971473 0.02211259 0.77651250 -0.18668151
0.00000000 0.00000000 0.00000000 1.00000000
858 2.222815 0.599418
0.99592775 0.08947065 0.01106054 1.22203517
-0.08720227 0.98719162 -0.13359843 0.19834611
-0.02287197 0.13208994 0.99097383 0.14091301
0.00000000 0.00000000 0.00000000 1.00000000
865 179.209566 4.095709
-0.62812108 -0.36739951 0.68591654 -2.42589641
-0.10937370 0.91444546 0.38964942 0.08374953
-0.77039051 0.16972579 -0.61456662 3.76108551
0.00000000 0.00000000 0.00000000 1.00000000
866 2.877936 0.389395
0.92405194 0.20255567 -0.32418972 1.57059383
-0.14306949 0.96968967 0.19807065 0.13276690
0.35448426 -0.13664581 0.92502344 0.97987103
0.00000000 0.00000000 0.00000000 1.00000000
869 15.876269 0.439651
0.11699662 0.44379076 -0.88846040 1.43559086
-0.62781000 0.72622883 0.28008279 -0.49961457
0.76952374 0.52501535 0.36358216 0.75870824
0.00000000 0.00000000 0.00000000 1.00000000
950 95.110472 1.945761
0.84273958 0.37862077 -0.38266987 -0.40332890
-0.37691417 0.92254698 0.08272183 -0.43593341
0.38435107 0.07452065 0.92017460 0.45876908
0.00000000 0.00000000 0.00000000 1.00000000
984 86.750804 0.549014
0.84227353 -0.24949192 0.47783947 -0.61093301
0.34867111 0.92819166 -0.12995979 0.14391997
-0.41110310 0.27606964 0.86878145 -0.18501043
0.00000000 0.00000000 0.00000000 1.00000000
992 152.891324 0.769501
-0.79271227 0.60842323 -0.03778869 0.47384894
-0.13555437 -0.11549655 0.98401487 -1.01734602
0.59433299 0.78516328 0.17403013 2.23520398
0.00000000 0.00000000 0.00000000 1.00000000
993 112.585154 1.071293
-0.99581760 -0.05070911 0.07600641 0.49251950
0.03956556 0.51050073 0.85896659 -0.70823026
-0.08235884 0.85838115 -0.50635946 3.52597332
0.00000000 0.00000000 0.00000000 1.00000000
994 33.607994 1.970396
0.37000141 -0.70082164 0.60987556 -0.73745334
0.24236698 0.70654690 0.66486895 -0.23470163
-0.89685971 -0.09818867 0.43127909 1.21388721
0.00000000 0.00000000 0.00000000 1.00000000
1115 178.735993 4.946073
-0.93957007 -0.18558659 0.28768975 -0.26928166
-0.18098253 -0.44405606 -0.87752998 2.94654751
0.29060867 -0.87656754 0.38363439 1.05947948
0.00000000 0.00000000 0.00000000 1.00000000
1116 176.937747 3.170670
0.99836540 0.02668866 0.05054644 0.25732905
-0.03102628 0.99571913 0.08707353 -0.17956531
-0.04800603 -0.08849874 0.99491912 0.23007846
0.00000000 0.00000000 0.00000000 1.00000000
1117 2.621967 1.055289
-0.91160065 0.14944777 0.38294822 -0.44753802
0.41011876 0.26708364 0.87204850 -1.89331996
0.02804661 0.95201421 -0.30476487 1.96043813
0.00000000 0.00000000 0.00000000 1.00000000
1185 77.748971 0.771648
-0.00975867 0.99605888 -0.08815308 -0.63097143
-0.97505021 0.01007209 0.22175610 0.17265457
0.22176990 0.08811754 0.97110909 -0.16471446
0.00000000 0.00000000 0.00000000 1.00000000
1190 84.873046 1.238690
0.69835520 -0.01027375 -0.71567762 0.91748977
-0.19629683 0.95880926 -0.20530984 0.14971206
0.68830752 0.28386435 0.66757321 0.29872131
0.00000000 0.00000000 0.00000000 1.00000000
1191 22.337044 1.144495
0.91442311 -0.26436052 0.30650288 -0.25565976
0.00294210 0.76156729 0.64807904 -1.07110715
-0.40474910 -0.59171671 0.69717240 0.06649363
0.00000000 0.00000000 0.00000000 1.00000000
1195 17.487881 0.547259
0.56855822 0.46874854 -0.67602944 0.43570316
0.04769096 0.80161393 0.59593564 -0.09639978
0.82125908 -0.37106478 0.43340981 0.69612932
0.00000000 0.00000000 0.00000000 1.00000000
1208 90.026716 2.241545
0.88648629 0.28133759 -0.36740941 1.74100578
-0.29591215 0.95505750 0.01734178 -0.59543604
0.35577646 0.09334803 0.92989695 0.14430630
0.00000000 0.00000000 0.00000000 1.00000000
1235 91.410324 1.128395
0.99807894 0.04865286 -0.03835753 0.49016857
-0.04322110 0.99036562 0.13155702 -0.02130207
0.04438844 -0.12964663 0.99056613 0.01112556
0.00000000 0.00000000 0.00000000 1.00000000
1237 179.434382 2.688875
-0.64912158 0.51746970 -0.55755424 0.71645862
-0.36678010 0.42921680 0.82537621 -1.82759500
0.66641867 0.74026918 -0.08881700 1.68666935
0.00000000 0.00000000 0.00000000 1.00000000
1238 89.437067 0.172035
-0.22483832 0.52062905 0.82364631 -0.40577477
-0.86433691 0.28368551 -0.41526437 0.07141763
-0.44985524 -0.80527526 0.38621569 0.28982949
0.00000000 0.00000000 0.00000000 1.00000000
1239 114.048346 1.665832
0.16956869 -0.51151425 -0.84237701 -0.86496478
0.98533833 0.10433223 0.13499294 0.58593023
0.01883656 -0.85291678 0.52170599 1.55182242
0.00000000 0.00000000 0.00000000 1.00000000
1241 163.575793 1.731534
-0.54566884 -0.02872923 0.83750767 -1.21871412
-0.39921454 -0.86980575 -0.28994092 0.74022150
0.73679805 -0.49255699 0.46315780 1.18900967
0.00000000 0.00000000 0.00000000 1.00000000
1260 7.453773 0.320045
0.98514515 -0.05448310 -0.16285220 -0.70583290
0.03390203 0.99137592 -0.12658679 0.14201297
0.16834463 0.11918539 0.97849619 -0.46885419
0.00000000 0.00000000 0.00000000 1.00000000
1261 85.811358 2.148221
0.50480455 -0.11846542 0.85506678 -1.39766335
0.04989352 0.99288690 0.10810515 0.23970813
-0.86179119 -0.01190907 0.50712520 1.67933929
0.00000000 0.00000000 0.00000000 1.00000000
1300 82.127336 2.970876
-0.74475241 0.15647125 -0.64873815 0.80168837
-0.06262384 0.95144713 0.30137476 -0.37671995
0.66439611 0.26507589 -0.69879353 3.37009931
0.00000000 0.00000000 0.00000000 1.00000000
1301 28.513914 1.244617
0.31204802 0.21884902 -0.92451680 1.37145758
-0.13264339 0.97361320 0.18570007 -0.20278749
0.94076151 0.06468391 0.33284301 1.20606899
0.00000000 0.00000000 0.00000000 1.00000000
1313 117.868986 5.757081
0.53149641 -0.15822834 -0.83215022 2.70030427
0.70501393 0.62719131 0.33103800 -0.00664312
0.46953791 -0.76262355 0.44490346 1.60205984
0.00000000 0.00000000 0.00000000 1.00000000
1315 9.258606 0.515708
0.85574943 -0.02208540 0.51691753 0.07908893
0.11883262 0.98076886 -0.15482181 -0.53634214
-0.50355816 0.19391571 0.84191793 -0.15016603
0.00000000 0.00000000 0.00000000 1.00000000
1316 178.580245 1.958854
-0.91436177 -0.01953647 0.40442893 -2.05646539
-0.17464961 -0.88211036 -0.43747032 1.71170878
0.36529762 -0.47063994 0.80315435 0.89002848
0.00000000 0.00000000 0.00000000 1.00000000
1348 6.945740 2.451957
0.97955292 -0.13902450 0.14542809 -1.14903545
0.12863266 0.98857176 0.07861789 0.02684549
-0.15469621 -0.05830327 0.98624045 0.11584854
0.00000000 0.00000000 0.00000000 1.00000000
1352 9.207779 1.321039
0.97793305 -0.10957244 0.17787871 -0.61596406
0.13405839 0.98213935 -0.13202783 0.47514296
-0.16023497 0.15296054 0.97515547 -0.09241772
0.00000000 0.00000000 0.00000000 1.00000000
1380 0.755370 0.843055
0.87987971 0.16166241 -0.44685215 -0.80563486
-0.15518987 0.98654979 0.05133607 0.49767542
0.44914073 0.02417725 0.89313364 -1.15870523
0.00000000 0.00000000 0.00000000 1.00000000
1393 2.365627 1.057354
0.50837219 -0.31874493 0.79997444 -2.79644346
0.21168986 0.94672501 0.24269187 -0.29002675
-0.83471245 0.04596809 0.54876387 1.33005619
0.00000000 0.00000000 0.00000000 1.00000000
1397 161.959920 6.077881
0.00742507 0.46339792 -0.88611996 2.33260369
-0.40640166 0.81105906 0.42073956 -1.49064088
0.91366518 0.35699633 0.19434676 3.25207591
0.00000000 0.00000000 0.00000000 1.00000000
1398 6.758943 0.360419
-0.31838089 -0.34894860 0.88140112 -3.47305369
0.34063756 0.82556915 0.44989014 -0.59006441
-0.88464677 0.44347507 -0.14398038 2.34625578
0.00000000 0.00000000 0.00000000 1.00000000
1430 178.926075 2.923694
-0.70944822 -0.33295959 0.62114549 -0.85588706
-0.31886306 -0.63434327 -0.70422709 2.47300148
0.62849802 -0.69767308 0.34386468 1.47118998
0.00000000 0.00000000 0.00000000 1.00000000
1431 2.862933 0.798186
0.67092139 0.37522328 -0.63958710 0.47826660
-0.22443892 0.92482406 0.30712795 -0.22178245
0.70674741 -0.06251042 0.70469880 0.54520118
0.00000000 0.00000000 0.00000000 1.00000000
1436 157.180252 3.194710
-0.97950888 0.16936716 -0.10897699 -0.58233166
-0.02529982 0.43333584 0.90087670 -2.70186949
0.19980285 0.88517433 -0.42017084 3.19026136
0.00000000 0.00000000 0.00000000 1.00000000
1438 133.604850 7.170598
-0.04613074 0.82445532 0.56404471 -2.65077424
0.92790109 -0.17375250 0.32986179 -2.32124877
0.36996055 0.53859508 -0.75699776 5.03343487
0.00000000 0.00000000 0.00000000 1.00000000
1443 90.814206 2.674941
0.69960755 0.40204406 -0.59068692 1.38422489
-0.17835242 0.89877218 0.40049839 -0.44116938
0.69191116 -0.17484066 0.70049310 0.39432287
0.00000000 0.00000000 0.00000000 1.00000000
1444 127.030838 3.950958
0.12550417 0.38509196 -0.91430467 1.95861900
-0.21755317 0.90984362 0.35334969 -0.92926675
0.96794617 0.15456304 0.19796704 2.04836154
0.00000000 0.00000000 0.00000000 1.00000000
1445 178.685524 3.224536
-0.84294379 -0.20330733 0.49810889 -0.90010357
-0.25344738 -0.66661608 -0.70099068 2.31662726
0.47456396 -0.71713984 0.51039177 1.76919508
0.00000000 0.00000000 0.00000000 1.00000000
1446 107.382582 2.458314
0.17778316 0.38910168 -0.90387672 2.35102153
-0.85466075 0.51635212 0.05417674 -0.68375671
0.48779881 0.76287639 0.42434877 0.48952758
0.00000000 0.00000000 0.00000000 1.00000000
1447 4.739707 0.354099
0.95519018 -0.10579522 0.27644044 -0.28633261
0.08918554 0.99340796 0.07201806 0.24298239
-0.28223729 -0.04413629 0.95832884 0.01253486
0.00000000 0.00000000 0.00000000 1.00000000
1451 7.673733 0.815623
0.84890854 -0.17721625 0.49794662 0.49978659
0.16532394 0.98387128 0.06830734 0.15058444
-0.50202084 0.02433579 0.86451358 -0.07071996
0.00000000 0.00000000 0.00000000 1.00000000
1452 8.152011 0.711864
0.78272551 -0.04368926 0.62083066 0.58061022
-0.14177381 0.95878959 0.24621665 -0.06822330
-0.60600269 -0.28073776 0.74427581 -0.03525448
0.00000000 0.00000000 0.00000000 1.00000000
1453 2.947031 0.818501
0.73716736 -0.25521469 0.62565988 -0.23336935
0.18635076 0.96680689 0.17480968 -0.19375812
-0.64950562 -0.01227154 0.76025778 0.92920613
0.00000000 0.00000000 0.00000000 1.00000000
1454 87.901495 0.307821
0.51570261 0.41613841 -0.74891853 0.52503318
-0.45485845 0.87374067 0.17228201 -0.30730224
0.72605389 0.25180557 0.63987440 0.32438266
0.00000000 0.00000000 0.00000000 1.00000000
1461 177.350148 2.867507
-0.87450916 0.24109671 -0.42084011 -0.06030071
0.23690753 -0.54479808 -0.80440712 2.15231991
-0.42321268 -0.80316156 0.41931278 0.59741139
0.00000000 0.00000000 0.00000000 1.00000000
1477 6.302043 0.363528
0.92255509 0.16723976 -0.34774166 -0.01571070
-0.19501945 0.97971004 -0.04620916 -0.01224238
0.33295825 0.11044624 0.93645114 -1.09809995
0.00000000 0.00000000 0.00000000 1.00000000
1496 171.616225 4.587216
0.05918711 0.60605031 -0.79322070 2.45937634
-0.53897774 0.68823838 0.48562336 -1.52291763
0.84023726 0.39878583 0.36738315 2.11980391
0.00000000 0.00000000 0.00000000 1.00000000
1505 9.013408 0.417764
0.97681040 0.07669296 -0.19989979 -0.49426055
-0.08065680 0.99667275 -0.01174867 0.30710435
0.19833355 0.02759939 0.97974586 -0.64265776
0.00000000 0.00000000 0.00000000 1.00000000
1523 24.773891 1.040681
0.96662951 0.11966491 0.22651227 -0.60533071
-0.08455458 0.98367739 -0.15883681 0.13418594
-0.24182226 0.13438365 0.96096981 -0.59313941
0.00000000 0.00000000 0.00000000 1.00000000
1524 9.505597 1.232990
0.96418405 0.24229631 0.10789451 -0.19642067
-0.23537213 0.96915668 -0.07304379 0.40804794
-0.12226492 0.04503231 0.99147534 -1.62941051
0.00000000 0.00000000 0.00000000 1.00000000
1525 14.374035 0.472639
0.90594709 0.38561434 -0.17481712 -1.01957238
-0.37288138 0.92225933 0.10196753 -0.12517558
0.20054673 -0.02719122 0.97930676 -0.18782544
0.00000000 0.00000000 0.00000000 1.00000000
1546 12.131705 0.613441
-0.60822326 -0.00689545 0.79373652 -1.80383408
0.06277409 0.99641275 0.05675897 -0.28628755
-0.79128015 0.08434806 -0.60560811 3.96855521
0.00000000 0.00000000 0.00000000 1.00000000
1547 9.959294 0.874262
-0.59978402 0.25427288 0.75868535 -2.24870110
0.16361585 0.96710432 -0.19477630 0.35179773
-0.78325498 0.00730923 -0.62165642 3.66731834
0.00000000 0.00000000 0.00000000 1.00000000
1549 9.984656 0.538452
0.96943188 -0.05848762 0.23828751 -0.98724657
0.11149210 0.97012460 -0.21547098 0.01109214
-0.21856627 0.23545168 0.94699061 -0.10699415
0.00000000 0.00000000 0.00000000 1.00000000
1550 6.909214 0.394643
0.97629499 -0.03375545 0.21379590 -1.29540634
0.07381988 0.98046923 -0.18229441 0.07819524
-0.20346701 0.19375537 0.95971900 -0.61611819
0.00000000 0.00000000 0.00000000 1.00000000
1551 174.976501 7.031671
-0.44318852 -0.06417390 -0.89412844 1.02642667
-0.08065602 0.99624336 -0.03152437 -0.30595511
0.89279222 0.05814547 -0.44669962 4.84466028
0.00000000 0.00000000 0.00000000 1.00000000
1553 88.585437 3.865930
0.94450766 -0.00324404 0.32847527 0.09400457
0.02195147 0.99833971 -0.05326017 0.04780519
-0.32775697 0.05751543 0.94300985 0.23675370
0.00000000 0.00000000 0.00000000 1.00000000
1561 17.547266 0.687409
0.99081618 0.04184457 -0.12857622 0.15870596
-0.04730824 0.99808925 -0.03973628 -0.04880804
0.12666765 0.04545417 0.99090332 -0.33113217
0.00000000 0.00000000 0.00000000 1.00000000
1571 179.859420 5.574622
-0.71132898 0.21209490 -0.67009544 1.66224813
0.01364081 0.95737070 0.28854150 -0.91181642
0.70272768 0.19610718 -0.68389869 5.55593729
0.00000000 0.00000000 0.00000000 1.00000000
1578 12.190099 0.429325
0.98321265 0.00426337 0.18241639 -0.00576448
0.02044761 0.99085593 -0.13336876 0.04280227
-0.18131696 0.13485961 0.97413403 -0.35184002
0.00000000 0.00000000 0.00000000 1.00000000
1579 10.313625 0.383069
0.99402440 0.01131925 0.10856928 -0.07814109
-0.01095846 0.99993324 -0.00391325 0.05533397
-0.10860634 0.00269952 0.99408114 -0.35380435
0.00000000 0.00000000 0.00000000 1.00000000
1580 32.005633 1.208774
0.99667221 0.03055407 -0.07557048 0.16790533
-0.03153740 0.99943221 -0.01184911 0.06729066
0.07516567 0.01419276 0.99707001 -0.14204979
0.00000000 0.00000000 0.00000000 1.00000000
1582 27.508921 0.759001
0.99563760 0.01825978 -0.09149837 0.21743615
-0.02000846 0.99963260 -0.01823187 0.04627225
0.09113168 0.01998334 0.99563825 -0.04660749
0.00000000 0.00000000 0.00000000 1.00000000
1584 179.146596 5.124653
0.66732627 -0.26921213 0.69440687 -1.64609540
-0.22273400 -0.96185118 -0.15884863 1.45629287
0.71067977 -0.04866433 -0.70183086 4.17538023
0.00000000 0.00000000 0.00000000 1.00000000
1586 171.104403 7.245256
-0.90337950 0.07959361 0.42139202 -1.54899955
0.11257981 0.99217731 0.05394319 -0.75969732
-0.41380203 0.09617128 -0.90527332 6.68589306
0.00000000 0.00000000 0.00000000 1.00000000
1622 14.458725 0.562616
0.99603027 0.02693349 0.08484825 -0.19853987
-0.02088433 0.99723041 -0.07139307 -0.02235901
-0.08653619 0.06933723 0.99383312 -0.22155190
0.00000000 0.00000000 0.00000000 1.00000000
