8 91.116004 1.607463
-0.63902938 -0.37705627 0.67042458 -2.01628304
0.31113213 0.67040801 0.67360926 -0.87421978
-0.70344675 0.63904715 -0.31109604 2.30552602
0.00000000 0.00000000 0.00000000 1.00000000
28 79.070503 1.238074
-0.41369146 -0.40600362 0.81487578 -2.01501489
0.32118434 0.77242357 0.54790938 -0.64746892
-0.85188043 0.48839039 -0.18914339 2.17690563
0.00000000 0.00000000 0.00000000 1.00000000
93 85.021425 1.253440
0.92769402 0.33198437 0.17079596 -1.15285146
-0.34645337 0.93598521 0.06247282 0.49004081
-0.13912198 -0.11712870 0.98332477 -0.46299517
0.00000000 0.00000000 0.00000000 1.00000000
106 87.223326 2.601774
-0.93877327 0.09906075 0.32998857 -0.26488981
0.33759409 0.45577970 0.82358754 -1.41829038
-0.06881724 0.88456404 -0.46131605 3.07710457
0.00000000 0.00000000 0.00000000 1.00000000
119 120.152566 1.667349
-0.29596847 -0.89198458 0.34170794 0.32729030
0.85399830 -0.40735143 -0.32364979 -0.28325793
0.42788514 0.19602835 0.88231874 0.85366273
0.00000000 0.00000000 0.00000000 1.00000000
122 93.515469 0.971319
0.99410182 -0.06390072 0.08763140 -0.18812110
0.05718554 0.99538100 0.07711551 -0.41778618
-0.09215432 -0.07164975 0.99316424 1.33980691
0.00000000 0.00000000 0.00000000 1.00000000
197 85.068497 1.945951
-0.29535234 -0.43951219 0.84829068 -2.11507130
0.28220242 0.80814898 0.51696914 -1.05812323
-0.91275954 0.39207733 -0.11465681 3.20722818
0.00000000 0.00000000 0.00000000 1.00000000
299 13.331378 2.632140
0.78824109 -0.56425661 0.24554209 -2.27635813
0.59154844 0.80473590 -0.04970675 0.19503334
-0.16954924 0.18443091 0.96811080 -0.72513080
0.00000000 0.00000000 0.00000000 1.00000000
375 173.394358 2.902305
0.89568835 -0.01292214 0.44449496 0.25278145
-0.10584591 -0.97704411 0.18488267 -0.52563071
0.43190217 -0.21264511 -0.87649441 2.99172282
0.00000000 0.00000000 0.00000000 1.00000000
408 105.573071 2.376929
-0.62982774 0.19658452 -0.75144684 1.66971195
-0.38537386 0.76088387 0.52205628 -0.59809232
0.67439216 0.61839277 -0.40346724 0.98731077
0.00000000 0.00000000 0.00000000 1.00000000
512 4.604195 0.442908
0.11444823 0.19675890 -0.97374970 3.43447447
-0.40350178 0.90490186 0.13542177 -0.71784490
0.90779328 0.37741131 0.18295711 2.11383772
0.00000000 0.00000000 0.00000000 1.00000000
579 178.191869 5.078704
-0.99668950 -0.08095232 0.00747443 -0.77745235
0.07045291 -0.90596503 -0.41744962 2.53200293
0.04056506 -0.41554117 0.90866947 0.68656683
0.00000000 0.00000000 0.00000000 1.00000000
594 10.482857 0.545155
0.82671839 0.32676238 -0.45799950 2.01619840
-0.26697758 0.94440722 0.19188192 -0.69512105
0.49523771 -0.03635681 0.86799645 0.68047631
0.00000000 0.00000000 0.00000000 1.00000000
611 109.454780 1.050583
0.26008621 -0.40890780 0.87472814 -1.12225795
0.26050067 0.90202928 0.34421408 -0.32277751
-0.92978197 0.13834168 0.34112599 0.94618475
0.00000000 0.00000000 0.00000000 1.00000000
632 31.711357 1.443183
0.25643945 -0.12413730 0.95855528 -1.30883336
0.20591184 0.97596818 0.07130636 -0.17824256
-0.94437188 0.17909215 0.27583858 1.09685802
0.00000000 0.00000000 0.00000000 1.00000000
665 87.680592 2.082453
0.99678862 0.02410502 0.07636210 -0.22645636
-0.04484630 0.95808136 0.28296456 0.12766290
-0.06634025 -0.28548038 0.95608604 0.60366464
0.00000000 0.00000000 0.00000000 1.00000000
670 179.610835 3.183682
-0.33221874 0.03016278 0.94271952 -2.11529446
0.02581197 -0.99882305 0.04105426 0.36125591
0.94284832 0.03797235 0.33104920 1.95424891
0.00000000 0.00000000 0.00000000 1.00000000
671 109.451696 2.058301
0.30899224 0.89451748 0.32304993 0.50233376
-0.30457205 -0.22871381 0.92462170 -1.27304852
0.90097505 -0.38409346 0.20177430 1.86341023
0.00000000 0.00000000 0.00000000 1.00000000
717 120.308999 0.327630
-0.51220280 -0.76737624 -0.38572195 0.08978993
0.85471112 -0.41131774 -0.31667992 0.00790685
0.08435854 -0.49188554 0.86656320 -0.00875103
0.00000000 0.00000000 0.00000000 1.00000000
724 127.684007 1.810441
-0.65542483 -0.67900455 0.33070964 -0.39863592
-0.40768230 0.68667728 0.60188746 -1.56957865
-0.63577598 0.25966775 -0.72688472 2.96995807
0.00000000 0.00000000 0.00000000 1.00000000
726 142.208842 0.935689
-0.94783705 -0.18370895 0.26049185 0.04489732
0.26735157 -0.01316801 0.96350992 -0.20089406
-0.17357481 0.98289293 0.06159690 2.67106938
0.00000000 0.00000000 0.00000000 1.00000000
727 118.960452 1.272235
0.81609708 -0.36705843 0.44638056 0.36808401
0.50467992 0.07631522 -0.85992861 0.93436432
0.28157830 0.92706311 0.24752584 2.98907542
0.00000000 0.00000000 0.00000000 1.00000000
728 127.793500 0.263742
-0.63999641 -0.76131976 -0.10390542 0.12164281
0.47518104 -0.49841908 0.72510731 -0.05968571
-0.60382754 0.41469193 0.68075091 2.74804211
0.00000000 0.00000000 0.00000000 1.00000000
736 35.292970 0.491727
0.94004607 -0.25756657 0.22354378 -0.13167703
0.12542394 0.87062144 0.47569659 -1.45569277
-0.31714541 -0.41913873 0.85072958 1.74319625
0.00000000 0.00000000 0.00000000 1.00000000
739 162.547731 1.087871
-0.13716933 0.50058872 -0.85474873 -0.12047625
0.24144527 -0.81998187 -0.51897407 0.50453424
-0.96067059 -0.27756232 -0.00838816 1.94750810
0.00000000 0.00000000 0.00000000 1.00000000
740 162.801930 0.711711
-0.40400556 0.91431600 -0.02837968 0.03353640
-0.10081056 -0.07533765 -0.99204892 0.69554144
-0.90918452 -0.39793247 0.12260944 2.94104719
0.00000000 0.00000000 0.00000000 1.00000000
752 150.309572 5.122508
-0.65291536 0.06905618 0.75427622 -0.92270076
0.56956875 0.70120931 0.42883110 -1.95427406
-0.49929261 0.70960259 -0.49716249 3.52264595
0.00000000 0.00000000 0.00000000 1.00000000
753 50.438762 2.138730
0.97779262 0.20934245 -0.00990576 0.08177531
-0.20877692 0.97709870 0.04112217 -0.44266781
0.01828758 -0.03814122 0.99910516 -0.53377104
0.00000000 0.00000000 0.00000000 1.00000000
754 65.116312 2.955728
0.97529423 -0.21886113 0.03003651 -0.55676711
0.15860452 0.78835833 0.59442049 -1.69339538
-0.15377481 -0.57497078 0.80359411 1.20681930
0.00000000 0.00000000 0.00000000 1.00000000
755 77.107036 3.649082
0.55754584 0.00682539 0.83011866 -1.49060917
0.09287921 0.99317527 -0.07054859 0.61939210
-0.82493460 0.11643524 0.55310637 1.55181062
0.00000000 0.00000000 0.00000000 1.00000000
756 177.323030 5.345974
-0.87538826 0.31133795 0.36981496 0.20718724
0.47074041 0.72304881 0.50557280 -2.18806577
-0.10999015 0.61665964 -0.77950811 4.37175083
0.00000000 0.00000000 0.00000000 1.00000000
757 178.632981 5.868258
0.02152860 -0.11193294 0.99348265 -2.65021992
-0.84602427 -0.53152364 -0.04155196 0.42745823
0.53270972 -0.83961624 -0.10614073 3.47158575
0.00000000 0.00000000 0.00000000 1.00000000
758 100.533592 4.908283
-0.56361163 0.31621358 -0.76311946 3.75228405
-0.40846220 0.69629395 0.59019822 -3.19114590
0.71798360 0.64434832 -0.26327780 2.36692572
0.00000000 0.00000000 0.00000000 1.00000000
759 44.706371 2.256613
0.68967801 0.07886992 -0.71980822 1.45990801
0.31643656 0.86128581 0.39756209 -2.66925335
0.65131640 -0.50196314 0.56905222 0.90189290
0.00000000 0.00000000 0.00000000 1.00000000
774 1.188280 0.524455
0.99718177 0.05827127 -0.04727426 0.86572850
-0.07037607 0.94484568 -0.31986490 0.24693950
0.02602804 0.32229027 0.94628388 -0.89165807
0.00000000 0.00000000 0.00000000 1.00000000
777 6.702181 1.069533
0.79048336 0.10955195 -0.60260731 1.22789454
-0.21603298 0.97051090 -0.10695010 0.11743042
0.57312018 0.21472514 0.79083973 -0.67411470
0.00000000 0.00000000 0.00000000 1.00000000
779 1.219809 0.409697
0.92285991 0.23882507 -0.30214554 0.52885950
-0.20833424 0.96939158 0.12991042 0.15996681
0.32392311 -0.05694190 0.94436812 -0.39767027
0.00000000 0.00000000 0.00000000 1.00000000
780 17.674185 0.747656
0.79259062 0.07443907 -0.60519350 1.00517011
-0.12583406 0.99112415 -0.04288986 0.47791860
0.59662879 0.11014768 0.79492283 -0.61363244
0.00000000 0.00000000 0.00000000 1.00000000
781 179.446269 3.434421
-0.97671980 -0.11078779 0.18369535 -1.02053499
0.09055082 0.56336319 0.82123208 -1.58622050
-0.19446981 0.81874758 -0.54021609 2.13108850
0.00000000 0.00000000 0.00000000 1.00000000
816 9.773704 0.553323
0.75265884 0.23212038 -0.61613709 0.60371178
-0.19372767 0.97244382 0.12970027 -0.11537713
0.62926489 0.02174278 0.77688652 -0.18778849
0.00000000 0.00000000 0.00000000 1.00000000
858 2.375864 0.613880
0.99536663 0.09512643 0.01399726 1.20799899
-0.09251340 0.98717076 -0.13013704 0.18598238
-0.02619712 0.12823915 0.99139738 0.13906431
0.00000000 0.00000000 0.00000000 1.00000000
859 5.016806 0.719149
0.90907705 0.20309165 -0.36377570 1.14280343
-0.21649501 0.97627544 0.00402098 0.20523405
0.35596189 0.07510024 0.93147790 0.06992161
0.00000000 0.00000000 0.00000000 1.00000000
864 79.009246 1.138079
0.59277403 -0.53525239 0.60176826 -0.80428642
0.80030131 0.47517195 -0.36569077 0.97490352
-0.09020673 0.69836736 0.71003217 0.38419223
0.00000000 0.00000000 0.00000000 1.00000000
865 90.473469 2.418426
-0.20278569 0.94057453 0.27239287 -0.94343781
-0.73362768 -0.33017725 0.59394723 -1.02680707
0.64858925 -0.07939121 0.75698692 1.49173844
0.00000000 0.00000000 0.00000000 1.00000000
866 1.947625 0.380341
0.90769172 0.23087725 -0.35041639 1.58872294
-0.15999916 0.96237403 0.21962534 0.09491915
0.38793859 -0.14328554 0.91047925 1.01453757
0.00000000 0.00000000 0.00000000 1.00000000
869 180.000000 3.109237
-0.38792014 -0.18610993 0.90270782 -1.45944929
0.57619333 0.71546280 0.39511344 -0.78748530
-0.71938843 0.67340648 -0.17030704 1.76886344
0.00000000 0.00000000 0.00000000 1.00000000
893 4.175795 3.715954
0.98919338 0.06371221 0.13204134 -2.21969104
-0.08107179 0.98811841 0.13056937 -0.24266334
-0.12215374 -0.13986324 0.98260713 0.34613562
0.00000000 0.00000000 0.00000000 1.00000000
950 22.484275 2.608806
0.66855335 0.02315796 0.74330217 -3.09233475
0.05731105 0.99493861 -0.08254485 -0.24693042
-0.74145138 0.09778500 0.66384292 1.68551254
0.00000000 0.00000000 0.00000000 1.00000000
984 86.560882 0.546941
0.84414876 -0.24980427 0.47435275 -0.60518563
0.34836611 0.92813569 -0.13116902 0.14582059
-0.40749753 0.27597439 0.87050813 -0.18872285
0.00000000 0.00000000 0.00000000 1.00000000
991 44.238686 0.601227
0.01234937 -0.63252389 0.77444261 -1.51309776
0.28024212 0.74565148 0.60453987 -1.01172352
-0.95984942 0.20956540 0.18646839 2.99538445
0.00000000 0.00000000 0.00000000 1.00000000
992 109.159258 0.808092
-0.97437221 -0.00975920 0.22473064 0.44097969
0.22282112 0.09500538 0.97021908 -1.23649406
-0.03081907 0.99542880 -0.09039614 2.72399020
0.00000000 0.00000000 0.00000000 1.00000000
993 111.845390 1.039265
-0.99447083 -0.05637972 0.08859525 0.47780630
0.05006639 0.48705274 0.87193608 -0.71783137
-0.09230989 0.87155044 -0.48153675 3.49138451
0.00000000 0.00000000 0.00000000 1.00000000
994 79.085191 2.683776
0.71541154 0.56134796 -0.41601866 -0.40141258
-0.21249112 0.74201709 0.63581312 -0.05352771
0.66560572 -0.36646846 0.65013033 0.58267105
0.00000000 0.00000000 0.00000000 1.00000000
999 45.894956 1.360980
0.57487887 -0.54055715 0.61425757 -1.40948045
0.22866480 0.82693177 0.51370829 0.01162171
-0.78563780 -0.15486096 0.59899193 0.63939667
0.00000000 0.00000000 0.00000000 1.00000000
1115 15.877068 0.976582
-0.96753138 0.16673361 0.18995565 -0.06823727
0.24372903 0.41646105 0.87587476 -2.27163458
0.06692857 0.89373374 -0.44357723 3.07072258
0.00000000 0.00000000 0.00000000 1.00000000
1116 179.196553 4.283121
-0.82299936 -0.26314992 0.50341213 -0.65238857
-0.26219478 -0.61018753 -0.74761266 1.84441364
0.50391001 -0.74727696 0.43318787 0.49969894
0.00000000 0.00000000 0.00000000 1.00000000
1117 80.033979 2.600707
-0.42123240 0.62784308 -0.65450394 1.88374305
-0.45334160 0.47927380 0.75151694 -2.15102816
0.78552151 0.61327755 0.08274207 1.63755345
0.00000000 0.00000000 0.00000000 1.00000000
1185 79.411137 0.805543
-0.03355414 0.99681187 -0.07238841 -0.66000068
-0.97680742 -0.01738312 0.21341327 0.21468008
0.21147469 0.07787013 0.97427648 -0.16447568
0.00000000 0.00000000 0.00000000 1.00000000
1190 85.135092 1.254397
0.69546479 -0.02103974 -0.71825159 0.93285966
-0.20779647 0.95097435 -0.22906113 0.19867712
0.68785757 0.30855456 0.65699750 0.29459786
0.00000000 0.00000000 0.00000000 1.00000000
1191 9.225136 0.807319
0.88671881 -0.45041689 0.10419106 -0.03357481
0.35494721 0.80768102 0.47081420 -0.71482497
-0.29621559 -0.38049638 0.87605900 -0.09092796
0.00000000 0.00000000 0.00000000 1.00000000
1195 13.705038 0.470439
0.61743629 0.44989914 -0.64526236 0.35892764
0.00624767 0.81746578 0.57594317 -0.03646874
0.78659588 -0.35963976 0.50192237 0.71018088
0.00000000 0.00000000 0.00000000 1.00000000
1235 178.972066 3.016639
-0.03422084 0.85174334 -0.52284014 1.12997925
-0.55142307 0.42021936 0.72065794 -1.70853531
0.83352298 0.31296790 0.45529124 1.77878022
0.00000000 0.00000000 0.00000000 1.00000000
1237 179.741312 2.689947
-0.65066117 0.49826691 -0.57303631 0.73402929
-0.38678837 0.43193150 0.81475818 -1.81099415
0.65347958 0.75177497 -0.08831826 1.69535422
0.00000000 0.00000000 0.00000000 1.00000000
1238 179.225319 2.691416
-0.51228797 0.43234190 -0.74205214 1.21113622
-0.04979401 0.84763712 0.52823532 -0.28090969
0.85736883 0.30755872 -0.41270649 2.40957069
0.00000000 0.00000000 0.00000000 1.00000000
1239 114.149051 1.661882
0.17549962 -0.50408649 -0.84563470 -0.85300529
0.98429495 0.10651062 0.14078496 0.58232892
0.01910108 -0.85706055 0.51486290 1.55421698
0.00000000 0.00000000 0.00000000 1.00000000
1241 179.281267 1.438314
-0.83153415 -0.15713643 0.53278381 -0.99281234
-0.06308033 -0.92623502 -0.37163052 0.98933882
0.55187988 -0.34263158 0.76028407 0.70567304
0.00000000 0.00000000 0.00000000 1.00000000
1260 7.470077 0.320444
0.98510462 -0.05417183 -0.16319761 -0.70543265
0.03355772 0.99139631 -0.12651795 0.14218074
0.16864744 0.11915651 0.97844720 -0.46918750
0.00000000 0.00000000 0.00000000 1.00000000
1261 85.558841 2.140043
0.50797594 -0.11485907 0.85367894 -1.39189327
0.04470500 0.99324942 0.10703629 0.24102521
-0.86021012 -0.01620820 0.50968170 1.67290545
0.00000000 0.00000000 0.00000000 1.00000000
1301 178.790987 1.898667
-0.80644774 0.13424005 -0.57586634 1.28943729
0.07051077 -0.94510841 -0.31905746 1.36894059
-0.58708626 -0.29790771 0.75271571 1.29297018
0.00000000 0.00000000 0.00000000 1.00000000
1313 61.940666 2.783733
0.98683333 -0.15940332 -0.02740255 -0.54682529
0.16091417 0.95047915 0.26588768 -1.37701774
-0.01633745 -0.26679605 0.96361494 -1.42983067
0.00000000 0.00000000 0.00000000 1.00000000
1315 8.858583 0.483804
0.86075532 -0.01575631 0.50877571 0.10420376
0.11732882 0.97874767 -0.16818869 -0.49418318
-0.49531305 0.20446354 0.84431052 -0.16638160
0.00000000 0.00000000 0.00000000 1.00000000
1316 178.580245 1.958854
-0.91436177 -0.01953647 0.40442893 -2.05646539
-0.17464961 -0.88211036 -0.43747032 1.71170878
0.36529762 -0.47063994 0.80315435 0.89002848
0.00000000 0.00000000 0.00000000 1.00000000
1348 5.899868 2.376995
0.98365295 -0.13046509 0.12412710 -1.08044791
0.12273715 0.99010485 0.06802371 0.06364366
-0.13177386 -0.05167683 0.98993200 0.08928561
0.00000000 0.00000000 0.00000000 1.00000000
1352 10.958530 1.278283
0.98561251 -0.08293927 0.14726979 -0.51964635
0.10888950 0.97799450 -0.17796424 0.63998640
-0.12926847 0.19144002 0.97295487 -0.12832046
0.00000000 0.00000000 0.00000000 1.00000000
1380 0.621181 0.858797
0.88108194 0.16831000 -0.44200292 -0.82044631
-0.16247743 0.98537588 0.05134047 0.50587749
0.44418028 0.02658044 0.89554322 -1.15906167
0.00000000 0.00000000 0.00000000 1.00000000
1393 5.786485 1.900588
0.43939927 -0.30402738 0.84527838 -2.25240445
0.19465718 0.95085138 0.24081123 -0.06182194
-0.87694746 0.05872740 0.47698462 0.72014177
0.00000000 0.00000000 0.00000000 1.00000000
1397 6.301296 0.943249
-0.39892188 -0.31230026 0.86216587 -3.04910970
0.46578604 0.74087811 0.48388427 -0.67936766
-0.78987730 0.59461629 -0.15008767 2.30377674
0.00000000 0.00000000 0.00000000 1.00000000
1398 5.928239 0.324091
-0.30459991 -0.35201237 0.88504565 -3.46938515
0.34782216 0.82392138 0.44740772 -0.57921374
-0.88670027 0.44411886 -0.12852854 2.30889368
0.00000000 0.00000000 0.00000000 1.00000000
1415 3.960223 0.310187
0.66606903 0.33573133 -0.66606057 2.05526924
-0.16479389 0.93714428 0.30757624 -0.19815378
0.72745800 -0.09510438 0.67952937 0.22852230
0.00000000 0.00000000 0.00000000 1.00000000
1430 168.715977 3.955199
-0.68061137 -0.19743878 0.70553976 -1.08296263
-0.12398318 0.98015344 0.15468478 -0.22835994
-0.72207850 0.01780507 -0.69158280 4.03398800
0.00000000 0.00000000 0.00000000 1.00000000
1431 3.181493 0.764074
0.66626430 0.38590711 -0.63809657 0.43900615
-0.22741362 0.92007053 0.31898630 -0.24063587
0.71019292 -0.06741750 0.70077062 0.54507768
0.00000000 0.00000000 0.00000000 1.00000000
1436 172.131563 3.321530
-0.99312359 0.02555183 0.11425207 -1.14762032
0.11607404 0.34222561 0.93242115 -2.72239041
-0.01527435 0.93927091 -0.34283757 2.92738485
0.00000000 0.00000000 0.00000000 1.00000000
1438 121.296917 6.286829
-0.16330199 0.49548516 0.85312772 -3.39613676
0.89706767 -0.28532827 0.33742756 -2.28434348
0.41061181 0.82041585 -0.39788935 3.73635101
0.00000000 0.00000000 0.00000000 1.00000000
1443 144.116418 5.210527
-0.12920681 0.38999319 -0.91170633 2.87937737
0.01343932 0.92001867 0.39164358 -0.56980956
0.99152648 0.03834990 -0.12411234 2.75082302
0.00000000 0.00000000 0.00000000 1.00000000
1444 12.544056 2.268869
0.84617907 -0.10230134 0.52298564 -2.29316378
0.16779837 0.98262846 -0.07928278 0.08568573
-0.50578916 0.15484369 0.84864599 0.81382823
0.00000000 0.00000000 0.00000000 1.00000000
1445 49.136046 1.376693
0.91995966 0.35864088 -0.15827420 1.19437480
-0.38858286 0.88757235 -0.24742401 -0.27166480
0.05174375 0.28912270 0.95589244 -0.40475035
0.00000000 0.00000000 0.00000000 1.00000000
1446 107.382582 2.458314
0.17778316 0.38910168 -0.90387672 2.35102153
-0.85466075 0.51635212 0.05417674 -0.68375671
0.48779881 0.76287639 0.42434877 0.48952758
0.00000000 0.00000000 0.00000000 1.00000000
1447 4.545450 0.335635
0.95777994 -0.10195996 0.26881564 -0.25977886
0.08613467 0.99381822 0.07005516 0.25090146
-0.27429640 -0.04394260 0.96064097 -0.00050855
0.00000000 0.00000000 0.00000000 1.00000000
1451 13.018979 0.792611
0.83078098 -0.27630693 0.48317346 0.44721892
0.28238237 0.95730215 0.06190585 0.25789610
-0.47964776 0.08500948 0.87333333 -0.02475834
0.00000000 0.00000000 0.00000000 1.00000000
1452 19.996146 1.268469
0.92360049 -0.05827495 0.37890297 1.20426989
-0.04605601 0.96435338 0.26058084 0.00064015
-0.38058180 -0.25812337 0.88799238 -0.10877395
0.00000000 0.00000000 0.00000000 1.00000000
1453 1.503501 0.711537
0.75246543 -0.24371131 0.61188281 -0.14665353
0.16762857 0.96929234 0.17992449 -0.20619415
-0.63694298 -0.03281784 0.77021194 0.86350429
0.00000000 0.00000000 0.00000000 1.00000000
1454 85.159193 0.629468
0.56799376 0.40228632 -0.71801823 0.25109649
-0.36170104 0.90565157 0.22128589 -0.28063345
0.73929471 0.13401966 0.65991247 0.10584438
0.00000000 0.00000000 0.00000000 1.00000000
1461 148.945731 4.882970
-0.86103237 0.23977505 -0.44847661 0.04114068
-0.07133168 0.81621218 0.57333189 -2.70333743
0.50352228 0.52564782 -0.68568158 4.66105843
0.00000000 0.00000000 0.00000000 1.00000000
1477 6.454579 0.370596
0.92242205 0.16880234 -0.34733838 -0.01563163
-0.19567245 0.97970331 -0.04352096 -0.02003479
0.33294189 0.10810894 0.93672985 -1.09772635
0.00000000 0.00000000 0.00000000 1.00000000
1504 5.880233 0.302636
0.99923682 -0.03284774 0.02110111 -0.75704181
0.03624985 0.98130369 -0.18901876 0.59994048
-0.01449766 0.18963826 0.98174638 -1.16133165
0.00000000 0.00000000 0.00000000 1.00000000
1505 45.894290 2.248083
0.73920029 -0.10131976 0.66582012 -2.32724428
0.17954251 0.98248762 -0.04982218 0.02972943
-0.64911222 0.15637209 0.74444658 1.02830517
0.00000000 0.00000000 0.00000000 1.00000000
1523 24.038405 1.023237
0.96541142 0.11021522 0.23629472 -0.62282807
-0.07247654 0.98398650 -0.16284819 0.14391536
-0.25045872 0.14008966 0.95793802 -0.58769274
0.00000000 0.00000000 0.00000000 1.00000000
1524 26.033306 1.085051
0.87704337 0.42064571 0.23205823 -0.41742957
-0.45148808 0.88677603 0.09892396 0.10587187
-0.16417158 -0.19153222 0.96765763 -1.57465839
0.00000000 0.00000000 0.00000000 1.00000000
1525 15.081805 0.489240
0.90200877 0.39052254 -0.18404351 -0.98023421
-0.37625915 0.92015153 0.10840242 -0.14274172
0.21168128 -0.02853204 0.97692251 -0.19468331
0.00000000 0.00000000 0.00000000 1.00000000
1546 12.131705 0.613441
-0.60822326 -0.00689545 0.79373652 -1.80383408
0.06277409 0.99641275 0.05675897 -0.28628755
-0.79128015 0.08434806 -0.60560811 3.96855521
0.00000000 0.00000000 0.00000000 1.00000000
1547 25.935217 1.756464
-0.75836462 0.39970982 0.51489395 -1.87088764
0.26742837 0.91116869 -0.31345338 0.86566210
-0.59444582 -0.10001436 -0.79789191 4.53226137
0.00000000 0.00000000 0.00000000 1.00000000
1549 9.339761 0.499775
0.96635234 -0.05798468 0.25060254 -1.02693105
0.11303884 0.97087443 -0.21124828 -0.00259580
-0.23105453 0.23246816 0.94476038 -0.09835839
0.00000000 0.00000000 0.00000000 1.00000000
1550 8.998835 0.518667
0.98249292 -0.04384097 0.18106785 -1.17680502
0.07525155 0.98249090 -0.17043656 0.03845793
-0.17042552 0.18107836 0.96858960 -0.62454700
0.00000000 0.00000000 0.00000000 1.00000000
1551 117.715500 4.054355
-0.05719674 0.93756551 -0.34307557 0.61059433
-0.99830580 -0.05002341 0.02972826 -0.66436815
0.01071076 0.34419397 0.93883783 -0.95565557
0.00000000 0.00000000 0.00000000 1.00000000
1553 10.229047 0.524072
-0.42891884 -0.01707455 0.90318191 -2.28196216
0.07168794 0.99602479 0.05287394 -0.21169704
-0.90049386 0.08742540 -0.42598987 3.49368405
0.00000000 0.00000000 0.00000000 1.00000000
1560 6.018941 0.311649
-0.18673977 0.09710866 0.97759819 -2.04144835
0.02895396 0.99521440 -0.09332794 0.28894043
-0.98198253 0.01087687 -0.18865789 2.81944776
0.00000000 0.00000000 0.00000000 1.00000000
1561 17.998017 0.702613
0.98970330 0.04303560 -0.13651069 0.18316211
-0.04893177 0.99799442 -0.04013337 -0.04643673
0.13450946 0.04640009 0.98982549 -0.33390188
0.00000000 0.00000000 0.00000000 1.00000000
1571 179.813899 5.574401
-0.71115947 0.21113387 -0.67057711 1.66388726
0.01253179 0.95749402 0.28818074 -0.91144621
0.70291829 0.19653910 -0.68357664 5.55515194
0.00000000 0.00000000 0.00000000 1.00000000
1580 31.926121 1.207221
0.99679118 0.02937950 -0.07445963 0.16645515
-0.03041010 0.99945647 -0.01274931 0.06910203
0.07404424 0.01497310 0.99714267 -0.14202118
0.00000000 0.00000000 0.00000000 1.00000000
1581 9.596487 0.301318
0.99953759 -0.01053020 0.02853616 -0.15979019
0.01031870 0.99991828 0.00755079 0.06485885
-0.02861360 -0.00725286 0.99956423 -0.21475911
0.00000000 0.00000000 0.00000000 1.00000000
1582 27.957098 0.769243
0.99486428 0.02068695 -0.09908502 0.22871737
-0.02236360 0.99962538 -0.01584077 0.04292879
0.09872056 0.01797494 0.99495280 -0.04898155
0.00000000 0.00000000 0.00000000 1.00000000
1584 54.806877 2.956916
0.33460036 -0.21936777 0.91647142 -2.02397394
0.23600288 0.96104324 0.14387231 -0.32700378
-0.91232938 0.16815014 0.37333709 1.85928130
0.00000000 0.00000000 0.00000000 1.00000000
1586 171.774930 7.240705
-0.90806788 0.08327113 0.41046184 -1.50983047
0.11363287 0.99225950 0.05008944 -0.74732172
-0.40311354 0.09212655 -0.91050130 6.69109344
0.00000000 0.00000000 0.00000000 1.00000000
1622 16.271780 0.597535
0.99810988 0.02854329 0.05442385 -0.11937328
-0.02512408 0.99772817 -0.06250796 -0.04328609
-0.05608435 0.06102245 0.99655974 -0.24502325
0.00000000 0.00000000 0.00000000 1.00000000
