93 98.198639 1.473151
0.91344488 0.40461373 -0.04366687 -0.64073724
-0.39431778 0.90649158 0.15094945 0.29065078
0.10065988 -0.12066539 0.98757672 -0.48608291
0.00000000 0.00000000 0.00000000 1.00000000
119 120.806327 1.686711
-0.31188685 -0.88861161 0.33629701 0.34720039
0.85015070 -0.41904521 -0.31881768 -0.29306459
0.42422855 0.18646818 0.88614881 0.84579015
0.00000000 0.00000000 0.00000000 1.00000000
197 88.271492 3.683686
0.37561738 0.63551003 -0.67456424 1.25429964
-0.58099186 0.72854900 0.36285508 -0.66783714
0.72205168 0.25562143 0.64288288 1.42101347
0.00000000 0.00000000 0.00000000 1.00000000
375 114.363922 2.557834
0.16870601 -0.95736212 0.23451272 0.36516979
-0.30102643 -0.27659959 -0.91262072 0.45752501
0.93857473 0.08336902 -0.33485511 2.43321943
0.00000000 0.00000000 0.00000000 1.00000000
408 11.291281 0.394435
0.92411172 0.22914499 -0.30579633 -0.64876372
-0.32404590 0.89404637 -0.30931938 -0.02375981
0.20251662 0.38493723 0.90045017 0.44389057
0.00000000 0.00000000 0.00000000 1.00000000
512 4.666148 0.446165
0.10946643 0.20006517 -0.97364819 3.43206310
-0.40564322 0.90324712 0.13999301 -0.73084003
0.90745258 0.37962914 0.18003058 2.12150812
0.00000000 0.00000000 0.00000000 1.00000000
579 21.255684 0.959238
-0.88638639 -0.13341589 0.44330466 -1.84638953
0.12245998 0.85589290 0.50244540 -1.85994577
-0.44645539 0.49964747 -0.74231362 4.25953150
0.00000000 0.00000000 0.00000000 1.00000000
611 101.293318 0.913234
0.38912681 -0.38194612 0.83827126 -0.98963332
0.11946444 0.92323136 0.36520201 -0.44407070
-0.91340566 -0.04196610 0.40488276 0.87837863
0.00000000 0.00000000 0.00000000 1.00000000
632 31.200099 1.421281
0.26505071 -0.12416986 0.95620614 -1.29196239
0.20546325 0.97617155 0.06981055 -0.17588443
-0.94208920 0.17796229 0.28424731 1.08186769
0.00000000 0.00000000 0.00000000 1.00000000
665 85.890331 2.016021
0.99762315 0.04796027 0.04947085 -0.17762047
-0.06133889 0.94523329 0.32057932 0.04303598
-0.03138637 -0.32285196 0.94592845 0.65047908
0.00000000 0.00000000 0.00000000 1.00000000
670 177.859540 3.159621
-0.33182752 0.07443240 0.94039851 -2.09943700
0.01305944 -0.99642420 0.08347524 0.26742387
0.94324857 0.03998059 0.32966924 1.95727348
0.00000000 0.00000000 0.00000000 1.00000000
671 110.280707 2.067451
0.30309236 0.89167160 0.33623955 0.48657888
-0.30566767 -0.24322729 0.92054743 -1.26661301
0.90260899 -0.38178822 0.19883478 1.86676955
0.00000000 0.00000000 0.00000000 1.00000000
717 163.159620 1.514092
-0.99537355 0.09598301 -0.00431700 -0.14156993
0.07464829 0.74427450 -0.66368967 0.51550257
-0.06048986 -0.66094154 -0.74799597 1.27388048
0.00000000 0.00000000 0.00000000 1.00000000
719 19.282452 0.067007
0.95564950 0.22829062 0.18605776 0.35067847
-0.25547045 0.95690930 0.13806015 -0.36089176
-0.14652184 -0.17946824 0.97279167 1.80891645
0.00000000 0.00000000 0.00000000 1.00000000
724 169.368316 0.678483
-0.99364865 0.07227622 -0.08625710 -0.07486930
-0.08910131 -0.97347617 0.21072492 -1.40771055
-0.06873928 0.21707222 0.97373235 1.60004878
0.00000000 0.00000000 0.00000000 1.00000000
727 179.778385 0.912845
-0.82208753 0.21615933 0.52673310 0.15106148
0.09810850 -0.85751140 0.50502390 -0.02455419
0.56084526 0.46685082 0.68374193 2.72306943
0.00000000 0.00000000 0.00000000 1.00000000
728 131.937352 0.255504
-0.70568132 -0.70607209 -0.05894623 0.11502688
0.61930871 -0.65509701 0.43278515 0.11780331
-0.34419340 0.26890326 0.89956629 2.62688684
0.00000000 0.00000000 0.00000000 1.00000000
739 152.395796 1.107748
-0.38906386 0.21448025 -0.89589453 -0.05769747
0.33256534 -0.87423313 -0.35371852 0.33857548
-0.85908622 -0.43556216 0.26880437 1.73663378
0.00000000 0.00000000 0.00000000 1.00000000
740 162.416133 0.716471
-0.35090446 0.93519163 -0.04778442 0.06976710
-0.08576635 -0.08291182 -0.99286008 0.70201516
-0.93247545 -0.34430033 0.10930249 2.93701363
0.00000000 0.00000000 0.00000000 1.00000000
751 5.957924 0.301209
0.41940707 0.22272359 -0.88005185 1.56629193
-0.23833331 0.96244407 0.12999240 -0.60340095
0.87595332 0.15522572 0.45673835 1.30995202
0.00000000 0.00000000 0.00000000 1.00000000
752 151.072241 5.114466
-0.66550255 0.05869860 0.74408412 -0.87348199
0.56326884 0.69359004 0.44906718 -2.01737666
-0.48973024 0.71797460 -0.49464846 3.51363230
0.00000000 0.00000000 0.00000000 1.00000000
753 102.459149 4.694298
-0.85389256 -0.25848019 -0.45172334 3.50939608
-0.27468294 0.96104473 -0.03068446 -0.50032419
0.44205803 0.09787980 -0.89162982 5.09241867
0.00000000 0.00000000 0.00000000 1.00000000
754 56.394807 2.641086
0.98731524 -0.15821771 0.01327103 -0.55601221
0.14295979 0.92223608 0.35922492 -1.00819063
-0.06907465 -0.35277092 0.93315637 0.54907441
0.00000000 0.00000000 0.00000000 1.00000000
755 105.789007 2.881243
-0.59496063 -0.37674996 -0.70998740 1.95042193
0.50008833 0.51801914 -0.69395161 2.11144114
0.62923294 -0.76792979 -0.11979321 2.13802695
0.00000000 0.00000000 0.00000000 1.00000000
756 147.583927 6.061651
-0.59332424 0.21103024 0.77680928 -1.12164319
0.62484670 0.72912681 0.27917942 -1.99089587
-0.50747681 0.65103030 -0.56447029 4.66666842
0.00000000 0.00000000 0.00000000 1.00000000
757 115.699347 5.353615
-0.78111428 0.35134774 -0.51615417 2.88263178
-0.20694420 0.63425291 0.74491394 -3.66750121
0.58909613 0.68867803 -0.42271465 3.37672353
0.00000000 0.00000000 0.00000000 1.00000000
758 159.875984 5.933001
-0.60559881 0.26502365 0.75034177 -1.25218832
0.77292788 0.42019621 0.47541401 -3.08389568
-0.18929425 0.86786991 -0.45931458 3.20304751
0.00000000 0.00000000 0.00000000 1.00000000
759 45.238290 2.185225
0.64037246 0.04541950 -0.76672053 1.67729402
0.36451495 0.86069560 0.35543260 -2.59539032
0.67605656 -0.50709003 0.53460968 0.98127842
0.00000000 0.00000000 0.00000000 1.00000000
774 1.236381 0.521843
0.99707860 0.06027216 -0.04692608 0.86360276
-0.07218859 0.94434696 -0.32093206 0.24934593
0.02497125 0.32338196 0.94593912 -0.89172447
0.00000000 0.00000000 0.00000000 1.00000000
777 6.825760 1.081170
0.79227948 0.09689349 -0.60241538 1.24055648
-0.20507158 0.97216249 -0.11334041 0.12239894
0.57466346 0.21333566 0.79009467 -0.67075419
0.00000000 0.00000000 0.00000000 1.00000000
778 9.538669 0.349552
0.79896587 0.23909193 -0.55180448 0.15329078
-0.23452759 0.96879601 0.08019474 0.08424707
0.55375993 0.06534039 0.83010870 -0.21986318
0.00000000 0.00000000 0.00000000 1.00000000
779 1.522386 0.399461
0.92595166 0.22700608 -0.30179781 0.51952434
-0.19775224 0.97229874 0.12461556 0.16550648
0.32172611 -0.05570696 0.94519305 -0.39776111
0.00000000 0.00000000 0.00000000 1.00000000
780 3.496144 0.582197
0.80399227 0.30390075 -0.51111609 0.84853721
-0.35693902 0.93410802 -0.00606412 0.35592219
0.47559413 0.18731302 0.85948986 -0.75643051
0.00000000 0.00000000 0.00000000 1.00000000
781 178.663893 3.578485
-0.97773945 0.03484623 0.20690557 -0.38238934
0.18999980 0.56541276 0.80262542 -1.71262991
-0.08901888 0.82407117 -0.55944681 2.40482116
0.00000000 0.00000000 0.00000000 1.00000000
816 9.773181 0.553304
0.75266367 0.23211387 -0.61613321 0.60369331
-0.19372138 0.97244585 0.12969807 -0.11537498
0.62926078 0.02173901 0.77689040 -0.18779707
0.00000000 0.00000000 0.00000000 1.00000000
838 90.546558 0.967475
0.31757838 -0.57014954 0.75767666 -0.11737394
0.50104237 0.77928311 0.37639752 -0.42714721
-0.80504727 0.26009238 0.53315210 0.79361212
0.00000000 0.00000000 0.00000000 1.00000000
858 2.367611 0.616721
0.99529445 0.09598392 0.01324776 1.20532763
-0.09344649 0.98701465 -0.13064902 0.18580914
-0.02561606 0.12879622 0.99133945 0.14082193
0.00000000 0.00000000 0.00000000 1.00000000
864 79.014249 1.138344
0.59277332 -0.53521818 0.60180014 -0.80438030
0.80030721 0.47511166 -0.36575708 0.97505140
-0.09016225 0.69843525 0.70997125 0.38443744
0.00000000 0.00000000 0.00000000 1.00000000
865 179.184706 4.093380
-0.62808847 -0.37020659 0.68443573 -2.42354989
-0.10854169 0.91265965 0.39404511 0.07577020
-0.77053505 0.17320541 -0.61341399 3.76030207
0.00000000 0.00000000 0.00000000 1.00000000
866 4.282400 0.397993
0.93535328 0.18713978 -0.30015463 1.55825877
-0.13456114 0.97303504 0.18734151 0.15486473
0.32711974 -0.13484144 0.93531328 0.95010269
0.00000000 0.00000000 0.00000000 1.00000000
869 125.518780 2.786756
-0.97417015 -0.08416395 0.20954406 -0.30264378
0.17129216 0.32924300 0.92857885 -1.79826522
-0.14714356 0.94048703 -0.30632198 2.09755969
0.00000000 0.00000000 0.00000000 1.00000000
984 86.554258 0.548477
0.84413183 -0.24734581 0.47566885 -0.60736394
0.34644341 0.92875779 -0.13185552 0.14745052
-0.40916744 0.27609569 0.86968553 -0.18674326
0.00000000 0.00000000 0.00000000 1.00000000
994 34.174944 1.960727
0.36096650 -0.70007849 0.61611140 -0.75074428
0.24378479 0.70851660 0.66224921 -0.23194999
-0.90015137 -0.08885127 0.42641920 1.21524608
0.00000000 0.00000000 0.00000000 1.00000000
999 33.734047 1.761330
0.72735262 -0.53108227 0.43464237 -0.92120123
0.26348191 0.80091161 0.53769815 -0.01275516
-0.63367021 -0.27657503 0.72247404 0.43458760
0.00000000 0.00000000 0.00000000 1.00000000
1109 15.376562 0.961645
-0.39739618 0.42389008 -0.81387562 0.81410187
-0.10880537 0.85889363 0.50046360 -1.54345393
0.91117394 0.28743652 -0.29519981 4.00054932
0.00000000 0.00000000 0.00000000 1.00000000
1116 8.109272 0.845237
-0.95005715 0.17354940 0.25937089 0.12986156
0.31206524 0.53570187 0.78462660 -1.90829539
-0.00277427 0.82637995 -0.56310624 3.82937956
0.00000000 0.00000000 0.00000000 1.00000000
1117 2.642491 1.122014
-0.90025115 0.12936780 0.41570649 -0.50671369
0.43535650 0.25974324 0.86197358 -1.85171139
0.00353473 0.95697320 -0.29015517 1.91213250
0.00000000 0.00000000 0.00000000 1.00000000
1185 78.689579 0.788223
-0.02604523 0.99655378 -0.07875578 -0.64739716
-0.97509313 -0.00796755 0.22165245 0.19451648
0.22026105 0.08256735 0.97194016 -0.16122723
0.00000000 0.00000000 0.00000000 1.00000000
1191 98.134202 0.511491
0.20935556 -0.97527933 0.07072200 -0.02971433
0.61311245 0.07458204 -0.78646791 0.56251830
0.76175100 0.20801169 0.61356902 0.14291966
0.00000000 0.00000000 0.00000000 1.00000000
1195 16.448166 0.529383
0.57968801 0.47335798 -0.66324431 0.41825986
0.00194418 0.81315243 0.58204651 -0.03990763
0.81483597 -0.33869493 0.47045511 0.71846724
0.00000000 0.00000000 0.00000000 1.00000000
1235 91.061680 1.121943
0.99844670 0.04117328 -0.03750521 0.48357505
-0.03579687 0.99031001 0.13417636 -0.01999059
0.04266489 -0.13262534 0.99024701 0.00891793
0.00000000 0.00000000 0.00000000 1.00000000
1237 179.775752 2.690042
-0.64999253 0.49833006 -0.57373875 0.73568994
-0.38717896 0.43248427 0.81427777 -1.80965078
0.65391284 0.75141442 -0.08816737 1.69591367
0.00000000 0.00000000 0.00000000 1.00000000
1238 179.221288 2.691349
-0.51189238 0.43499625 -0.74077380 1.20890653
-0.04647554 0.84703130 0.52950823 -0.28294781
0.85779202 0.30547920 -0.41337252 2.41066194
0.00000000 0.00000000 0.00000000 1.00000000
1239 114.048334 1.665831
0.16956875 -0.51151431 -0.84237748 -0.86496437
0.98533887 0.10433245 0.13499293 0.58593059
0.01883645 -0.85291719 0.52170646 1.55182159
0.00000000 0.00000000 0.00000000 1.00000000
1260 7.453931 0.320060
0.98514462 -0.05446915 -0.16286241 -0.70581132
0.03388249 0.99137378 -0.12661123 0.14207608
0.16835381 0.11921239 0.97849166 -0.46884799
0.00000000 0.00000000 0.00000000 1.00000000
1261 85.897378 2.150077
0.50389040 -0.11882472 0.85555607 -1.39926505
0.05208459 0.99287057 0.10722056 0.24216866
-0.86219609 -0.00946562 0.50648719 1.68056417
0.00000000 0.00000000 0.00000000 1.00000000
1300 90.986987 3.243512
-0.83857733 0.13271613 -0.52837014 0.63102281
-0.03546074 0.95451850 0.29603580 -0.37874871
0.54362774 0.26698512 -0.79573113 3.66208005
0.00000000 0.00000000 0.00000000 1.00000000
1301 178.807610 1.904862
-0.80592519 0.13478786 -0.57647014 1.29400253
0.07078609 -0.94481397 -0.31987450 1.37029064
-0.58777046 -0.29860124 0.75190669 1.29948831
0.00000000 0.00000000 0.00000000 1.00000000
1313 175.795111 4.553953
-0.80675626 0.16487382 -0.56741750 -0.15328276
-0.59040076 -0.18603344 0.78537792 -2.89019227
0.02393016 0.96861154 0.24742499 0.87079453
0.00000000 0.00000000 0.00000000 1.00000000
1315 9.228927 0.512885
0.85549676 -0.01998582 0.51742208 0.07585794
0.11732563 0.98074794 -0.15610234 -0.53451920
-0.50434119 0.19425221 0.84137148 -0.14736795
0.00000000 0.00000000 0.00000000 1.00000000
1316 177.918176 2.020886
-0.91650581 -0.02672753 0.39912593 -2.03723240
-0.17340252 -0.87260139 -0.45661575 1.76377523
0.36048195 -0.48770037 0.79511052 0.92751741
0.00000000 0.00000000 0.00000000 1.00000000
1348 3.444010 2.195644
0.99213612 -0.10147900 0.07326499 -0.91264170
0.09730363 0.99353546 0.05847998 0.12181035
-0.07872587 -0.05089109 0.99559653 0.02235889
0.00000000 0.00000000 0.00000000 1.00000000
1352 14.293282 1.528340
0.97327572 -0.08318034 0.21404499 -0.71205527
0.12970807 0.96829414 -0.21350193 0.73304218
-0.18949929 0.23555975 0.95320618 0.02625275
0.00000000 0.00000000 0.00000000 1.00000000
1380 0.631181 0.873167
0.88295126 0.17111659 -0.43716753 -0.83420897
-0.16573617 0.98486274 0.05075711 0.51110947
0.43923533 0.02763823 0.89794618 -1.15985703
0.00000000 0.00000000 0.00000000 1.00000000
1393 2.450963 1.054060
0.50709933 -0.32007879 0.80025047 -2.79732752
0.21215041 0.94627309 0.24404985 -0.29380003
-0.83536988 0.04601614 0.54775918 1.33315146
0.00000000 0.00000000 0.00000000 1.00000000
1397 6.890623 0.932277
-0.40475503 -0.30555639 0.86186349 -3.05096960
0.47130176 0.73797935 0.48297191 -0.67275429
-0.78361261 0.60168302 -0.15469167 2.32542062
0.00000000 0.00000000 0.00000000 1.00000000
1398 6.671503 0.355793
-0.31654865 -0.34869695 0.88216078 -3.47277164
0.34004730 0.82645941 0.44870049 -0.58741075
-0.88553083 0.44201198 -0.14304146 2.34243751
0.00000000 0.00000000 0.00000000 1.00000000
1430 178.543505 3.633526
-0.79758775 -0.29264686 0.52745676 -0.84244388
-0.56572235 0.66633600 -0.48575136 1.26256061
-0.20930985 -0.68582368 -0.69701815 3.50958872
0.00000000 0.00000000 0.00000000 1.00000000
1431 2.758183 0.806414
0.67035621 0.37481183 -0.64042056 0.48713976
-0.22547266 0.92513454 0.30543119 -0.21871123
0.70695430 -0.06035027 0.70467991 0.54715192
0.00000000 0.00000000 0.00000000 1.00000000
1436 172.098964 3.321453
-0.99314553 0.02616143 0.11391809 -1.14657593
0.11596525 0.34248999 0.93233728 -2.72220349
-0.01462388 0.93915749 -0.34317592 2.92843413
0.00000000 0.00000000 0.00000000 1.00000000
1438 134.400160 7.203956
-0.03754580 0.83746946 0.54519260 -2.60066700
0.92897832 -0.17178527 0.32785520 -2.31745148
0.36822492 0.51878178 -0.77154148 5.08593082
0.00000000 0.00000000 0.00000000 1.00000000
1443 105.977090 2.426279
0.48336774 0.66723222 -0.56670672 0.93100607
-0.24498704 0.72459233 0.64416385 -1.04516101
0.84043860 -0.17253259 0.51370764 0.07635915
0.00000000 0.00000000 0.00000000 1.00000000
1444 104.719580 2.797223
0.48384345 0.29855439 -0.82265455 1.49268234
-0.59245974 0.80359423 -0.05681747 0.39535570
0.64411712 0.51488054 0.56569529 1.10617971
0.00000000 0.00000000 0.00000000 1.00000000
1445 176.085334 6.597415
-0.79929459 0.16041677 -0.57913435 2.14091969
-0.25824621 0.77849746 0.57205945 -2.95716023
0.54262215 0.60680169 -0.58082163 4.73426342
0.00000000 0.00000000 0.00000000 1.00000000
1446 111.172021 2.927033
0.12673631 0.27976930 -0.95166570 2.54144096
-0.63070858 0.76321787 0.14037642 -1.07655549
0.76560068 0.58243275 0.27318025 0.92015243
0.00000000 0.00000000 0.00000000 1.00000000
1451 7.599567 0.757714
0.83826220 -0.14664069 0.52517980 0.44111809
0.12569119 0.98918647 0.07557964 0.09816132
-0.53058392 0.00265490 0.84762853 -0.07028151
0.00000000 0.00000000 0.00000000 1.00000000
1452 23.102158 1.437939
0.93729967 -0.15218337 0.31354269 1.37490618
0.07326497 0.96556342 0.24963653 0.13768086
-0.34073582 -0.21101239 0.91617274 -0.13683891
0.00000000 0.00000000 0.00000000 1.00000000
1453 1.638769 0.722909
0.75116986 -0.24816240 0.61168516 -0.15592295
0.17482631 0.96834522 0.17816690 -0.20040810
-0.63653719 -0.02689502 0.77077675 0.87107778
0.00000000 0.00000000 0.00000000 1.00000000
1454 88.306990 0.277405
0.51033378 0.41760600 -0.75177389 0.54129952
-0.45025852 0.87453663 0.18014669 -0.32948041
0.73268425 0.24655747 0.63433635 0.33815777
0.00000000 0.00000000 0.00000000 1.00000000
1477 6.829150 0.398348
0.92753756 0.16566193 -0.33500612 -0.06100900
-0.19045103 0.98078430 -0.04230276 -0.02788836
0.32156119 0.10304025 0.94126511 -1.09459543
0.00000000 0.00000000 0.00000000 1.00000000
1505 7.526082 0.355782
0.98225254 0.07184590 -0.17325866 -0.56205243
-0.07312842 0.99732274 -0.00102258 0.27076519
0.17272125 0.01367518 0.98487639 -0.64911628
0.00000000 0.00000000 0.00000000 1.00000000
1523 24.986271 1.039787
0.96652550 0.12382066 0.22471480 -0.60540694
-0.09023076 0.98393190 -0.15406632 0.12106656
-0.24018067 0.12863290 0.96216774 -0.59288859
0.00000000 0.00000000 0.00000000 1.00000000
1524 4.987588 0.717280
0.96068275 0.15688565 0.22907448 -0.62660944
-0.12720610 0.98207140 -0.13911763 0.47606435
-0.24679314 0.10450813 0.96341622 -1.34077573
0.00000000 0.00000000 0.00000000 1.00000000
1525 27.268824 1.071077
0.80687028 0.46176529 -0.36841741 -0.19172102
-0.43022889 0.88672900 0.16915986 -0.29531294
0.40479937 0.02201372 0.91414028 -0.19753242
0.00000000 0.00000000 0.00000000 1.00000000
1547 22.894879 1.461309
-0.65371180 0.40618491 0.63849485 -2.09113550
0.18490064 0.90389943 -0.38571811 0.99261701
-0.73380756 -0.13408999 -0.66599387 3.97552466
0.00000000 0.00000000 0.00000000 1.00000000
1549 9.227606 0.493410
0.96586293 -0.05740535 0.25261241 -1.03373456
0.11267373 0.97116256 -0.21011272 -0.00650991
-0.23326606 0.23140271 0.94447851 -0.09669733
0.00000000 0.00000000 0.00000000 1.00000000
1550 6.908931 0.394643
0.97629517 -0.03375590 0.21379617 -1.29540682
0.07381940 0.98047036 -0.18229447 0.07819429
-0.20346679 0.19375563 0.95971888 -0.61611748
0.00000000 0.00000000 0.00000000 1.00000000
1551 163.235229 6.911605
-0.74253398 0.05429753 -0.66760427 -0.19656098
-0.06043396 0.98721296 0.14750874 -0.89231128
0.66707683 0.14987624 -0.72975737 5.40617275
0.00000000 0.00000000 0.00000000 1.00000000
1552 16.153402 0.551787
0.32988128 0.02259797 0.94375229 -3.58062935
-0.00451645 0.99974126 -0.02236021 0.16544849
-0.94401222 0.00311291 0.32989788 1.21231413
0.00000000 0.00000000 0.00000000 1.00000000
1553 9.968965 0.517278
-0.43363199 -0.00739488 0.90106034 -2.27378130
0.06445192 0.99715084 0.03920113 -0.17795104
-0.89878261 0.07507356 -0.43192017 3.50866890
0.00000000 0.00000000 0.00000000 1.00000000
1554 9.548144 0.418561
-0.30876255 0.10506307 0.94531780 -1.82726586
-0.00793732 0.99356115 -0.11301731 0.32492962
-0.95110583 -0.04239837 -0.30594036 3.16295266
0.00000000 0.00000000 0.00000000 1.00000000
1561 17.250321 0.675741
0.99151713 0.04134479 -0.12322702 0.13988285
-0.04646284 0.99815959 -0.03895213 -0.05146557
0.12138997 0.04434734 0.99161386 -0.32982516
0.00000000 0.00000000 0.00000000 1.00000000
1571 179.897208 5.574687
-0.71191376 0.21143515 -0.66968238 1.66128874
0.01308900 0.95742971 0.28836966 -0.91178352
0.70214516 0.19652875 -0.68437481 5.55637264
0.00000000 0.00000000 0.00000000 1.00000000
1578 10.947422 0.381618
0.97900468 0.00193557 0.20382349 -0.05311242
0.02571070 0.99079382 -0.13290444 0.04543191
-0.20220467 0.13535555 0.96994430 -0.35838413
0.00000000 0.00000000 0.00000000 1.00000000
1579 10.308015 0.382922
0.99401486 0.01128712 0.10866732 -0.07830225
-0.01092976 0.99993253 -0.00388789 0.05527693
-0.10870354 0.00267684 0.99407083 -0.35377049
0.00000000 0.00000000 0.00000000 1.00000000
1580 32.115828 1.213144
0.99651682 0.03084404 -0.07748093 0.17297351
-0.03186829 0.99941969 -0.01200935 0.06805097
0.07706590 0.01443693 0.99692166 -0.14327621
0.00000000 0.00000000 0.00000000 1.00000000
1584 54.901233 2.963046
0.33305138 -0.21862783 0.91721171 -2.02846122
0.23576924 0.96115601 0.14349151 -0.32566708
-0.91295552 0.16846013 0.37166089 1.86415887
0.00000000 0.00000000 0.00000000 1.00000000
1586 171.704061 7.239376
-0.90741313 0.08620172 0.41130430 -1.51065302
0.11481764 0.99235195 0.04533035 -0.73202121
-0.40425116 0.08835830 -0.91037047 6.69112062
0.00000000 0.00000000 0.00000000 1.00000000
1622 16.175728 0.595152
0.99802798 0.02820921 0.05607358 -0.12346354
-0.02467868 0.99772930 -0.06268483 -0.04271078
-0.05771460 0.06117696 0.99645698 -0.24444818
0.00000000 0.00000000 0.00000000 1.00000000
