Total: 1623
Successful: 1523
Recall(%%): 93.839
Avg_RRE_of_correct: 2.029147
Avg_RTE_of_correct: 0.065083
