Total: 1623
Successful: 1514
Recall(%%): 93.284
Avg_RRE_of_correct: 2.034999
Avg_RTE_of_correct: 0.064855
