Total: 1623
Successful: 1525
Recall(%%): 93.962
Avg_RRE_of_correct: 2.037022
Avg_RTE_of_correct: 0.065278
