Total: 1623
Successful: 1519
Recall(%%): 93.592
Avg_RRE_of_correct: 2.032369
Avg_RTE_of_correct: 0.064614
Total_time_seconds: 404.324
