Total: 1623
Successful: 1527
Recall(%%): 94.085
Avg_RRE_of_correct: 2.030081
Avg_RTE_of_correct: 0.065002
