0 0.721992 0.037251
0.99951386 0.02103719 0.02300748 -0.73036748
-0.02233932 0.99807346 0.05788758 0.19250140
-0.02174562 -0.05837306 0.99805802 -0.20098960
0.00000000 0.00000000 0.00000000 1.00000000
1 0.804543 0.032358
0.97368246 0.22497414 -0.03643607 -0.41486144
-0.22373471 0.97401458 0.03517514 0.31742209
0.04340222 -0.02609834 0.99871612 -0.40760195
0.00000000 0.00000000 0.00000000 1.00000000
2 0.692669 0.023883
0.98525304 0.15347977 0.07563916 -0.17557859
-0.15469813 0.98790622 0.01048404 0.36338937
-0.07311530 -0.02203041 0.99708009 -0.65569198
0.00000000 0.00000000 0.00000000 1.00000000
3 0.000000 0.026334
0.97552556 0.12909292 0.17800395 0.03614373
-0.13125320 0.99134898 0.00036567 0.39885792
-0.17641695 -0.02371985 0.98402983 -0.70905697
0.00000000 0.00000000 0.00000000 1.00000000
4 0.000000 0.037711
0.96721929 0.24837053 0.05290656 0.33700842
-0.24436936 0.96699750 -0.07210734 0.56860107
-0.06906983 0.05681521 0.99599278 -0.92302656
0.00000000 0.00000000 0.00000000 1.00000000
5 3.667784 0.098844
0.89648396 0.34528357 -0.27766246 0.51923960
-0.38163197 0.92011952 -0.08796695 0.63338035
0.22510889 0.18482634 0.95664304 -0.88151968
0.00000000 0.00000000 0.00000000 1.00000000
6 1.179354 0.056476
0.81889284 0.41742396 -0.39391956 0.04964322
-0.38053131 0.90866536 0.17182252 0.17234412
0.42966413 0.00919476 0.90294218 -0.33782947
0.00000000 0.00000000 0.00000000 1.00000000
7 0.096913 0.010168
0.99720806 -0.06447910 0.03767759 0.11727622
0.06511256 0.99775279 -0.01584274 0.05023503
-0.03657080 0.01825219 0.99916470 -0.12200427
0.00000000 0.00000000 0.00000000 1.00000000
8 4.225773 0.157578
0.80982584 -0.11886849 0.57450205 -2.33186746
0.13371842 0.99088132 0.01652864 0.02401692
-0.57122838 0.06343609 0.81833625 0.85382354
0.00000000 0.00000000 0.00000000 1.00000000
9 7.638564 0.166671
0.29684454 -0.21340305 0.93077600 -2.08407092
0.21547937 0.96453989 0.15242398 -0.17877132
-0.93029720 0.15531589 0.33230221 1.61487675
0.00000000 0.00000000 0.00000000 1.00000000
10 2.220525 0.114332
0.18004246 -0.28756422 0.94068676 -2.15497065
0.31602597 0.92252564 0.22152649 -0.01178890
-0.93151039 0.25739673 0.25697193 1.26529884
0.00000000 0.00000000 0.00000000 1.00000000
11 90.615323 2.289666
0.92027891 0.38962054 -0.03580809 -0.54471552
-0.37856072 0.90979642 0.17018116 0.32129782
0.09888402 -0.14305872 0.98476183 -0.71857691
0.00000000 0.00000000 0.00000000 1.00000000
12 1.831414 0.070663
0.96165919 -0.08924304 0.25932205 0.27047679
0.10427716 0.99353951 -0.04478000 0.25169408
-0.25365049 0.07010441 0.96475220 -0.40866005
0.00000000 0.00000000 0.00000000 1.00000000
13 97.614076 3.175827
0.62694246 -0.72325081 -0.28956935 -0.28239566
0.76670372 0.50684285 0.39404702 -1.33570564
-0.13822910 -0.46906012 0.87228090 -1.59439039
0.00000000 0.00000000 0.00000000 1.00000000
14 175.528100 3.748792
-0.94057351 -0.13608022 -0.31113341 0.10631505
0.31291613 0.00863912 -0.94974202 2.26300168
0.13192900 -0.99066013 0.03445604 1.26312053
0.00000000 0.00000000 0.00000000 1.00000000
15 92.543876 2.584501
0.91239476 -0.06732424 0.40373826 -0.83186728
0.13400315 0.98115319 -0.13921821 1.08383405
-0.38675690 0.18112373 0.90421999 -0.67113924
0.00000000 0.00000000 0.00000000 1.00000000
16 4.735821 0.164411
0.68174243 0.43167436 -0.59066439 0.99487114
-0.60938638 0.78181130 -0.13198081 0.57388681
0.40481541 0.44991985 0.79605043 -0.00783932
0.00000000 0.00000000 0.00000000 1.00000000
17 2.081683 0.082814
0.70191735 0.33197507 -0.63016254 0.65243936
-0.49152827 0.86606801 -0.09124455 0.46115816
0.51547307 0.37378880 0.77108270 0.11869729
0.00000000 0.00000000 0.00000000 1.00000000
18 1.660361 0.070752
0.93160588 -0.13265657 0.33839780 -0.00873870
0.10485736 0.98952377 0.09923559 0.49550611
-0.34801707 -0.05696502 0.93575585 -0.69147801
0.00000000 0.00000000 0.00000000 1.00000000
19 2.875487 0.097499
0.95995730 0.01819716 0.27955669 0.46345165
-0.12858513 0.91518676 0.38197026 0.10914776
-0.24889629 -0.40262109 0.88087893 -0.21284842
0.00000000 0.00000000 0.00000000 1.00000000
20 1.362862 0.050573
0.98200500 0.09492171 -0.16326664 0.19375265
-0.08268975 0.99334621 0.08016413 0.43922296
0.16978948 -0.06522080 0.98331988 -0.52678311
0.00000000 0.00000000 0.00000000 1.00000000
21 1.556706 0.060780
0.94731760 0.25024465 -0.19991922 -0.03532464
-0.22221752 0.96300632 0.15244472 0.20532709
0.23067188 -0.09998748 0.96788085 -0.38542390
0.00000000 0.00000000 0.00000000 1.00000000
22 1.961443 0.062782
0.96575743 0.15344024 -0.20920739 -0.40494832
-0.13510358 0.98583448 0.09936959 0.03317091
0.22149158 -0.06770375 0.97280884 -0.40731180
0.00000000 0.00000000 0.00000000 1.00000000
23 1.652801 0.059703
0.99639779 0.08470508 0.00416552 -0.89421451
-0.08477090 0.99332851 0.07818553 0.15707606
0.00248537 -0.07825670 0.99693036 -0.06337559
0.00000000 0.00000000 0.00000000 1.00000000
24 1.400535 0.038508
0.95570672 0.28639048 -0.06784758 -0.53883517
-0.28304166 0.95753527 0.05488035 0.31566262
0.08068284 -0.03324631 0.99618483 -0.28648663
0.00000000 0.00000000 0.00000000 1.00000000
25 0.530818 0.019955
0.97430629 0.22201544 0.03791754 -0.28091300
-0.22336781 0.97406381 0.03619123 0.33441463
-0.02889867 -0.04372934 0.99862587 -0.52101386
0.00000000 0.00000000 0.00000000 1.00000000
26 0.000000 0.017915
0.97207308 0.18027452 0.15024778 -0.08132206
-0.18720672 0.98175788 0.03322516 0.35254079
-0.14151746 -0.06042480 0.98808998 -0.55885947
0.00000000 0.00000000 0.00000000 1.00000000
27 0.563018 0.045724
0.95257115 0.30139905 0.04202797 0.16251212
-0.30062264 0.95344460 -0.02385941 0.50033998
-0.04726256 0.01009324 0.99883133 -0.80556893
0.00000000 0.00000000 0.00000000 1.00000000
28 174.585554 4.439110
-0.37028009 -0.82928598 -0.41854408 0.77686352
-0.67367792 0.54995656 -0.49366710 0.11429469
0.63957226 0.09916812 -0.76230830 4.22274971
0.00000000 0.00000000 0.00000000 1.00000000
29 113.334149 1.944637
-0.08523345 0.82034630 0.56548071 -0.56179947
-0.99278629 -0.02189031 -0.11788632 -0.01570593
-0.08432912 -0.57144928 0.81629318 0.48841882
0.00000000 0.00000000 0.00000000 1.00000000
30 55.875035 2.543676
0.87521493 0.13853718 0.46347380 0.02171797
-0.02623805 0.97029841 -0.24048439 0.54785919
-0.48302394 0.19831556 0.85285437 0.23749006
0.00000000 0.00000000 0.00000000 1.00000000
31 177.412260 4.568996
0.19824280 -0.56686199 -0.79960430 1.18519557
-0.83867055 0.32411271 -0.43770111 0.99406219
0.50727791 0.75737596 -0.41115737 3.76523018
0.00000000 0.00000000 0.00000000 1.00000000
32 1.355663 0.037826
0.97029942 -0.04568890 0.23755525 0.14738052
0.05345447 0.99822330 -0.02634835 0.19864915
-0.23592936 0.03826511 0.97101700 -0.26738667
0.00000000 0.00000000 0.00000000 1.00000000
33 8.268046 0.229116
-0.32675219 -0.40969703 0.85169256 -2.08933663
0.46229368 0.71670824 0.52212363 -0.22254667
-0.82432753 0.56433713 -0.04478619 0.98151600
0.00000000 0.00000000 0.00000000 1.00000000
34 178.529997 3.349764
0.99250156 -0.10843584 0.05641697 0.89591980
-0.11095479 -0.99286836 0.04360256 -0.40027642
0.05128659 -0.04953530 -0.99745488 3.54538131
0.00000000 0.00000000 0.00000000 1.00000000
35 1.160958 0.039781
0.95549017 -0.07124421 0.28629074 -0.04631811
0.03615871 0.99136847 0.12602735 0.41596165
-0.29279813 -0.11006606 0.94981831 -0.54049408
0.00000000 0.00000000 0.00000000 1.00000000
36 2.090315 0.062958
0.98207861 0.04853427 0.18211515 0.39604363
-0.11949810 0.90756971 0.40253955 0.05005676
-0.14574531 -0.41708785 0.89710444 0.29041314
0.00000000 0.00000000 0.00000000 1.00000000
37 1.858358 0.074137
0.96836889 0.04990956 0.24448138 0.36849868
-0.15077199 0.89773875 0.41392422 0.12506807
-0.19882202 -0.43769193 0.87686718 -0.04983783
0.00000000 0.00000000 0.00000000 1.00000000
38 2.246986 0.072666
0.96839613 0.16420144 -0.18773782 0.03379154
-0.14861321 0.98437881 0.09439012 0.43326306
0.20030403 -0.06350839 0.97767282 -0.42717087
0.00000000 0.00000000 0.00000000 1.00000000
39 2.376523 0.059521
0.92115617 0.32108581 -0.21994077 -0.18040816
-0.28558937 0.94158328 0.17848837 0.21197061
0.26440260 -0.10160401 0.95904499 -0.28548181
0.00000000 0.00000000 0.00000000 1.00000000
40 0.932092 0.018557
0.97564548 0.20951302 -0.06496485 0.24209905
-0.21136013 0.97713977 -0.02292186 -0.00923285
0.05867701 0.03609487 0.99762452 -0.17838359
0.00000000 0.00000000 0.00000000 1.00000000
41 0.195835 0.005948
0.98889136 0.14168476 0.04494323 0.52508599
-0.13944577 0.98898822 -0.04957363 0.07467076
-0.05147217 0.04275569 0.99775881 -0.51301432
0.00000000 0.00000000 0.00000000 1.00000000
42 1.797547 0.053022
0.97698802 0.14546145 0.15599670 0.74534845
-0.13999896 0.98910439 -0.04550895 0.07492864
-0.16091707 0.02262148 0.98670828 -0.64467859
0.00000000 0.00000000 0.00000000 1.00000000
43 0.703322 0.026403
0.97440243 0.22347666 0.02441904 0.97658241
-0.21932656 0.96885973 -0.11490974 0.18805000
-0.04933761 0.10661140 0.99307513 -0.79601371
0.00000000 0.00000000 0.00000000 1.00000000
44 2.290124 0.059380
0.88830930 0.32871416 -0.32070950 1.06763494
-0.38855499 0.91021532 -0.14329496 0.16769820
0.24481228 0.25190341 0.93627566 -0.54382169
0.00000000 0.00000000 0.00000000 1.00000000
45 1.978926 0.015543
0.62242436 0.41167858 -0.66566396 1.16853952
-0.52761900 0.84889168 0.03164917 -0.11045574
0.57810569 0.33151790 0.74558026 -0.07577586
0.00000000 0.00000000 0.00000000 1.00000000
46 4.024577 0.046369
0.37602937 0.39632255 -0.83757454 1.01433873
-0.44955936 0.86843336 0.20909384 -0.17241146
0.81024575 0.29791391 0.50472724 0.32872140
0.00000000 0.00000000 0.00000000 1.00000000
47 1.153518 0.019198
0.59675741 0.37384459 -0.71001458 0.88337952
-0.39224809 0.90782309 0.14831871 -0.12167237
0.70001560 0.18999170 0.68839025 0.22780991
0.00000000 0.00000000 0.00000000 1.00000000
48 0.440575 0.017685
0.81160718 0.37143189 -0.45092535 0.52791840
-0.35917234 0.92599833 0.11629105 -0.23530477
0.46074983 0.06757790 0.88495409 0.18250060
0.00000000 0.00000000 0.00000000 1.00000000
49 1.161969 0.036733
0.83584791 0.22147955 -0.50230062 0.14874083
-0.28091684 0.95868945 -0.04474100 -0.13776588
0.47164023 0.17850208 0.86353540 0.77975762
0.00000000 0.00000000 0.00000000 1.00000000
50 0.662638 0.030075
0.94754928 0.07177237 0.31144649 -1.63398242
-0.02742332 0.98912340 -0.14450806 0.03846055
-0.31843105 0.12838793 0.93921149 0.50351834
0.00000000 0.00000000 0.00000000 1.00000000
51 1.277788 0.068583
0.78924501 -0.11105466 0.60395265 -1.65460944
0.15902510 0.98692334 -0.02633783 -0.07437253
-0.59312987 0.11683118 0.79658484 0.60711479
0.00000000 0.00000000 0.00000000 1.00000000
52 3.919266 0.114259
0.34151140 -0.26882514 0.90061271 -1.58338356
0.35053673 0.92551547 0.14333513 -0.19221854
-0.87206286 0.26674715 0.41030759 0.90933454
0.00000000 0.00000000 0.00000000 1.00000000
53 1.926407 0.037321
0.16315456 0.52778530 -0.83355999 1.80355763
-0.64608419 0.69567621 0.31402299 -0.17171559
0.74562430 0.48731643 0.45449665 0.24750745
0.00000000 0.00000000 0.00000000 1.00000000
54 1.865506 0.052533
0.35682425 0.46090180 -0.81255484 1.56838393
-0.65016180 0.74710774 0.13826752 -0.15173313
0.67079502 0.47895503 0.56624663 0.44647443
0.00000000 0.00000000 0.00000000 1.00000000
55 0.970355 0.022262
0.64154017 0.36632717 -0.67396599 1.36619854
-0.60194814 0.78501844 -0.14629871 -0.10183927
0.47548300 0.49954906 0.72413123 0.45811915
0.00000000 0.00000000 0.00000000 1.00000000
56 1.617615 0.041142
0.68481058 0.27630803 -0.67430574 1.00553429
-0.47862908 0.86829615 -0.13028684 -0.09138116
0.54949796 0.41196415 0.72686768 0.61214697
0.00000000 0.00000000 0.00000000 1.00000000
57 5.200515 0.237856
0.95182520 -0.07750511 0.29668403 1.03133392
-0.01858395 0.95117116 0.30810341 0.10534248
-0.30607700 -0.29877409 0.90390861 -0.19764662
0.00000000 0.00000000 0.00000000 1.00000000
58 0.489390 0.009827
0.99085200 -0.06048556 0.12063578 0.28609473
0.06339593 0.99777961 -0.02042675 0.05857855
-0.11913252 0.02788791 0.99248672 -0.31436932
0.00000000 0.00000000 0.00000000 1.00000000
59 1.378282 0.017118
0.97206295 -0.10156560 0.21160731 0.55128372
0.10898943 0.99376047 -0.02369007 0.11431037
-0.20788081 0.04609123 0.97706771 -0.41125917
0.00000000 0.00000000 0.00000000 1.00000000
60 1.855407 0.023863
0.99498296 0.00741597 0.09977233 0.74172342
0.00154981 0.99598753 -0.08948413 0.18411995
-0.10003525 0.08919019 0.99097866 -0.60133123
0.00000000 0.00000000 0.00000000 1.00000000
61 3.155791 0.071516
0.95662719 0.15342641 -0.24763387 0.76966065
-0.18771714 0.97470844 -0.12126258 0.18516177
0.22276549 0.16248691 0.96123427 -0.44412744
0.00000000 0.00000000 0.00000000 1.00000000
62 1.881800 0.013355
0.71197826 0.25441420 -0.65449238 0.58455849
-0.19934389 0.96694195 0.15901685 -0.03807450
0.67331171 0.01725276 0.73915756 0.18551028
0.00000000 0.00000000 0.00000000 1.00000000
63 0.637965 0.010714
0.90039581 0.20399596 -0.38428456 0.23607120
-0.16950749 0.97795236 0.12197965 -0.15337007
0.40069467 -0.04468989 0.91512161 0.24170613
0.00000000 0.00000000 0.00000000 1.00000000
64 3.068352 0.058330
0.88994294 0.02834913 -0.45519063 -0.14199656
-0.04908042 0.99822342 -0.03378743 -0.10481778
0.45342383 0.05241030 0.88975304 0.83217168
0.00000000 0.00000000 0.00000000 1.00000000
65 1.026029 0.036004
0.91647559 -0.13983449 0.37485802 -1.80934954
0.19967738 0.97176772 -0.12568220 -0.00326371
-0.34670025 0.19003510 0.91852307 0.76155448
0.00000000 0.00000000 0.00000000 1.00000000
66 1.415545 0.064433
0.69973648 -0.29078898 0.65254182 -1.72795534
0.35948288 0.93266547 0.03013656 -0.16970834
-0.61736637 0.21349013 0.75715339 0.90225232
0.00000000 0.00000000 0.00000000 1.00000000
67 1.750330 0.051348
0.18800034 -0.33109167 0.92468035 -1.50926983
0.50746256 0.83881140 0.19717133 -0.27941889
-0.84091479 0.43217260 0.32571352 1.23712349
0.00000000 0.00000000 0.00000000 1.00000000
68 85.920899 3.679096
-0.96234566 0.17790903 0.20552194 -0.95234364
0.26935762 0.52240074 0.80903912 -1.91181159
0.03657030 0.83393413 -0.55065167 3.98563719
0.00000000 0.00000000 0.00000000 1.00000000
69 2.058615 0.029843
0.49610618 0.40499517 -0.76802176 1.32517946
-0.51420885 0.84978890 0.11595720 -0.01145446
0.69961929 0.33739632 0.62983823 0.40747118
0.00000000 0.00000000 0.00000000 1.00000000
70 0.900921 0.061331
0.73924249 0.24692105 -0.62653798 1.12147260
-0.42105758 0.89555335 -0.14385872 -0.04347837
0.52557588 0.37015533 0.76599944 0.50041771
0.00000000 0.00000000 0.00000000 1.00000000
71 1.949232 0.051938
0.76473749 0.15017450 -0.62659776 0.73486114
-0.28499168 0.95100123 -0.11989769 -0.06013548
0.57788974 0.27026537 0.77006435 0.63020241
0.00000000 0.00000000 0.00000000 1.00000000
72 10.178345 0.482636
0.84035540 -0.28810915 0.45912421 0.53739560
0.06414223 0.89394414 0.44356400 -0.25698730
-0.53822631 -0.34330273 0.76971132 0.12440348
0.00000000 0.00000000 0.00000000 1.00000000
73 0.335718 0.008015
0.99416512 -0.03669468 0.10143661 0.28689367
0.03766117 0.99926180 -0.00762892 0.03651224
-0.10108183 0.01140505 0.99481314 -0.07216799
0.00000000 0.00000000 0.00000000 1.00000000
74 1.725784 0.015046
0.99793339 0.06159411 -0.01829672 0.44017440
-0.06256710 0.99632603 -0.05847552 0.12881529
0.01462772 0.05949911 0.99812114 -0.30105114
0.00000000 0.00000000 0.00000000 1.00000000
75 3.128126 0.066919
0.91651356 0.20757684 -0.34192857 0.38050041
-0.25121915 0.96390188 -0.08821277 0.21209309
0.31127459 0.16674709 0.93557656 -0.25939333
0.00000000 0.00000000 0.00000000 1.00000000
76 2.365792 0.033969
0.85013396 0.25565848 -0.46033791 -0.20042628
-0.19452888 0.96486664 0.17661104 -0.10712853
0.48931667 -0.06059369 0.86999875 0.34749544
0.00000000 0.00000000 0.00000000 1.00000000
77 3.345271 0.043909
0.81444025 -0.23805374 0.52916688 -1.79179204
0.28446758 0.95866293 -0.00655439 -0.30908406
-0.50573277 0.15586922 0.84849238 1.31471109
0.00000000 0.00000000 0.00000000 1.00000000
78 93.943627 1.966742
0.93710172 0.19086185 -0.29225045 0.56403095
-0.19991204 0.97981262 -0.00112550 -0.29355586
0.28613544 0.05947945 0.95634013 1.02029419
0.00000000 0.00000000 0.00000000 1.00000000
79 5.036917 0.125969
0.23692758 -0.34086233 0.90976810 -1.37706029
0.50203580 0.84466839 0.18572809 -0.14098012
-0.83175999 0.41273195 0.37125015 1.13434017
0.00000000 0.00000000 0.00000000 1.00000000
80 94.492372 1.592699
0.94530249 0.24080810 -0.22003283 -0.13063952
-0.23984182 0.97030044 0.03151019 0.33072904
0.22108603 0.02298637 0.97498345 0.01269865
0.00000000 0.00000000 0.00000000 1.00000000
81 81.641577 0.979364
0.97654068 -0.11734787 0.18054754 0.07656902
0.15232274 0.96910256 -0.19400786 0.46586636
-0.15220276 0.21695819 0.96424258 0.00216639
0.00000000 0.00000000 0.00000000 1.00000000
82 3.141490 0.061322
0.97173500 -0.19317895 0.13569622 0.82273769
0.13648304 0.92871672 0.34475997 0.00857988
-0.19262357 -0.31649470 0.92883122 0.81620717
0.00000000 0.00000000 0.00000000 1.00000000
83 2.643973 0.079684
0.96759927 -0.16917932 0.18743265 0.84106338
0.08833265 0.92223299 0.37641001 0.04038420
-0.23653756 -0.34765691 0.90729535 0.47300220
0.00000000 0.00000000 0.00000000 1.00000000
84 2.350020 0.091369
0.98477662 -0.13068442 0.11462280 0.70787990
0.08472776 0.93662345 0.33993867 0.11067197
-0.15178347 -0.32505158 0.93343645 0.03733110
0.00000000 0.00000000 0.00000000 1.00000000
85 2.297632 0.103444
0.96660256 -0.15803428 0.20175794 0.60878628
0.08529508 0.94074130 0.32822734 0.16185577
-0.24167249 -0.30005538 0.92280102 -0.45738268
0.00000000 0.00000000 0.00000000 1.00000000
86 1.858780 0.061428
0.99362355 -0.07681742 -0.08253431 0.86765999
0.09855337 0.94730771 0.30478913 0.17485186
0.05477199 -0.31097910 0.94883764 -0.60992599
0.00000000 0.00000000 0.00000000 1.00000000
87 1.011044 0.017744
0.98669583 0.10162103 -0.12690744 0.17038897
-0.10826148 0.99303138 -0.04656246 0.13005941
0.12129086 0.05968249 0.99082112 -0.26131749
0.00000000 0.00000000 0.00000000 1.00000000
88 1.099673 0.048161
0.84124476 0.29348803 -0.45406210 0.20290443
-0.34425020 0.93835700 -0.03127783 0.23663355
0.41689289 0.18262336 0.89042097 -0.29611588
0.00000000 0.00000000 0.00000000 1.00000000
89 93.474842 1.876183
-0.53469574 0.08321019 0.84093803 -1.97143042
0.31564417 0.94277835 0.10741042 -0.19741967
-0.78388071 0.32286966 -0.53036463 3.41220307
0.00000000 0.00000000 0.00000000 1.00000000
90 92.712798 2.193990
0.90054327 0.26379192 -0.34559327 0.60418820
-0.27913129 0.96023673 0.00559248 -0.21237226
0.33332637 0.09142949 0.93836713 0.91906190
0.00000000 0.00000000 0.00000000 1.00000000
91 1.422440 0.026540
0.29400459 -0.30789354 0.90485555 -1.45823181
0.46809903 0.87177479 0.14454335 -0.29812640
-0.83333433 0.38106602 0.40043032 1.46321106
0.00000000 0.00000000 0.00000000 1.00000000
92 92.194672 2.294210
0.92547691 0.24598445 -0.28806895 0.41361308
-0.24225298 0.96896881 0.04912446 0.30628914
0.29121378 0.02432211 0.95634860 -0.15676427
0.00000000 0.00000000 0.00000000 1.00000000
93 164.332823 3.952333
0.07224242 -0.85295993 -0.51695341 1.29399288
-0.93515319 0.12229335 -0.33246565 0.86375237
0.34679970 0.50744843 -0.78881359 3.28033495
0.00000000 0.00000000 0.00000000 1.00000000
94 3.414091 0.077826
0.98899078 -0.14613914 0.02326533 0.57802069
0.12885693 0.92778194 0.35017323 -0.07000950
-0.07275899 -0.34331915 0.93639648 0.92680180
0.00000000 0.00000000 0.00000000 1.00000000
95 2.415894 0.065284
0.98736727 -0.12427433 0.09829104 0.54340756
0.07968125 0.92564231 0.36991352 0.02818796
-0.13695297 -0.35740945 0.92385197 0.57513571
0.00000000 0.00000000 0.00000000 1.00000000
96 2.274688 0.065710
0.99388003 -0.11046767 0.00022249 0.44495255
0.10334416 0.93048936 0.35143781 0.05119503
-0.03902958 -0.34926477 0.93621069 0.13673544
0.00000000 0.00000000 0.00000000 1.00000000
97 1.648533 0.047915
0.98841327 -0.10600036 0.10863966 0.33133319
0.06257269 0.93665606 0.34461361 0.08263725
-0.13828748 -0.33382350 0.93243659 -0.33553851
0.00000000 0.00000000 0.00000000 1.00000000
98 1.156906 0.019342
0.98602116 -0.02648598 -0.16450259 0.53764421
0.07744319 0.94701409 0.31171530 0.12642656
0.14753020 -0.32009760 0.93582720 -0.58529949
0.00000000 0.00000000 0.00000000 1.00000000
99 2.949288 0.109172
0.93464690 0.04046041 -0.35326859 0.71272707
0.07478344 0.94891739 0.30653703 0.14368314
0.34762499 -0.31292164 0.88387609 -0.75358415
0.00000000 0.00000000 0.00000000 1.00000000
100 0.915571 0.017194
0.92265797 0.20028761 -0.32952502 -0.10760991
-0.22025564 0.97514659 -0.02400713 0.16666293
0.31652641 0.09473006 0.94384146 -0.11950076
0.00000000 0.00000000 0.00000000 1.00000000
101 5.123232 0.087635
0.83400124 0.31332952 -0.45416623 -0.64768392
-0.21289738 0.94211781 0.25901651 -0.07339109
0.50903553 -0.11932877 0.85243392 0.40667927
0.00000000 0.00000000 0.00000000 1.00000000
102 152.789922 4.080165
-0.95901585 0.04291135 0.28008533 0.39361507
-0.09800939 0.87721801 -0.46998167 1.45228791
-0.26586366 -0.47817069 -0.83706003 3.93517280
0.00000000 0.00000000 0.00000000 1.00000000
103 2.237034 0.069795
0.76922119 -0.34224260 0.53960043 -1.96000814
0.36723050 0.92785645 0.06499335 -0.57551974
-0.52291530 0.14816347 0.83940864 1.80705094
0.00000000 0.00000000 0.00000000 1.00000000
104 92.952949 1.315033
0.95717901 0.22549641 -0.18154429 -0.15010053
-0.21277249 0.97321951 0.08700851 -0.34351963
0.19630265 -0.04465488 0.97952533 1.20630395
0.00000000 0.00000000 0.00000000 1.00000000
105 94.268061 1.498168
0.98049760 0.16382456 -0.10856888 -0.14922374
-0.15856555 0.98578930 0.05547684 -0.01983693
0.11611539 -0.03718010 0.99254060 0.61634040
0.00000000 0.00000000 0.00000000 1.00000000
106 86.236130 2.582780
-0.93236774 0.09840226 0.34785998 -0.33490697
0.35246259 0.46136829 0.81419265 -1.41269875
-0.08037323 0.88173473 -0.46484798 3.09207797
0.00000000 0.00000000 0.00000000 1.00000000
107 91.965656 1.002581
0.89252174 -0.32593840 0.31171834 -0.52248746
0.34846783 0.93715060 -0.01784088 0.19377935
-0.28631198 0.12454735 0.95000696 0.22907519
0.00000000 0.00000000 0.00000000 1.00000000
108 3.656448 0.060714
0.69708341 0.31649172 -0.64335680 0.11386126
-0.44828564 0.89267576 -0.04658061 0.15151635
0.55956650 0.32087836 0.76414794 0.44041395
0.00000000 0.00000000 0.00000000 1.00000000
109 4.702530 0.136757
0.68870521 0.23250471 -0.68675113 -0.17941511
-0.35612965 0.93353289 -0.04108852 0.07602066
0.63155144 0.27287018 0.72573119 0.59712780
0.00000000 0.00000000 0.00000000 1.00000000
110 3.803644 0.072217
0.94990939 -0.28730017 0.12299967 0.49336889
0.20735487 0.87385452 0.43975285 -0.14725652
-0.23382488 -0.39222124 0.88965541 1.25971448
0.00000000 0.00000000 0.00000000 1.00000000
111 3.604891 0.048480
0.95681536 -0.21671832 0.19374029 0.50150895
0.11029667 0.88729358 0.44781840 -0.04992712
-0.26895556 -0.40711278 0.87288117 0.91247129
0.00000000 0.00000000 0.00000000 1.00000000
112 2.859375 0.068613
0.96912003 -0.21717440 0.11679711 0.33533597
0.15257376 0.90020090 0.40787226 0.03403962
-0.19372022 -0.37745684 0.90553784 0.45443141
0.00000000 0.00000000 0.00000000 1.00000000
113 179.853290 3.880374
0.73749900 -0.32393503 0.59259063 -2.39287329
-0.34459576 -0.93513513 -0.08232227 0.19743836
0.58081865 -0.14349106 -0.80128694 2.53941751
0.00000000 0.00000000 0.00000000 1.00000000
114 0.930411 0.032866
0.90357018 0.22169410 -0.36662024 -0.04871780
-0.19257617 0.97455609 0.11468957 0.00892963
0.38271758 -0.03302884 0.92327440 0.01189303
0.00000000 0.00000000 0.00000000 1.00000000
115 2.812577 0.121002
0.70776373 0.36237645 -0.60642588 -0.09532896
-0.21794131 0.92854625 0.30050150 0.05646706
0.67199016 -0.08051932 0.73616970 0.09656906
0.00000000 0.00000000 0.00000000 1.00000000
116 3.113196 0.059710
0.87940681 0.22893076 -0.41741502 -0.32060954
-0.12088837 0.95543385 0.26931870 -0.01788228
0.46046746 -0.18637982 0.86788988 0.23176444
0.00000000 0.00000000 0.00000000 1.00000000
117 1.550155 0.044298
0.98853660 0.07562256 -0.13068174 -0.61245292
-0.03952811 0.96496284 0.25939336 -0.21093275
0.14571899 -0.25125387 0.95688963 0.58266270
0.00000000 0.00000000 0.00000000 1.00000000
118 2.168982 0.091401
0.97800410 -0.03021907 -0.20638511 -0.99717116
0.05866886 0.98935747 0.13315371 -0.29865813
0.20016484 -0.14233324 0.96936858 1.10696185
0.00000000 0.00000000 0.00000000 1.00000000
119 91.361810 1.629501
0.35498130 -0.66555190 0.65652847 -0.44707444
0.57835442 0.70809120 0.40510979 -0.83126205
-0.73450327 0.23589948 0.63628423 1.86409402
0.00000000 0.00000000 0.00000000 1.00000000
120 1.306861 0.037229
0.74963373 -0.37461534 0.54563046 -2.13575554
0.38158092 0.91821736 0.10617539 -0.46051306
-0.54078215 0.12860948 0.83127284 1.53312922
0.00000000 0.00000000 0.00000000 1.00000000
121 5.218268 0.077366
0.50007039 -0.49274120 0.71213460 -1.71934247
0.46609038 0.84621656 0.25822121 -0.59747267
-0.72985578 0.20279050 0.65283006 1.73440552
0.00000000 0.00000000 0.00000000 1.00000000
122 95.337926 1.153164
0.99572390 -0.00966383 0.09187315 0.04706052
-0.00041338 0.99403679 0.10904279 -0.49620658
-0.09237909 -0.10861459 0.98978245 1.31692970
0.00000000 0.00000000 0.00000000 1.00000000
123 6.307143 0.185579
0.57982039 0.46784714 -0.66702938 0.82634073
-0.32974645 0.88340133 0.33297265 0.24241635
0.74503434 0.02688766 0.66648483 -0.06136894
0.00000000 0.00000000 0.00000000 1.00000000
124 0.000000 0.027177
0.73414689 0.37328646 -0.56717360 0.43022659
-0.35536554 0.92301559 0.14750102 0.17403254
0.57857078 0.09326604 0.81028217 0.26707458
0.00000000 0.00000000 0.00000000 1.00000000
125 1.045301 0.057300
0.91004795 0.16562583 -0.37997535 0.16051257
-0.21511403 0.97230399 -0.09138879 -0.05622005
0.35431507 0.16490629 0.92047101 0.56384385
0.00000000 0.00000000 0.00000000 1.00000000
126 0.890873 0.060873
0.91183966 0.07423353 -0.40378004 -0.17844486
-0.09357469 0.99520814 -0.02835116 -0.16678524
0.39974093 0.06363478 0.91441631 0.69959891
0.00000000 0.00000000 0.00000000 1.00000000
127 178.245315 3.554633
0.41262850 -0.43444502 0.80062205 -2.44847822
-0.42469463 -0.86931443 -0.25283852 0.35772666
0.80583626 -0.23569131 -0.54321027 2.16465569
0.00000000 0.00000000 0.00000000 1.00000000
128 0.772784 0.026093
0.94129682 0.13534221 -0.30926228 -0.08589451
-0.08304825 0.98079884 0.17645490 0.04804321
0.32720596 -0.14041305 0.93446255 0.03713524
0.00000000 0.00000000 0.00000000 1.00000000
129 1.711208 0.046928
0.99681425 -0.01796763 -0.07771284 -0.25736421
0.03237592 0.98157078 0.18833761 -0.03820998
0.07289669 -0.19025332 0.97902477 0.21250415
0.00000000 0.00000000 0.00000000 1.00000000
130 1.759919 0.037177
0.95887810 -0.14671093 0.24295785 -0.56915992
0.10053271 0.97610319 0.19265193 -0.21273828
-0.26541623 -0.16030511 0.95071352 0.54473257
0.00000000 0.00000000 0.00000000 1.00000000
131 0.939620 0.030680
0.94107872 -0.27683648 0.19424754 -0.98916668
0.25485936 0.95809913 0.13073140 -0.32155627
-0.22229995 -0.07352385 0.97220170 1.08476996
0.00000000 0.00000000 0.00000000 1.00000000
132 1.807969 0.070098
0.98937261 -0.12943289 -0.06625689 -1.21274042
0.13373969 0.98886275 0.06530994 -0.15579824
0.05706581 -0.07347625 0.99566305 0.61134410
0.00000000 0.00000000 0.00000000 1.00000000
133 5.779775 0.215201
0.96816790 -0.04828010 -0.24560247 -1.46265841
0.06512278 0.99601626 0.06091988 0.13114953
0.24168275 -0.07497493 0.96745461 0.01287770
0.00000000 0.00000000 0.00000000 1.00000000
134 4.049220 0.099745
0.98907459 -0.13190210 -0.06583901 -2.08886242
0.13779651 0.98590451 0.09489502 0.15592518
0.05239432 -0.10293050 0.99330789 -0.04896235
0.00000000 0.00000000 0.00000000 1.00000000
135 1.475650 0.056656
0.84370917 -0.36686957 0.39186692 -2.26494575
0.33159968 0.93026769 0.15697317 -0.14218077
-0.42213047 -0.00249712 0.90653163 0.58641684
0.00000000 0.00000000 0.00000000 1.00000000
136 0.371150 0.076570
0.38890782 -0.44756469 0.80525631 -2.13365340
0.48915064 0.84100121 0.23119113 -0.46782559
-0.78069431 0.30397931 0.54599845 1.50310290
0.00000000 0.00000000 0.00000000 1.00000000
137 1.409449 0.027378
0.00864536 -0.49383140 0.86951464 -1.70503211
0.51481551 0.74765170 0.41950178 -0.59967434
-0.85725760 0.44401330 0.26069593 1.72878408
0.00000000 0.00000000 0.00000000 1.00000000
138 4.773150 0.141299
0.46835721 0.68259519 -0.56098700 0.82129526
-0.63684440 0.70091474 0.32116640 -0.10594183
0.61243033 0.20684108 0.76298511 0.12963498
0.00000000 0.00000000 0.00000000 1.00000000
139 0.000000 0.035252
0.86534834 0.35005730 -0.35865110 0.79184115
-0.33136967 0.93652034 0.11455715 0.31359187
0.37598541 0.01971358 0.92641580 -0.11348689
0.00000000 0.00000000 0.00000000 1.00000000
140 0.000000 0.036208
0.95784801 0.15318960 -0.24302205 0.45393765
-0.16955392 0.98436189 -0.04778412 0.18608715
0.23190124 0.08697525 0.96884304 0.26360905
0.00000000 0.00000000 0.00000000 1.00000000
141 0.000000 0.015997
0.99847680 -0.05220532 -0.01781186 0.20498270
0.04805310 0.98178244 -0.18382196 -0.07622573
0.02708376 0.18268494 0.98279822 0.53325927
0.00000000 0.00000000 0.00000000 1.00000000
142 1.083178 0.034645
0.98508883 -0.16634108 -0.04393485 -0.12681559
0.16195220 0.98273259 -0.08948115 -0.16333534
0.05806029 0.08103034 0.99501872 0.66914845
0.00000000 0.00000000 0.00000000 1.00000000
143 2.104870 0.069834
0.98093063 -0.06568511 -0.18291426 0.78413999
0.09793664 0.97998780 0.17330021 0.31641483
0.16787234 -0.18790950 0.96773326 -0.59481239
0.00000000 0.00000000 0.00000000 1.00000000
144 1.342318 0.036415
0.85333866 0.17557585 -0.49090415 0.83532292
-0.06919980 0.97140193 0.22713909 0.17667325
0.51674479 -0.15985507 0.84108377 -0.28089678
0.00000000 0.00000000 0.00000000 1.00000000
145 0.642244 0.033447
0.62932819 0.35785860 -0.68984312 0.73913729
-0.26133758 0.93342447 0.24580571 -0.07639371
0.73188066 0.02558890 0.68095231 0.05583477
0.00000000 0.00000000 0.00000000 1.00000000
146 1.115924 0.025334
0.51956308 0.43932518 -0.73283535 0.62609774
-0.36563951 0.88950610 0.27401775 -0.27665505
0.77224505 0.12558416 0.62278926 0.21493793
0.00000000 0.00000000 0.00000000 1.00000000
147 0.491783 0.018454
0.66715878 0.32439935 -0.67057002 0.48998654
-0.29489762 0.94167024 0.16215082 -0.32747298
0.68405712 0.08956939 0.72390842 0.28029537
0.00000000 0.00000000 0.00000000 1.00000000
148 0.626201 0.017262
0.86414307 0.17981048 -0.47002599 0.39570451
-0.17066491 0.98334962 0.06241727 -0.22250599
0.47342327 0.02627891 0.88044292 0.08831918
0.00000000 0.00000000 0.00000000 1.00000000
149 1.025647 0.018170
0.95939827 -0.10392390 0.26221105 -0.19543234
0.09628700 0.99447346 0.04184589 -0.06340735
-0.26511097 -0.01489961 0.96410280 0.15445471
0.00000000 0.00000000 0.00000000 1.00000000
150 3.066565 0.029393
0.82368398 -0.13803509 0.54999077 -0.51802325
0.12328467 0.99031097 0.06391031 -0.23055017
-0.55348432 0.01516289 0.83272135 0.45837927
0.00000000 0.00000000 0.00000000 1.00000000
151 1.007942 0.011706
0.79931468 -0.29584587 0.52304029 -0.93469822
0.32029808 0.94621271 0.04572073 -0.30040902
-0.50843382 0.13098350 0.85108078 0.99041474
0.00000000 0.00000000 0.00000000 1.00000000
152 1.501678 0.038816
0.93645620 -0.19901024 0.28886610 -1.12862599
0.21939822 0.97482723 -0.03966039 -0.17769805
-0.27370200 0.10051534 0.95654690 0.57100058
0.00000000 0.00000000 0.00000000 1.00000000
153 2.331122 0.076900
0.97991949 -0.11019726 0.16617464 -1.48608303
0.12429928 0.98925483 -0.07696742 0.13718605
-0.15590766 0.09607705 0.98308784 0.04788613
0.00000000 0.00000000 0.00000000 1.00000000
154 2.528943 0.098292
0.95353639 -0.12402067 0.27456391 -1.89382732
0.14406514 0.98809206 -0.05400631 0.25600025
-0.26459679 0.09105092 0.96005070 -0.07508445
0.00000000 0.00000000 0.00000000 1.00000000
155 2.425596 0.078739
0.64109516 -0.35590458 0.67994708 -2.17903233
0.38599005 0.91528708 0.11515391 -0.13937838
-0.66333115 0.18862820 0.72416240 0.46799767
0.00000000 0.00000000 0.00000000 1.00000000
156 4.086386 0.082016
0.08858422 -0.36203024 0.92794740 -2.14049602
0.55296522 0.79274273 0.25649405 -0.47216398
-0.82848209 0.49040139 0.27041507 1.31565285
0.00000000 0.00000000 0.00000000 1.00000000
157 0.000000 0.027887
0.63514972 0.56632221 -0.52522743 1.02039170
-0.64854133 0.76034838 0.03556727 -0.26055896
0.41949815 0.31804129 0.85021847 0.17496824
0.00000000 0.00000000 0.00000000 1.00000000
158 0.465622 0.015834
0.97555280 0.19390941 -0.10343133 0.86709177
-0.20662764 0.96959311 -0.13113186 0.27216002
0.07485795 0.14929798 0.98595482 -0.15649271
0.00000000 0.00000000 0.00000000 1.00000000
159 1.298750 0.032622
0.99882203 0.02875420 0.03907546 0.56821722
-0.01902912 0.97308677 -0.22965296 0.14161718
-0.04462718 0.22863922 0.97248781 0.20397961
0.00000000 0.00000000 0.00000000 1.00000000
160 1.285727 0.024400
0.94274229 -0.12763312 0.30813390 0.27397630
0.22039545 0.93182075 -0.28833258 -0.08457632
-0.25032482 0.33973455 0.90659678 0.45006943
0.00000000 0.00000000 0.00000000 1.00000000
161 1.347556 0.030659
0.92200464 -0.24163023 0.30252868 -0.04874763
0.30040637 0.93938810 -0.16524410 -0.17473173
-0.24426380 0.24323785 0.93870687 0.60029840
0.00000000 0.00000000 0.00000000 1.00000000
162 1.937752 0.064147
0.97251260 -0.16873017 0.16046527 0.90198600
0.16390081 0.98554033 0.04296432 0.30236951
-0.16539440 -0.01548311 0.98610574 -0.61657643
0.00000000 0.00000000 0.00000000 1.00000000
163 0.647101 0.012231
0.97848874 0.01811828 -0.20550185 0.94133335
-0.00509763 0.99795622 0.06371731 0.10675637
0.20623586 -0.06129810 0.97658050 -0.27361083
0.00000000 0.00000000 0.00000000 1.00000000
164 1.732574 0.067949
0.86439419 0.18537623 -0.46739548 0.77469671
-0.20202839 0.97926813 0.01476526 -0.16022325
0.46044263 0.08166397 0.88392508 0.09075856
0.00000000 0.00000000 0.00000000 1.00000000
165 0.770756 0.016788
0.87372196 0.15412194 -0.46136257 0.59632677
-0.21578869 0.97284710 -0.08366926 -0.37184525
0.43594012 0.17265987 0.88325745 0.27934992
0.00000000 0.00000000 0.00000000 1.00000000
166 1.824133 0.048872
0.98160338 0.03743193 -0.18722861 0.49291021
-0.06074363 0.99086916 -0.12036657 -0.28566098
0.18101302 0.12952492 0.97491437 0.05544531
0.00000000 0.00000000 0.00000000 1.00000000
167 1.061647 0.015047
0.94505143 -0.05456030 0.32233736 -0.37872463
0.05496925 0.99845666 0.00784042 -0.15494278
-0.32226756 0.01030853 0.94659227 0.24668634
0.00000000 0.00000000 0.00000000 1.00000000
168 0.915143 0.032333
0.93746406 -0.19877149 0.28575042 -0.78747702
0.22093198 0.97414809 -0.04718325 -0.20260730
-0.26898474 0.10736471 0.95714211 0.80035698
0.00000000 0.00000000 0.00000000 1.00000000
169 1.209175 0.025804
0.99269104 -0.10915079 0.05147101 -0.99040174
0.11424877 0.98739141 -0.10956541 -0.09034294
-0.03886252 0.11464483 0.99264592 0.42711854
0.00000000 0.00000000 0.00000000 1.00000000
170 5.893020 0.238349
0.99624050 0.04288042 -0.07527366 -1.29010785
-0.05591440 0.98195916 -0.18063816 0.39228654
0.06616968 0.18416788 0.98066509 0.04426670
0.00000000 0.00000000 0.00000000 1.00000000
171 1.625099 0.055340
0.99949890 -0.02945957 0.01156220 -1.71947289
0.03039685 0.99532616 -0.09166426 0.28595543
-0.00880779 0.09196976 0.99572289 -0.22028780
0.00000000 0.00000000 0.00000000 1.00000000
172 1.509736 0.030644
0.82939857 -0.25217235 0.49850619 -2.14587903
0.29248565 0.95626682 -0.00289178 -0.02143817
-0.47597453 0.14820468 0.86688179 0.27113056
0.00000000 0.00000000 0.00000000 1.00000000
173 0.812770 0.046243
0.35700333 -0.28155521 0.89066011 -2.21843648
0.46953523 0.87836933 0.08946608 -0.31025779
-0.80751818 0.38625664 0.44578069 1.15349317
0.00000000 0.00000000 0.00000000 1.00000000
174 1.459649 0.031159
-0.02514247 -0.32310331 0.94602829 -1.91086817
0.48074281 0.82581139 0.29482219 -0.48648494
-0.87650025 0.46220821 0.13456634 1.43593359
0.00000000 0.00000000 0.00000000 1.00000000
175 3.677380 0.078876
0.43228874 0.57063222 -0.69821686 1.25351453
-0.63769031 0.74091399 0.21071191 -0.47348833
0.63755655 0.35415834 0.68417412 0.22932816
0.00000000 0.00000000 0.00000000 1.00000000
176 0.000000 0.009028
0.88750184 0.28305525 -0.36362079 1.11850476
-0.33691075 0.93693507 -0.09296671 0.27515689
0.31437472 0.20501533 0.92689621 -0.21269417
0.00000000 0.00000000 0.00000000 1.00000000
177 0.756922 0.031483
0.96668112 0.14135692 -0.21341139 0.79494506
-0.19164968 0.95234042 -0.23730947 0.20359161
0.16969541 0.27030206 0.94770229 0.12221634
0.00000000 0.00000000 0.00000000 1.00000000
178 0.000000 0.029158
0.99775994 -0.02986080 0.05985821 0.44737601
0.04990234 0.92817324 -0.36878487 0.06264448
-0.04454659 0.37094536 0.92758548 0.33218431
0.00000000 0.00000000 0.00000000 1.00000000
179 0.000000 0.027357
0.98853463 -0.13703053 0.06341778 0.09807630
0.14891203 0.95425320 -0.25928345 -0.03278881
-0.02498690 0.26575553 0.96371746 0.46432185
0.00000000 0.00000000 0.00000000 1.00000000
180 1.258655 0.036752
0.88314843 0.10909954 -0.45623034 1.19067979
-0.09626421 0.99402982 0.05136144 0.13625622
0.45911014 -0.00144106 0.88837820 -0.30885863
0.00000000 0.00000000 0.00000000 1.00000000
181 1.386210 0.029571
0.88756114 0.10863650 -0.44769797 0.74896038
-0.19364396 0.96975565 -0.14858274 -0.19331785
0.41801608 0.21857062 0.88175380 0.01985896
0.00000000 0.00000000 0.00000000 1.00000000
182 1.502980 0.021249
0.99055052 -0.13519938 -0.02302533 -0.44781256
0.13201177 0.98544222 -0.10712534 0.03261906
0.03717331 0.10307282 0.99397874 0.58569384
0.00000000 0.00000000 0.00000000 1.00000000
183 1.411669 0.011610
0.95301163 -0.06523254 -0.29582828 -0.53358632
0.02764444 0.99119318 -0.12950927 0.09850216
0.30167121 0.11524639 0.94642138 0.31478214
0.00000000 0.00000000 0.00000000 1.00000000
184 5.600177 0.097866
0.97364652 -0.11913440 0.19447596 -1.81913543
0.13796443 0.98667175 -0.08629221 0.30072814
-0.18160290 0.11084932 0.97710490 -0.01811075
0.00000000 0.00000000 0.00000000 1.00000000
185 0.705544 0.050607
0.64755321 -0.24345534 0.72208327 -2.19833851
0.41308284 0.90843034 -0.06416309 0.02081364
-0.64034128 0.33982921 0.68882430 0.79188752
0.00000000 0.00000000 0.00000000 1.00000000
186 2.575267 0.081914
0.32904729 -0.32111895 0.88803768 -2.05687451
0.52210730 0.84545952 0.11226466 -0.16119757
-0.78684974 0.42671070 0.44585466 1.04821420
0.00000000 0.00000000 0.00000000 1.00000000
187 1.737312 0.012761
0.69683766 0.36262727 -0.61880493 1.59050345
-0.43322593 0.90040690 0.03979361 0.24363646
0.57160640 0.24035302 0.78453612 -0.16407907
0.00000000 0.00000000 0.00000000 1.00000000
188 2.057093 0.054215
0.83848315 0.18145454 -0.51382929 1.26957214
-0.30419269 0.93819946 -0.16507336 0.29660720
0.45212084 0.29471466 0.84186125 0.12474322
0.00000000 0.00000000 0.00000000 1.00000000
189 1.884294 0.032611
0.96469176 0.02367985 -0.26231411 0.89290971
-0.11672803 0.93123674 -0.34521607 0.22945279
0.23610181 0.36364701 0.90112007 0.25289237
0.00000000 0.00000000 0.00000000 1.00000000
190 1.417755 0.031088
0.96277982 -0.07830602 -0.25869650 0.52248430
0.00327951 0.96042806 -0.27851060 0.17987812
0.27026817 0.26729652 0.92493701 0.37941849
0.00000000 0.00000000 0.00000000 1.00000000
191 4.508847 0.181933
0.70267123 0.11702082 -0.70182461 1.56741822
-0.11910069 0.99180889 0.04612741 0.31263003
0.70147473 0.05117576 0.71085405 -0.31379509
0.00000000 0.00000000 0.00000000 1.00000000
192 7.258041 0.175108
0.71454644 0.23665765 -0.65834332 1.11614442
-0.30658296 0.95179743 0.00939111 -0.24282587
0.62883246 0.19512627 0.75265884 0.07708955
0.00000000 0.00000000 0.00000000 1.00000000
193 1.764362 0.066943
0.89947230 0.31730023 -0.30044746 -0.76894975
-0.27055031 0.94430792 0.18730938 0.14422034
0.34314835 -0.08719449 0.93522501 -0.07084370
0.00000000 0.00000000 0.00000000 1.00000000
194 1.838028 0.014182
0.94004464 0.29586989 -0.16963544 -0.52940613
-0.27920389 0.95326960 0.11541803 0.23641853
0.19585776 -0.06113511 0.97872460 -0.27252972
0.00000000 0.00000000 0.00000000 1.00000000
195 1.419686 0.036580
0.96753597 0.24440837 -0.06432071 -0.30281484
-0.23699738 0.96582347 0.10496058 0.24920143
0.08777627 -0.08630948 0.99239397 -0.29550958
0.00000000 0.00000000 0.00000000 1.00000000
196 0.000000 0.019047
0.92041719 0.34081215 -0.19151345 -0.03141272
-0.33526918 0.94010168 0.06166619 0.42126453
0.20105945 0.00744997 0.97955072 -0.55986297
0.00000000 0.00000000 0.00000000 1.00000000
197 122.767821 3.316532
0.86547804 0.49569166 0.07237007 -0.32362270
0.14800739 -0.39104444 0.90839356 -2.38120389
0.47858295 -0.77548373 -0.41180629 2.92908835
0.00000000 0.00000000 0.00000000 1.00000000
198 122.862860 1.962523
