11 90.615323 2.289666
0.92027891 0.38962054 -0.03580809 -0.54471552
-0.37856072 0.90979642 0.17018116 0.32129782
0.09888402 -0.14305872 0.98476183 -0.71857691
0.00000000 0.00000000 0.00000000 1.00000000
13 97.614076 3.175827
0.62694246 -0.72325081 -0.28956935 -0.28239566
0.76670372 0.50684285 0.39404702 -1.33570564
-0.13822910 -0.46906012 0.87228090 -1.59439039
0.00000000 0.00000000 0.00000000 1.00000000
14 175.528100 3.748792
-0.94057351 -0.13608022 -0.31113341 0.10631505
0.31291613 0.00863912 -0.94974202 2.26300168
0.13192900 -0.99066013 0.03445604 1.26312053
0.00000000 0.00000000 0.00000000 1.00000000
15 92.543876 2.584501
0.91239476 -0.06732424 0.40373826 -0.83186728
0.13400315 0.98115319 -0.13921821 1.08383405
-0.38675690 0.18112373 0.90421999 -0.67113924
0.00000000 0.00000000 0.00000000 1.00000000
28 174.585554 4.439110
-0.37028009 -0.82928598 -0.41854408 0.77686352
-0.67367792 0.54995656 -0.49366710 0.11429469
0.63957226 0.09916812 -0.76230830 4.22274971
0.00000000 0.00000000 0.00000000 1.00000000
29 113.334149 1.944637
-0.08523345 0.82034630 0.56548071 -0.56179947
-0.99278629 -0.02189031 -0.11788632 -0.01570593
-0.08432912 -0.57144928 0.81629318 0.48841882
0.00000000 0.00000000 0.00000000 1.00000000
30 55.875035 2.543676
0.87521493 0.13853718 0.46347380 0.02171797
-0.02623805 0.97029841 -0.24048439 0.54785919
-0.48302394 0.19831556 0.85285437 0.23749006
0.00000000 0.00000000 0.00000000 1.00000000
31 177.412260 4.568996
0.19824280 -0.56686199 -0.79960430 1.18519557
-0.83867055 0.32411271 -0.43770111 0.99406219
0.50727791 0.75737596 -0.41115737 3.76523018
0.00000000 0.00000000 0.00000000 1.00000000
34 178.529997 3.349764
0.99250156 -0.10843584 0.05641697 0.89591980
-0.11095479 -0.99286836 0.04360256 -0.40027642
0.05128659 -0.04953530 -0.99745488 3.54538131
0.00000000 0.00000000 0.00000000 1.00000000
68 85.920899 3.679096
-0.96234566 0.17790903 0.20552194 -0.95234364
0.26935762 0.52240074 0.80903912 -1.91181159
0.03657030 0.83393413 -0.55065167 3.98563719
0.00000000 0.00000000 0.00000000 1.00000000
72 10.178345 0.482636
0.84035540 -0.28810915 0.45912421 0.53739560
0.06414223 0.89394414 0.44356400 -0.25698730
-0.53822631 -0.34330273 0.76971132 0.12440348
0.00000000 0.00000000 0.00000000 1.00000000
78 93.943627 1.966742
0.93710172 0.19086185 -0.29225045 0.56403095
-0.19991204 0.97981262 -0.00112550 -0.29355586
0.28613544 0.05947945 0.95634013 1.02029419
0.00000000 0.00000000 0.00000000 1.00000000
80 94.492372 1.592699
0.94530249 0.24080810 -0.22003283 -0.13063952
-0.23984182 0.97030044 0.03151019 0.33072904
0.22108603 0.02298637 0.97498345 0.01269865
0.00000000 0.00000000 0.00000000 1.00000000
81 81.641577 0.979364
0.97654068 -0.11734787 0.18054754 0.07656902
0.15232274 0.96910256 -0.19400786 0.46586636
-0.15220276 0.21695819 0.96424258 0.00216639
0.00000000 0.00000000 0.00000000 1.00000000
89 93.474842 1.876183
-0.53469574 0.08321019 0.84093803 -1.97143042
0.31564417 0.94277835 0.10741042 -0.19741967
-0.78388071 0.32286966 -0.53036463 3.41220307
0.00000000 0.00000000 0.00000000 1.00000000
90 92.712798 2.193990
0.90054327 0.26379192 -0.34559327 0.60418820
-0.27913129 0.96023673 0.00559248 -0.21237226
0.33332637 0.09142949 0.93836713 0.91906190
0.00000000 0.00000000 0.00000000 1.00000000
92 92.194672 2.294210
0.92547691 0.24598445 -0.28806895 0.41361308
-0.24225298 0.96896881 0.04912446 0.30628914
0.29121378 0.02432211 0.95634860 -0.15676427
0.00000000 0.00000000 0.00000000 1.00000000
93 164.332823 3.952333
0.07224242 -0.85295993 -0.51695341 1.29399288
-0.93515319 0.12229335 -0.33246565 0.86375237
0.34679970 0.50744843 -0.78881359 3.28033495
0.00000000 0.00000000 0.00000000 1.00000000
102 152.789922 4.080165
-0.95901585 0.04291135 0.28008533 0.39361507
-0.09800939 0.87721801 -0.46998167 1.45228791
-0.26586366 -0.47817069 -0.83706003 3.93517280
0.00000000 0.00000000 0.00000000 1.00000000
104 92.952949 1.315033
0.95717901 0.22549641 -0.18154429 -0.15010053
-0.21277249 0.97321951 0.08700851 -0.34351963
0.19630265 -0.04465488 0.97952533 1.20630395
0.00000000 0.00000000 0.00000000 1.00000000
105 94.268061 1.498168
0.98049760 0.16382456 -0.10856888 -0.14922374
-0.15856555 0.98578930 0.05547684 -0.01983693
0.11611539 -0.03718010 0.99254060 0.61634040
0.00000000 0.00000000 0.00000000 1.00000000
106 86.236130 2.582780
-0.93236774 0.09840226 0.34785998 -0.33490697
0.35246259 0.46136829 0.81419265 -1.41269875
-0.08037323 0.88173473 -0.46484798 3.09207797
0.00000000 0.00000000 0.00000000 1.00000000
107 91.965656 1.002581
0.89252174 -0.32593840 0.31171834 -0.52248746
0.34846783 0.93715060 -0.01784088 0.19377935
-0.28631198 0.12454735 0.95000696 0.22907519
0.00000000 0.00000000 0.00000000 1.00000000
113 179.853290 3.880374
0.73749900 -0.32393503 0.59259063 -2.39287329
-0.34459576 -0.93513513 -0.08232227 0.19743836
0.58081865 -0.14349106 -0.80128694 2.53941751
0.00000000 0.00000000 0.00000000 1.00000000
119 91.361810 1.629501
0.35498130 -0.66555190 0.65652847 -0.44707444
0.57835442 0.70809120 0.40510979 -0.83126205
-0.73450327 0.23589948 0.63628423 1.86409402
0.00000000 0.00000000 0.00000000 1.00000000
122 95.337926 1.153164
0.99572390 -0.00966383 0.09187315 0.04706052
-0.00041338 0.99403679 0.10904279 -0.49620658
-0.09237909 -0.10861459 0.98978245 1.31692970
0.00000000 0.00000000 0.00000000 1.00000000
127 178.245315 3.554633
0.41262850 -0.43444502 0.80062205 -2.44847822
-0.42469463 -0.86931443 -0.25283852 0.35772666
0.80583626 -0.23569131 -0.54321027 2.16465569
0.00000000 0.00000000 0.00000000 1.00000000
197 122.767821 3.316532
0.86547804 0.49569166 0.07237007 -0.32362270
0.14800739 -0.39104444 0.90839356 -2.38120389
0.47858295 -0.77548373 -0.41180629 2.92908835
0.00000000 0.00000000 0.00000000 1.00000000
198 122.862860 1.962523
-0.23176450 0.75045973 0.61894727 -0.60474646
-0.96580350 -0.25354210 -0.05423015 0.49498621
0.11623120 -0.61034983 0.78355825 0.83496189
0.00000000 0.00000000 0.00000000 1.00000000
208 102.219624 2.524869
0.90955156 0.10482730 0.40215275 -0.29233229
-0.02762945 0.98077720 -0.19316503 -0.21582991
-0.41467151 0.16458231 0.89496380 0.06458902
0.00000000 0.00000000 0.00000000 1.00000000
209 117.220515 2.708591
0.13074230 -0.98850322 0.07594624 0.08017832
0.90489507 0.08768445 -0.41650534 1.27682555
0.40505761 0.12317780 0.90595543 0.60226536
0.00000000 0.00000000 0.00000000 1.00000000
214 168.794559 3.082811
-0.75912356 -0.14856414 -0.63376546 1.51729524
0.65094262 -0.17031527 -0.73977339 1.69230580
0.00196392 -0.97412539 0.22599807 1.42802858
0.00000000 0.00000000 0.00000000 1.00000000
218 108.000512 3.148754
0.48327401 -0.86049533 -0.16122732 0.53655070
0.69333547 0.48863071 -0.52964705 1.44316781
0.53453970 0.14418012 0.83275443 0.60315228
0.00000000 0.00000000 0.00000000 1.00000000
219 37.404519 0.358668
0.48998109 0.48933500 -0.72143573 2.21393800
-0.56625009 0.80787772 0.16338378 -0.43001169
0.66278136 0.32845789 0.67293113 0.49324167
0.00000000 0.00000000 0.00000000 1.00000000
220 163.704093 2.542217
-0.94189632 -0.33510706 0.02313509 0.69703925
0.20543425 -0.62917304 -0.74962485 1.69293666
0.26576054 -0.70131582 0.66145825 0.46566999
0.00000000 0.00000000 0.00000000 1.00000000
223 169.689390 3.863029
-0.80240959 -0.05525241 -0.59421080 0.45027971
0.59300691 -0.18552595 -0.78353274 1.84672141
-0.06694961 -0.98108494 0.18163268 2.00625706
0.00000000 0.00000000 0.00000000 1.00000000
224 173.505987 4.503660
-0.98332775 -0.09940222 0.15227038 -0.71602821
-0.11366555 -0.31763154 -0.94137681 2.36117339
0.14194089 -0.94298953 0.30103725 1.49461055
0.00000000 0.00000000 0.00000000 1.00000000
225 25.590633 1.310419
0.99449295 0.03631154 -0.09831466 1.36089087
-0.01956175 0.98588890 0.16625330 -0.32966435
0.10296424 -0.16341484 0.98116982 0.25792909
0.00000000 0.00000000 0.00000000 1.00000000
243 158.597159 3.990249
-0.80976474 0.52205652 -0.26784089 0.32726145
-0.16152261 -0.63717502 -0.75360370 1.73960841
-0.56408489 -0.56697917 0.60028583 0.03433681
0.00000000 0.00000000 0.00000000 1.00000000
254 121.312496 2.560449
-0.21007727 -0.97741693 0.02289060 0.90251422
0.85596478 -0.19518602 -0.47877678 1.42625940
0.47243226 -0.08098665 0.87763840 0.64457011
0.00000000 0.00000000 0.00000000 1.00000000
255 119.389672 2.641612
-0.07670544 -0.99586171 0.04874456 0.89637786
0.95474952 -0.08745258 -0.28426307 1.50224638
0.28734958 0.02473468 0.95750660 0.15199661
0.00000000 0.00000000 0.00000000 1.00000000
258 114.351668 1.909894
-0.15381211 -0.98555702 -0.07085048 1.36903572
0.91673678 -0.11558067 -0.38240781 1.22799373
0.36869574 -0.12377016 0.92127401 1.11580324
0.00000000 0.00000000 0.00000000 1.00000000
260 73.455276 2.337321
-0.74189395 0.40657216 -0.53318977 1.88841712
0.26229233 0.90779996 0.32726336 -0.16909462
0.61708629 0.10294317 -0.78013211 3.63454390
0.00000000 0.00000000 0.00000000 1.00000000
268 117.769040 1.419340
-0.12727296 0.84156162 0.52495229 -0.89333832
-0.97710180 -0.19736101 0.07949723 0.33656046
0.17050737 -0.50281352 0.84741062 1.23477840
0.00000000 0.00000000 0.00000000 1.00000000
271 96.350404 2.202383
0.84300232 0.44090825 -0.30813470 -0.05006158
-0.38689309 0.89496940 0.22213519 0.16821766
0.37371236 -0.06804523 0.92504579 -0.75602698
0.00000000 0.00000000 0.00000000 1.00000000
281 25.134301 0.556001
0.77565444 -0.13995767 0.61544484 -0.39880916
0.27908012 0.95065403 -0.13554192 -0.15891926
-0.56610471 0.27689189 0.77643847 -0.12492681
0.00000000 0.00000000 0.00000000 1.00000000
282 96.038220 3.297359
-0.75426698 -0.44534859 -0.48243874 -0.23938257
0.23063910 0.50823987 -0.82975852 1.97894943
0.61472654 -0.73712730 -0.28063369 3.83583736
0.00000000 0.00000000 0.00000000 1.00000000
283 174.619154 2.221631
0.39332974 -0.89546424 0.20841154 0.69103581
-0.83432323 -0.25240785 0.49009672 -0.31060064
-0.38625950 -0.36665252 -0.84638625 3.98112583
0.00000000 0.00000000 0.00000000 1.00000000
284 91.407507 0.857851
0.91485381 -0.40013587 0.05416346 0.73939979
0.36918449 0.88322830 0.28915432 -0.16042310
-0.16353959 -0.24453782 0.95574880 0.90659535
0.00000000 0.00000000 0.00000000 1.00000000
286 7.092239 0.609663
0.39489189 -0.56838351 0.72180414 -0.62141395
0.76613712 0.63733166 0.08271981 0.04892886
-0.50704491 0.52033567 0.68713641 0.00939012
0.00000000 0.00000000 0.00000000 1.00000000
287 15.410244 0.193166
0.94749582 -0.24242872 0.20851761 0.13214001
0.25917906 0.96416152 -0.05673790 0.07339377
-0.18729003 0.10780260 0.97637141 -0.04715121
0.00000000 0.00000000 0.00000000 1.00000000
329 89.760079 2.122468
0.96329087 0.26762801 0.02113783 0.35984656
-0.26526329 0.96097732 -0.07847990 -0.49809086
-0.04131611 0.06999189 0.99669236 0.73664522
0.00000000 0.00000000 0.00000000 1.00000000
375 137.603192 3.098896
0.04924351 -0.62171644 -0.78169334 1.65675712
0.78861874 -0.45606697 0.41241091 -2.03879285
-0.61290681 -0.63676685 0.46783888 1.63221002
0.00000000 0.00000000 0.00000000 1.00000000
399 26.891452 0.545433
0.94858092 0.31277370 -0.04863799 -0.74001145
-0.30845225 0.94788647 0.07980070 -0.02372953
0.07106358 -0.06069496 0.99562323 0.04036486
0.00000000 0.00000000 0.00000000 1.00000000
406 153.083132 4.702446
0.79504740 -0.59548390 0.11531465 -0.84678948
-0.57613707 -0.80085683 -0.16338325 -0.96227098
0.18964219 0.06346005 -0.97979987 4.63422632
0.00000000 0.00000000 0.00000000 1.00000000
407 121.012041 3.203526
-0.68198931 -0.42310798 -0.59654951 1.15339732
0.51259762 0.30527222 -0.80252981 -0.04434192
0.52166653 -0.85310549 0.00869110 2.92560101
0.00000000 0.00000000 0.00000000 1.00000000
408 174.350295 3.602794
-0.15885112 0.53384507 -0.83052707 1.43316138
0.55228752 -0.64923340 -0.52294648 0.61054659
-0.81837821 -0.54176062 -0.19170502 3.08656883
0.00000000 0.00000000 0.00000000 1.00000000
437 106.979227 1.888809
0.91864175 0.32967651 0.21774128 -0.24314702
-0.23504278 0.89900440 -0.36952227 -0.13281417
-0.31757298 0.28828090 0.90335047 0.92783463
0.00000000 0.00000000 0.00000000 1.00000000
460 157.825649 3.479200
-0.79030561 0.54136604 0.28694832 -0.39279851
-0.38913107 -0.08172414 -0.91755027 1.65773654
-0.47327983 -0.83680570 0.27525008 2.04828405
0.00000000 0.00000000 0.00000000 1.00000000
499 162.430558 2.077419
-0.16346022 -0.97134608 0.17253155 -0.67537171
0.93588626 -0.09735385 0.33858377 -1.18497813
-0.31208545 0.21681508 0.92498302 0.49954033
0.00000000 0.00000000 0.00000000 1.00000000
502 0.774302 0.492152
0.77005643 0.41264540 -0.48655623 1.35910869
-0.58288181 0.76509494 -0.27363554 -0.22384542
0.25934833 0.49431902 0.82969064 0.48947334
0.00000000 0.00000000 0.00000000 1.00000000
509 27.074894 1.192359
0.47955832 -0.26212397 -0.83744508 1.61212790
-0.01602796 0.95156717 -0.30702239 -0.86196536
0.87736380 0.16065705 0.45213068 2.03748727
0.00000000 0.00000000 0.00000000 1.00000000
512 77.424880 3.335539
-0.94587034 0.15759367 -0.28371504 1.03653300
0.03013308 0.91305929 0.40671343 -1.22410774
0.32314429 0.37614879 -0.86838472 3.99774814
0.00000000 0.00000000 0.00000000 1.00000000
551 114.244104 3.214729
-0.94753838 -0.16809602 -0.27187419 0.55518454
-0.28697646 0.82195461 0.49197134 -1.04832745
0.14076948 0.54418284 -0.82707351 3.85711741
0.00000000 0.00000000 0.00000000 1.00000000
552 154.765505 4.376247
-0.97375059 -0.05923036 -0.21977766 -0.64731383
0.22541733 -0.11696553 -0.96721590 2.50966477
0.03158179 -0.99136859 0.12724671 1.36817884
0.00000000 0.00000000 0.00000000 1.00000000
578 9.786772 0.702968
-0.24589851 -0.03227434 -0.96875846 2.19837952
-0.54230678 0.83296168 0.10990261 -1.01727462
0.80339140 0.55238944 -0.22232619 2.75917482
0.00000000 0.00000000 0.00000000 1.00000000
579 131.579005 3.907679
0.73196542 0.11217058 0.67204469 -1.56614625
-0.00986519 0.98799616 -0.15416090 -0.19047303
-0.68127012 0.10621042 0.72428602 0.20447707
0.00000000 0.00000000 0.00000000 1.00000000
580 17.499401 0.870014
0.48834509 -0.16544871 0.85682309 -0.90862268
0.25621307 0.96577263 0.04045822 -0.01453042
-0.83418995 0.19977164 0.51402128 0.24467778
0.00000000 0.00000000 0.00000000 1.00000000
581 46.228958 2.808573
-0.04466024 0.05072162 0.99771357 -2.09335756
0.23009333 0.97238117 -0.03913423 0.24152151
-0.97214353 0.22781959 -0.05509776 2.18679142
0.00000000 0.00000000 0.00000000 1.00000000
587 139.188675 6.267572
0.14037260 -0.49678746 0.85644490 -3.47410536
-0.03169885 0.86231118 0.50538528 -0.75870317
-0.98959094 -0.09809035 0.10529724 1.36521816
0.00000000 0.00000000 0.00000000 1.00000000
592 81.432592 3.887038
0.99411321 0.06411403 0.08733746 -0.69426155
-0.05342577 0.99137783 -0.11965165 0.62740421
-0.09425561 0.11428130 0.98896730 -1.33753288
0.00000000 0.00000000 0.00000000 1.00000000
611 104.816961 1.939587
0.38188282 -0.78904909 -0.48121324 1.00140715
0.67166758 -0.12070888 0.73095196 -1.11189079
-0.63484418 -0.60235333 0.48388264 1.94780433
0.00000000 0.00000000 0.00000000 1.00000000
612 42.859119 0.823043
0.99375641 -0.10764702 -0.02933959 -0.17218196
0.11116512 0.93278337 0.34286809 -0.24762863
-0.00954121 -0.34398854 0.93892562 -0.19146585
0.00000000 0.00000000 0.00000000 1.00000000
640 94.632906 1.172676
0.16492495 -0.91316879 0.37272200 0.19385582
0.75065577 -0.12891346 -0.64799458 0.71551096
0.63977742 0.38665575 0.66421485 -0.13583064
0.00000000 0.00000000 0.00000000 1.00000000
642 20.766972 0.801234
0.96200562 -0.25586542 0.09527990 -0.85673934
0.21914506 0.93175042 0.28951287 -0.91771054
-0.16285400 -0.25763297 0.95242023 0.39561868
0.00000000 0.00000000 0.00000000 1.00000000
655 117.939883 3.163051
0.97582650 0.07915072 -0.20370975 -0.46351063
-0.08603946 0.99597394 -0.02516973 -0.10147505
0.20089781 0.04208834 0.97870791 0.38199341
0.00000000 0.00000000 0.00000000 1.00000000
656 108.328520 2.981211
0.97061902 -0.09068717 0.22287762 0.12899202
0.10600474 0.99268830 -0.05772604 -0.17329937
-0.21601337 0.07965598 0.97313547 0.34026659
0.00000000 0.00000000 0.00000000 1.00000000
657 107.388591 2.699996
0.88426828 -0.34517694 0.31451958 0.58794242
0.33660492 0.93797696 0.08304460 -0.29110014
-0.32367739 0.03243510 0.94561142 0.22784209
0.00000000 0.00000000 0.00000000 1.00000000
658 111.576934 2.998597
0.99885142 -0.01616623 -0.04510989 -0.12891848
0.00605895 0.97642624 -0.21576644 -0.32619128
0.04753463 0.21524520 0.97540259 0.40355539
0.00000000 0.00000000 0.00000000 1.00000000
661 123.747823 2.428755
0.98028135 0.15425599 -0.12350157 -0.08797450
-0.18674456 0.92752361 -0.32377005 -0.21625602
0.06460717 0.34044933 0.93804073 0.91136241
0.00000000 0.00000000 0.00000000 1.00000000
665 95.165603 2.398734
0.98126233 -0.06676154 0.18074170 -0.61310846
0.06636047 0.99776173 0.00827150 0.65948582
-0.18088958 0.00387767 0.98349625 0.60737872
0.00000000 0.00000000 0.00000000 1.00000000
666 87.077981 2.252348
0.85241872 -0.12130285 0.50859517 0.01890135
0.06444731 0.98967451 0.12802753 0.23707587
-0.51887381 -0.07635563 0.85143471 0.44097304
0.00000000 0.00000000 0.00000000 1.00000000
667 9.314686 0.385170
0.41726828 0.41233954 -0.80985391 1.45550156
-0.49423862 0.85079587 0.17853427 -0.68179572
0.76263660 0.32576448 0.55880409 1.15738344
0.00000000 0.00000000 0.00000000 1.00000000
670 112.678224 3.160075
0.00540938 -0.99297518 0.11820239 -0.09189188
-0.96180272 -0.03751861 -0.27116174 1.11407828
0.27369159 -0.11222057 -0.95524925 5.09781170
0.00000000 0.00000000 0.00000000 1.00000000
671 85.662307 3.961310
0.87599325 0.15589546 0.45643362 -0.80792606
-0.03147765 0.96278483 -0.26842892 1.14411390
-0.48129389 0.22077443 0.84830064 -0.98428571
0.00000000 0.00000000 0.00000000 1.00000000
678 140.357128 3.403852
0.53047806 -0.83992296 -0.11455421 0.62972897
-0.37836829 -0.35553277 0.85465419 -2.17485189
-0.75857168 -0.41003120 -0.50640243 2.92439914
0.00000000 0.00000000 0.00000000 1.00000000
680 12.535751 0.445905
0.70919216 0.29894942 -0.63849527 1.33878255
-0.11892226 0.94339621 0.30961645 -0.52954394
0.69491374 -0.14364493 0.70460057 1.11353636
0.00000000 0.00000000 0.00000000 1.00000000
681 125.225699 2.502335
0.03244001 -0.97484195 0.22052154 -0.74658144
0.44764066 0.21144241 0.86885512 -0.87459528
-0.89362419 0.07052837 0.44323868 1.22223711
0.00000000 0.00000000 0.00000000 1.00000000
682 121.020332 2.809296
0.47493836 -0.82117951 0.31638134 -0.66185504
0.19719487 -0.25106597 -0.94767076 1.37461042
0.85764086 0.51247382 0.04269165 1.43512583
0.00000000 0.00000000 0.00000000 1.00000000
683 125.073345 3.301246
-0.97915161 -0.11472504 -0.16762920 -0.70553762
0.11736777 0.35400698 -0.92784911 2.48597741
0.16578951 -0.92817926 -0.33316189 2.94837713
0.00000000 0.00000000 0.00000000 1.00000000
689 46.538591 1.625752
0.70518321 0.46144414 -0.53831744 0.26433569
-0.70701897 0.51472461 -0.48495740 0.27627817
0.05330423 0.72258466 0.68922472 0.31429219
0.00000000 0.00000000 0.00000000 1.00000000
691 29.939752 0.334524
0.91380948 0.25151122 -0.31889582 1.20330048
-0.28974733 0.95392573 -0.07792787 0.59909350
0.28460330 0.16361050 0.94458073 1.50995612
0.00000000 0.00000000 0.00000000 1.00000000
692 135.691981 2.422508
-0.79078442 0.60480750 -0.09416401 -0.37224013
-0.42146760 -0.42646602 0.80030733 -1.21520495
0.44387445 0.67255759 0.59214938 1.58538747
0.00000000 0.00000000 0.00000000 1.00000000
693 168.505947 2.069841
-0.31372726 -0.94315380 -0.10971431 -0.78166574
-0.87251908 0.24077778 0.42513165 -0.51978856
-0.37454820 0.22910333 -0.89845818 2.88878107
0.00000000 0.00000000 0.00000000 1.00000000
699 20.277833 0.307533
0.99027789 0.13348100 -0.03916355 0.48891878
-0.13776934 0.98003572 -0.14335339 -0.96138394
0.01924677 0.14735533 0.98889643 1.28309631
0.00000000 0.00000000 0.00000000 1.00000000
703 109.990947 0.970561
-0.01320276 0.71212888 0.70192462 -0.11262751
-0.85346770 -0.37377670 0.36315781 -0.44260645
0.52097845 -0.59427553 0.61271387 2.46456194
0.00000000 0.00000000 0.00000000 1.00000000
711 177.062883 1.690416
-0.00163790 0.96574193 -0.25950080 -0.37515005
0.58841085 -0.20889209 -0.78111231 1.48733473
-0.80856055 -0.15397234 -0.56791162 1.96498144
0.00000000 0.00000000 0.00000000 1.00000000
717 92.502253 0.959837
0.34495306 0.39153260 -0.85305959 0.04004389
-0.70518363 0.70790911 0.03975508 0.90848762
0.61945426 0.58784944 0.52029765 0.51731491
0.00000000 0.00000000 0.00000000 1.00000000
718 146.250607 1.804561
-0.79729235 -0.50998712 -0.32285893 -0.30802119
0.27313137 0.17216581 -0.94644487 0.69670337
0.53826010 -0.84277624 0.00202712 1.45313394
0.00000000 0.00000000 0.00000000 1.00000000
719 18.452227 0.234329
0.96362352 0.02917606 0.26566884 0.24979955
-0.01628017 0.99858618 -0.05061173 -0.14819378
-0.26676983 0.04444581 0.96273589 1.82526433
0.00000000 0.00000000 0.00000000 1.00000000
721 176.811316 1.102214
-0.97022140 0.09869927 -0.22119871 0.09407112
0.02201208 0.94536370 0.32527396 -0.18245101
0.24121729 0.31071872 -0.91938490 2.84310198
0.00000000 0.00000000 0.00000000 1.00000000
722 151.518367 2.010952
-0.56950486 -0.22262113 0.79126668 -1.52413118
-0.76401806 -0.21173036 -0.60946375 0.16788395
0.30321559 -0.95163512 -0.04950505 1.87019503
0.00000000 0.00000000 0.00000000 1.00000000
724 41.534550 1.609578
0.92100251 0.38953984 0.00361812 -0.01422124
-0.37261108 0.87819117 0.29990050 -0.14094904
0.11364579 -0.27755708 0.95396352 0.25194007
0.00000000 0.00000000 0.00000000 1.00000000
725 54.828880 1.584908
0.52099025 -0.79662955 0.30651206 -0.33238822
0.81612915 0.57009339 0.09447747 0.04530540
-0.25000459 0.20093185 0.94716597 0.54422551
0.00000000 0.00000000 0.00000000 1.00000000
726 134.316639 1.468013
-0.22885686 0.84128189 -0.48976445 -0.58547205
-0.97252405 -0.21965715 0.07712816 -0.51918668
-0.04269396 0.49395931 0.86843657 1.14366913
0.00000000 0.00000000 0.00000000 1.00000000
728 141.640847 1.261857
-0.68456542 0.35539183 -0.63644868 -0.26670980
0.71637583 0.48947501 -0.49721289 0.95604086
0.13481987 -0.79631090 -0.58967185 2.06581473
0.00000000 0.00000000 0.00000000 1.00000000
730 17.836188 1.700866
0.95908606 0.06830834 0.27475142 0.13981956
-0.09917097 0.99002910 0.10004124 -0.00174389
-0.26517808 -0.12319514 0.95629740 0.28298533
0.00000000 0.00000000 0.00000000 1.00000000
731 21.083136 0.244353
0.92958933 -0.25204319 0.26895863 0.19147512
0.20530209 0.96005857 0.19010356 -0.22844478
-0.30613080 -0.12150002 0.94420457 1.94288230
0.00000000 0.00000000 0.00000000 1.00000000
733 159.291456 1.875296
-0.34697109 -0.76189846 0.54692006 -0.99223304
-0.56377494 -0.29659221 -0.77083766 0.36714569
0.74951255 -0.57579809 -0.32663038 2.20874786
0.00000000 0.00000000 0.00000000 1.00000000
734 110.484750 1.416040
-0.32407951 0.94602734 0.00234574 -0.38070077
-0.57848418 -0.20013189 0.79076159 0.01061010
0.74855137 0.25491333 0.61211991 1.43576264
0.00000000 0.00000000 0.00000000 1.00000000
735 92.884265 0.145201
0.65235621 0.58380502 -0.48332453 0.08955535
-0.71075082 0.69266903 -0.12264860 -0.27497843
0.26318094 0.42353418 0.86680704 0.15813750
0.00000000 0.00000000 0.00000000 1.00000000
736 14.264232 1.465988
0.96619803 0.21854874 -0.13673389 -0.05765700
-0.22076398 0.97532654 -0.00106446 -1.30096483
0.13312802 0.03121483 0.99060696 0.21132278
0.00000000 0.00000000 0.00000000 1.00000000
737 10.053282 1.436728
0.96412843 0.18487296 -0.19046870 -0.02822703
-0.11195742 0.93384731 0.33969951 -1.05597734
0.24066925 -0.30619001 0.92104614 0.72516781
0.00000000 0.00000000 0.00000000 1.00000000
739 126.240124 1.417526
0.78114843 0.04106027 0.62299353 -0.39817411
-0.15135005 -0.95561886 0.25275603 -0.20613581
0.60572249 -0.29173052 -0.74026591 3.32272840
0.00000000 0.00000000 0.00000000 1.00000000
740 155.797861 1.121961
0.63688648 -0.04012574 0.76991254 -0.99352205
0.16391313 -0.96876544 -0.18608131 0.37727377
0.75333130 0.24471137 -0.61041665 2.86189413
0.00000000 0.00000000 0.00000000 1.00000000
744 11.715157 0.423538
0.83386654 -0.02899772 0.55120414 -0.14773145
-0.01186965 0.99744594 0.07043058 0.07198799
-0.55183882 -0.06527236 0.83139253 0.16827869
0.00000000 0.00000000 0.00000000 1.00000000
749 51.499767 1.841607
0.98111975 -0.19186977 -0.02428447 0.22076900
0.19323808 0.97768039 0.08245981 0.06676432
0.00792076 -0.08559589 0.99629843 -0.09572363
0.00000000 0.00000000 0.00000000 1.00000000
751 137.123441 4.797568
0.85688001 -0.48972875 0.16100703 -2.00930643
-0.28092441 -0.18171254 0.94237041 -2.95621252
-0.43224871 -0.85272896 -0.29328215 3.34923005
0.00000000 0.00000000 0.00000000 1.00000000
752 107.605901 4.703880
0.11042455 0.56709880 0.81621444 -1.84660697
-0.80655944 0.53099757 -0.25981420 0.12247348
-0.58074826 -0.62963563 0.51603401 2.59479308
0.00000000 0.00000000 0.00000000 1.00000000
753 14.345283 0.665339
0.80620766 0.02736282 -0.59100014 1.19679415
-0.09980726 0.99090350 -0.09027273 -0.35672510
0.58315408 0.13176480 0.80160445 0.47518659
0.00000000 0.00000000 0.00000000 1.00000000
754 44.798185 1.479242
0.93963623 -0.25717238 -0.22571208 0.49945018
0.31071329 0.91757131 0.24803180 -0.54074901
0.14331977 -0.30319178 0.94209015 0.69947410
0.00000000 0.00000000 0.00000000 1.00000000
755 136.025788 5.534131
-0.40671837 0.08609259 0.90948755 -1.55907202
0.39880341 0.91241181 0.09197374 0.05908525
-0.82190883 0.40011430 -0.40542936 4.52220869
0.00000000 0.00000000 0.00000000 1.00000000
756 92.535165 4.277708
0.41661966 0.57008219 0.70812023 -1.84055936
-0.82856244 0.55862242 0.03775444 -0.58618641
-0.37404871 -0.60245091 0.70508182 1.81377208
0.00000000 0.00000000 0.00000000 1.00000000
757 175.425383 6.782546
0.88118488 -0.35697407 0.30996975 -0.60543561
-0.47182083 -0.62249202 0.62440956 -1.94504857
-0.02994415 -0.69647038 -0.71695954 5.72227907
0.00000000 0.00000000 0.00000000 1.00000000
758 140.007736 5.899652
-0.31224307 0.17580655 0.93359339 -2.29114509
0.90950525 0.33918911 0.24031274 -2.33558273
-0.27441651 0.92414439 -0.26580602 2.70382833
0.00000000 0.00000000 0.00000000 1.00000000
759 35.813197 1.649928
0.89917344 0.14722903 -0.41208035 0.49392331
-0.33349788 0.84025240 -0.42749831 0.51225030
0.28331134 0.52182299 0.80463326 0.32370853
0.00000000 0.00000000 0.00000000 1.00000000
777 7.391438 0.476514
0.78195763 0.07570823 -0.61871713 0.66402423
-0.22197238 0.96134889 -0.16290310 0.36040571
0.58246982 0.26472104 0.76853967 -0.74363697
0.00000000 0.00000000 0.00000000 1.00000000
778 12.121886 0.443292
0.78398514 0.18728387 -0.59185338 0.25843579
-0.20208269 0.97847009 0.04193975 0.12138005
0.58696544 0.08672296 0.80495375 -0.20292807
0.00000000 0.00000000 0.00000000 1.00000000
816 15.682187 0.906507
0.67777467 0.26050490 -0.68757427 0.92047191
-0.23468415 0.96286517 0.13346638 -0.10922071
0.69681066 0.07090282 0.71374178 0.00541663
0.00000000 0.00000000 0.00000000 1.00000000
858 3.443100 1.115519
0.99080497 0.13524944 0.00371462 0.71820360
-0.13389389 0.98408371 -0.11683828 0.11127800
-0.01945737 0.11526661 0.99314415 0.22836566
0.00000000 0.00000000 0.00000000 1.00000000
859 4.425628 0.735624
0.87013543 0.35400602 -0.34284794 1.12244606
-0.37163749 0.92825222 0.01525962 0.14349426
0.32365146 0.11413716 0.93926698 0.04419827
0.00000000 0.00000000 0.00000000 1.00000000
862 1.593236 0.702067
0.85243851 -0.18069232 0.49060962 -0.82823372
0.16420551 0.98342466 0.07688802 0.02020296
-0.49637112 0.01501821 0.86798036 -0.29233551
0.00000000 0.00000000 0.00000000 1.00000000
865 19.384369 0.701439
0.66350293 0.57859886 -0.47432774 0.73204082
-0.27437001 0.77798337 0.56521016 -0.39829534
0.69604897 -0.24487747 0.67494452 1.61538041
0.00000000 0.00000000 0.00000000 1.00000000
866 100.860659 3.865211
0.16031185 0.57270318 0.80393231 -1.40692198
-0.85157990 -0.33158937 0.40602946 -1.60347962
0.49911055 -0.74970573 0.43454561 -0.02974272
0.00000000 0.00000000 0.00000000 1.00000000
911 60.862885 1.891812
0.85245049 -0.22279425 0.47295961 -1.02994370
0.10252817 0.95832741 0.26663953 -0.07355994
-0.51265633 -0.17880519 0.83976912 -0.13471317
0.00000000 0.00000000 0.00000000 1.00000000
934 7.016044 0.340948
0.67272186 0.23563625 -0.70137078 2.55223799
-0.08072734 0.96564811 0.24699426 0.08893442
0.73547858 -0.10953842 0.66863465 0.55797124
0.00000000 0.00000000 0.00000000 1.00000000
942 9.748122 0.372986
0.51065099 0.33659661 -0.79116303 2.36333227
-0.12105086 0.93916428 0.32143188 -0.20550853
0.85122544 -0.06836724 0.52032959 0.67030120
0.00000000 0.00000000 0.00000000 1.00000000
950 85.174372 1.949903
0.85517764 -0.36550158 -0.36753196 -0.62485242
0.38731334 0.92181724 -0.01552010 -0.54740530
0.34447008 -0.12907737 0.92988116 0.41421556
0.00000000 0.00000000 0.00000000 1.00000000
968 56.516871 2.785439
0.99779320 0.05521659 0.03687213 -0.05433365
-0.06087167 0.98252386 0.17590234 0.48671126
-0.02651498 -0.17775856 0.98371679 -0.80520487
0.00000000 0.00000000 0.00000000 1.00000000
972 55.287236 2.205989
0.93470222 -0.11465070 0.33643323 0.08341552
0.04219958 0.97564781 0.21524262 0.13130218
-0.35291749 -0.18698972 0.91677898 -0.28301692
0.00000000 0.00000000 0.00000000 1.00000000
975 34.342626 0.708676
0.00781767 0.84197140 -0.53946549 0.25866747
-0.30107939 0.51643002 0.80165553 -1.16602767
0.95356703 0.15615463 0.25753781 2.43366957
0.00000000 0.00000000 0.00000000 1.00000000
977 74.077340 1.421871
0.62269396 -0.59511346 0.50802803 0.38753450
0.19723463 0.74767983 0.63409370 -0.29055727
-0.75719970 -0.29464501 0.58295250 1.61300898
0.00000000 0.00000000 0.00000000 1.00000000
978 67.255715 2.197353
0.15507600 0.98772585 0.01868081 1.37516987
-0.95542556 0.14514321 0.25709209 0.14444789
0.25122485 -0.05771682 0.96620655 0.38221383
0.00000000 0.00000000 0.00000000 1.00000000
984 89.285544 0.343532
-0.09494395 0.85830402 0.50428170 -0.02529705
-0.99140650 -0.12732001 0.03004560 -0.32358599
0.08999342 -0.49709544 0.86301672 -0.14634871
0.00000000 0.00000000 0.00000000 1.00000000
991 19.876841 0.297444
0.44523126 -0.76042569 0.47277886 -1.45593715
0.47745740 0.64829254 0.59308577 -1.09660530
-0.75749779 -0.03832830 0.65171111 2.63408041
0.00000000 0.00000000 0.00000000 1.00000000
992 179.357147 1.919332
-0.48232043 0.41895193 -0.76931518 1.53648746
-0.08128821 0.85302383 0.51550156 -0.83299613
0.87221515 0.31117344 -0.37737477 3.13088918
0.00000000 0.00000000 0.00000000 1.00000000
993 17.013748 0.320052
0.18728653 -0.70706052 0.68190122 -0.38601696
0.22921145 0.70647788 0.66959018 -0.58891320
-0.95518863 0.03089441 0.29438022 3.13131428
0.00000000 0.00000000 0.00000000 1.00000000
994 34.096437 1.922509
0.43389466 -0.47812882 0.76362848 -0.96788847
0.21125849 0.87793100 0.42965946 -0.02161062
-0.87584555 -0.02510397 0.48193818 1.14672399
0.00000000 0.00000000 0.00000000 1.00000000
999 174.454207 4.081181
-0.67096251 0.74128562 0.01747030 0.31126601
0.62682635 0.57963359 -0.52068609 1.16647708
-0.39610326 -0.33841011 -0.85356945 4.84206247
0.00000000 0.00000000 0.00000000 1.00000000
1053 76.587901 1.916620
0.67402017 -0.34847432 0.65135354 -2.51129103
0.29922700 0.93495822 0.19056270 -0.12812167
-0.67539537 0.06645885 0.73445427 0.61317015
0.00000000 0.00000000 0.00000000 1.00000000
1060 4.935862 0.598239
0.90690804 -0.02869198 0.42035049 -1.10087538
0.35882550 0.57548887 -0.73488569 0.76955032
-0.22082163 0.81730598 0.53221095 0.76599681
0.00000000 0.00000000 0.00000000 1.00000000
1082 16.018910 0.335777
0.97341317 0.15313652 0.17033859 1.16382098
-0.19257084 0.94979620 0.24658325 -0.45762914
-0.12402607 -0.27283010 0.95403409 0.59175324
0.00000000 0.00000000 0.00000000 1.00000000
1109 171.445949 4.285725
0.67791611 -0.08359089 0.73037082 -2.06184173
0.19822413 0.97750020 -0.07211319 0.20770909
-0.70791006 0.19366384 0.67923319 0.03142762
0.00000000 0.00000000 0.00000000 1.00000000
1111 27.273713 0.587161
0.68162298 -0.30713075 0.66412300 -0.78775322
0.30509251 0.94427299 0.12355641 -0.31216681
-0.66506237 0.11840005 0.73734182 0.61848581
0.00000000 0.00000000 0.00000000 1.00000000
1114 7.586489 0.342870
0.68908864 -0.21008214 0.69355762 -2.16295290
0.36936867 0.92522627 -0.08673269 0.28703970
-0.62347710 0.31594521 0.71516073 0.48220599
0.00000000 0.00000000 0.00000000 1.00000000
1115 146.961531 3.740074
0.59397495 0.47446570 -0.64967567 0.40520602
-0.47103792 0.85977656 0.19725172 0.17453603
0.65216500 0.18885912 0.73417562 -0.45248127
0.00000000 0.00000000 0.00000000 1.00000000
1116 177.122846 3.955090
0.99833435 0.02911088 0.04981115 -1.99414492
-0.03382434 0.99475193 0.09656769 0.16669148
-0.04673859 -0.09809139 0.99407929 0.26652086
0.00000000 0.00000000 0.00000000 1.00000000
1117 179.661380 3.970544
0.95651478 0.20836866 -0.20411471 -1.79303646
-0.24231556 0.95717955 -0.15840217 0.12799120
0.16236863 0.20097460 0.96604657 0.20092130
0.00000000 0.00000000 0.00000000 1.00000000
1124 149.817388 1.162375
-0.49143645 0.05694336 -0.86904949 0.64403868
-0.28611848 -0.95303011 0.09935018 0.17320028
-0.82257247 0.29747543 0.48464674 1.08543241
0.00000000 0.00000000 0.00000000 1.00000000
1135 81.955724 1.230433
0.35327375 -0.70365125 -0.61650097 1.55814195
0.37352577 0.71027803 -0.59664339 1.00909650
0.85771573 -0.01950084 0.51375419 1.92430019
0.00000000 0.00000000 0.00000000 1.00000000
1146 7.951002 0.484381
0.71264052 -0.07666095 0.69732845 -0.62717712
0.19951707 0.97511256 -0.09669928 -0.32499197
-0.67255986 0.20804068 0.71019882 0.16793680
0.00000000 0.00000000 0.00000000 1.00000000
1149 77.429779 1.678548
0.79542905 -0.37243718 0.47810304 -0.03674185
0.26708797 0.92357337 0.27509308 -0.03692394
-0.54401731 -0.09112126 0.83411115 0.12035728
0.00000000 0.00000000 0.00000000 1.00000000
1159 173.287410 1.663075
-0.95762908 0.28560883 -0.03708413 1.04190660
-0.18360883 -0.70462650 -0.68541217 0.72330791
-0.22189003 -0.64956105 0.72721052 1.56172860
0.00000000 0.00000000 0.00000000 1.00000000
1165 115.346721 2.102201
0.96712732 0.20705853 -0.14762118 0.14168721
-0.25330418 0.73325330 -0.63101262 0.32681242
-0.02241254 0.64766246 0.76159787 0.09019792
0.00000000 0.00000000 0.00000000 1.00000000
1172 91.208613 1.208047
0.86780202 0.28562886 -0.40661687 0.76913810
-0.21759284 0.95409322 0.20581828 -0.15647547
0.44673884 -0.09013283 0.89011389 0.36623108
0.00000000 0.00000000 0.00000000 1.00000000
1175 90.733961 1.271538
0.86854893 0.30620563 -0.38969249 0.78323060
-0.32899594 0.94429106 0.00871937 -0.18038677
0.37065259 0.12063424 0.92090374 0.10801172
0.00000000 0.00000000 0.00000000 1.00000000
1177 89.144586 4.240472
0.54008228 0.54327667 0.64277661 -3.40094757
-0.56411153 -0.33310479 0.75552601 -1.06114495
0.62457156 -0.77064371 0.12656453 1.38049269
0.00000000 0.00000000 0.00000000 1.00000000
1178 72.818660 2.299121
0.95579726 -0.18332203 0.22987804 -0.27667451
0.17487332 0.98295182 0.05678108 -0.31689411
-0.23636782 -0.01407233 0.97156161 -0.65317982
0.00000000 0.00000000 0.00000000 1.00000000
1182 89.249730 2.332913
0.93224794 -0.00267130 0.36181158 0.19040120
0.07953769 0.97702605 -0.19772333 0.00635228
-0.35297149 0.21310425 0.91104281 -0.09432495
0.00000000 0.00000000 0.00000000 1.00000000
1195 13.182634 0.639951
0.62583399 0.45597115 -0.63278890 0.55389798
-0.00933659 0.81563503 0.57849050 -0.02110142
0.77989995 -0.35613149 0.51470947 0.60821724
0.00000000 0.00000000 0.00000000 1.00000000
1235 90.941850 1.106282
0.99822509 0.05031776 -0.03185916 0.47602835
-0.04745948 0.99526066 0.08487344 0.05857617
0.03597867 -0.08321095 0.99588239 0.04296696
0.00000000 0.00000000 0.00000000 1.00000000
1237 179.524399 2.692604
-0.66751444 0.42846850 -0.60896641 0.76387477
-0.44266057 0.42927542 0.78725755 -1.83137906
0.59872943 0.79507065 -0.09688187 1.66027200
0.00000000 0.00000000 0.00000000 1.00000000
1238 178.937064 2.697781
-0.53973269 0.42179400 -0.72854507 1.19767833
-0.05022765 0.84774679 0.52801692 -0.35220170
0.84033632 0.32158110 -0.43637082 2.41422677
0.00000000 0.00000000 0.00000000 1.00000000
1239 179.801190 2.688229
-0.53874296 0.39709193 -0.74301720 1.26290500
-0.24462895 0.77021617 0.58900219 -0.77583534
0.80617201 0.49908412 -0.31780851 2.26872826
0.00000000 0.00000000 0.00000000 1.00000000
1261 18.298415 0.630233
0.71727329 0.40442270 -0.56741726 0.07539254
-0.17316122 0.89223981 0.41704309 0.04842949
0.67493427 -0.20087960 0.71000922 -0.11382961
0.00000000 0.00000000 0.00000000 1.00000000
1262 10.452406 0.413576
0.78709209 0.19179782 -0.58625847 0.21218991
-0.15572418 0.98142952 0.11200866 0.13498989
0.59685463 0.00313367 0.80234337 -0.23577237
0.00000000 0.00000000 0.00000000 1.00000000
1264 7.932761 0.367070
0.64586604 0.16751486 -0.74484652 0.77708101
-0.45062920 0.87119460 -0.19481578 -0.18608904
0.61627167 0.46147424 0.63816214 0.26965237
0.00000000 0.00000000 0.00000000 1.00000000
1267 8.596879 0.362048
0.69250995 0.23474221 -0.68214917 0.77082860
-0.14286658 0.97147655 0.18926989 -0.21453995
0.70712113 -0.03361437 0.70629376 0.45528841
0.00000000 0.00000000 0.00000000 1.00000000
1268 9.521466 0.396117
0.67635578 0.02034323 -0.73629391 0.92694962
-0.03010907 0.99954665 -0.00004101 0.20461318
0.73595929 0.02219647 0.67666161 0.22937012
0.00000000 0.00000000 0.00000000 1.00000000
1276 90.106532 2.697547
0.28810185 -0.17055997 0.94228840 -1.54992509
0.06823851 0.98516583 0.15745789 0.16475356
-0.95516580 0.01893714 0.29546756 2.24686456
0.00000000 0.00000000 0.00000000 1.00000000
1299 6.016921 0.859623
0.85467446 -0.11406699 0.50647902 -0.79225612
0.17787081 0.98085785 -0.07924902 0.20676520
-0.48774394 0.15782019 0.85860264 -0.76390290
0.00000000 0.00000000 0.00000000 1.00000000
1300 47.450523 1.613184
0.98784065 -0.00846877 -0.15524216 -0.93760109
0.02772203 0.99210972 0.12228008 0.01010865
0.15298149 -0.12509635 0.98027933 -0.42838335
0.00000000 0.00000000 0.00000000 1.00000000
1305 11.232139 0.329540
0.61620581 -0.03951355 0.78659320 -0.37537143
0.27222866 0.94786721 -0.16564547 0.02441898
-0.73904121 0.31620532 0.59483802 0.35816550
0.00000000 0.00000000 0.00000000 1.00000000
1309 17.285549 0.517461
0.79219687 0.30979371 -0.52578765 0.33789736
-0.36955976 0.92916012 -0.00935007 -0.04873335
0.48564440 0.20171712 0.85056460 0.32626987
0.00000000 0.00000000 0.00000000 1.00000000
1311 57.870634 1.806444
0.90766299 -0.08695035 0.41059518 -1.19302690
0.12775719 0.98911804 -0.07295662 0.14883694
-0.39978361 0.11867535 0.90889430 -0.16377616
0.00000000 0.00000000 0.00000000 1.00000000
1313 152.792028 6.636339
0.25180864 -0.51689637 -0.81817532 3.06275272
-0.96456242 -0.20289870 -0.16867721 0.22502720
-0.07881820 0.83165592 -0.54967010 2.76768422
0.00000000 0.00000000 0.00000000 1.00000000
1316 119.390223 3.928090
0.38808978 -0.69189394 0.60882622 -0.55314857
0.39171579 -0.47413200 -0.78851634 2.44254923
0.83423334 0.54450166 0.08702007 2.68463039
0.00000000 0.00000000 0.00000000 1.00000000
1320 71.834970 2.676449
0.97468996 0.05703504 -0.21616134 -0.13641852
-0.08767169 0.98697269 -0.13490213 0.04515791
0.20565146 0.15043904 0.96699286 0.00457287
0.00000000 0.00000000 0.00000000 1.00000000
1326 7.614787 0.325848
0.49806014 -0.13530782 0.85652101 -1.75245309
0.38952845 0.91739416 -0.08158349 -0.00308755
-0.77472866 0.37427223 0.50962377 0.34371090
0.00000000 0.00000000 0.00000000 1.00000000
1342 7.333448 1.259925
0.99941283 0.03395557 -0.00464904 0.16032737
-0.03227893 0.97817010 0.20528454 0.32664365
0.01151816 -0.20501384 0.97869176 0.14472938
0.00000000 0.00000000 0.00000000 1.00000000
1344 98.149681 4.755893
0.77096444 0.58511376 -0.25150582 0.85479546
-0.17157224 0.57111824 0.80273706 -3.23792052
0.61333174 -0.57573050 0.54070145 0.33363986
0.00000000 0.00000000 0.00000000 1.00000000
1345 5.304299 0.306008
0.80881840 -0.03078948 0.58725357 -2.24388003
0.12767547 0.98400253 -0.12425628 0.53088766
-0.57403207 0.17547791 0.79981029 -0.00142336
0.00000000 0.00000000 0.00000000 1.00000000
1347 13.681840 0.788443
0.97635108 0.13441867 -0.16931823 1.61050391
-0.03785051 0.87738699 0.47828674 -0.41111547
0.21284913 -0.46056795 0.86172587 0.12786269
0.00000000 0.00000000 0.00000000 1.00000000
1348 11.198673 0.605073
0.99201983 -0.00610276 -0.12593347 0.85006773
0.02499045 0.98852843 0.14895438 -0.12791917
0.12357973 -0.15091285 0.98079234 -0.16664982
0.00000000 0.00000000 0.00000000 1.00000000
1350 22.567392 1.912940
0.95488286 -0.08345030 0.28501767 -0.95752943
0.05588509 0.99305558 0.10352752 -0.00800073
-0.29167753 -0.08292785 0.95291531 -0.47230029
0.00000000 0.00000000 0.00000000 1.00000000
1352 48.245928 1.982844
0.76442909 0.09820047 -0.63718498 1.84669590
-0.17472237 0.98289990 -0.05813396 0.37142593
0.62058002 0.15576956 0.76851559 1.05377960
