0 3.382635 0.145958
0.95299113 -0.13509700 0.27121118 0.91455823
0.17465903 0.97635472 -0.12737900 0.26853931
-0.24759021 0.16876008 0.95405376 -0.40590572
0.00000000 0.00000000 0.00000000 1.00000000
1 2.105242 0.087747
0.94236088 0.07226130 -0.32670203 -0.41674033
-0.12105845 0.98388767 -0.13156822 -0.30853224
0.31193087 0.16353503 0.93592513 0.02109790
0.00000000 0.00000000 0.00000000 1.00000000
2 3.628064 0.094417
0.96597898 -0.07441901 -0.24768339 -0.71604389
0.04851163 0.99284625 -0.10911143 -0.31391478
0.25403118 0.09338453 0.96267819 0.13046050
0.00000000 0.00000000 0.00000000 1.00000000
3 3.437637 0.034241
0.98139131 -0.00358045 -0.19198261 -0.83271122
0.01891299 0.99676621 0.07809034 -0.37270391
0.19108194 -0.08026892 0.97828627 0.48082089
0.00000000 0.00000000 0.00000000 1.00000000
4 8.856764 0.158251
0.96316749 -0.17382649 -0.20516843 -1.31031060
0.19091760 0.97934943 0.06652384 -0.30506712
0.18936776 -0.10324377 0.97646344 0.35519111
0.00000000 0.00000000 0.00000000 1.00000000
5 92.414828 2.443321
0.01315704 -0.95757383 -0.28788510 1.14404535
0.50315982 0.25514221 -0.82566905 1.68820310
0.86409223 -0.13398938 0.48517105 1.11576927
0.00000000 0.00000000 0.00000000 1.00000000
6 91.422772 2.783870
-0.23864390 -0.76087964 -0.60341549 1.07079422
0.28530452 0.53901291 -0.79250515 1.46630609
0.92825061 -0.36128455 0.08845139 1.55568087
0.00000000 0.00000000 0.00000000 1.00000000
7 175.322363 4.074278
0.05904404 -0.83783561 -0.54272020 1.51174068
-0.63711613 -0.45016921 0.62564433 -1.52806962
-0.76850313 0.30883515 -0.56037831 3.37855244
0.00000000 0.00000000 0.00000000 1.00000000
8 1.693966 0.046369
0.95920420 0.01190069 -0.28246528 -0.51911700
0.05010492 0.97614205 0.21127471 -0.17111813
0.27824071 -0.21680805 0.93572235 0.52518582
0.00000000 0.00000000 0.00000000 1.00000000
9 3.681212 0.031567
0.96778816 -0.01636759 -0.25123161 -0.89483982
0.05981141 0.98426145 0.16628146 -0.36208379
0.24455591 -0.17595315 0.95353651 0.50272799
0.00000000 0.00000000 0.00000000 1.00000000
10 12.983640 2.142864
0.91116816 -0.27356204 -0.30811891 0.83445185
0.29856762 0.95370275 0.03618200 -0.76936698
0.28395596 -0.12496226 0.95066005 0.75542545
0.00000000 0.00000000 0.00000000 1.00000000
11 177.683576 3.151162
0.52745610 -0.40773535 0.74534589 -1.27913439
-0.41911715 -0.88800389 -0.18918076 -0.08955643
0.73900628 -0.21260336 -0.63927209 3.13390541
0.00000000 0.00000000 0.00000000 1.00000000
12 4.438090 0.064058
0.70230258 -0.51635885 0.49004540 0.40226591
0.41767770 0.85632932 0.30372074 -0.02509570
-0.57646894 -0.00862293 0.81707376 0.31865644
0.00000000 0.00000000 0.00000000 1.00000000
13 100.324252 1.703158
-0.39136732 -0.71741462 0.57632267 0.15556878
0.87438297 -0.09468347 0.47590977 -0.85001564
-0.28685623 0.69018257 0.66435051 0.65950257
0.00000000 0.00000000 0.00000000 1.00000000
14 3.157651 0.111884
0.92520642 -0.37874201 -0.02341244 -1.39960885
0.37318754 0.89699173 0.23693550 -0.48487705
-0.06873660 -0.22795093 0.97124374 0.66084290
0.00000000 0.00000000 0.00000000 1.00000000
15 6.765208 0.143975
0.67926151 -0.54137754 0.49549371 0.11235130
0.47068644 0.83937526 0.27184975 -0.56565619
-0.56307912 0.04856479 0.82497466 0.92878157
0.00000000 0.00000000 0.00000000 1.00000000
16 4.454390 0.063757
0.75782108 -0.33701712 0.55868363 -0.55711401
0.28669304 0.94117719 0.17886819 -0.21440507
-0.58610177 0.02462080 0.80986369 0.57114160
0.00000000 0.00000000 0.00000000 1.00000000
17 89.389076 0.973048
-0.13554111 -0.97058529 -0.19897805 -0.24059668
0.98875540 -0.11970372 -0.08963221 -0.49796477
0.06317727 -0.20888971 0.97589648 -0.56798482
0.00000000 0.00000000 0.00000000 1.00000000
18 3.276679 0.049477
0.66127598 -0.30428517 0.68565929 0.17997503
0.30810252 0.94355196 0.12158888 -0.12193227
-0.68395221 0.13084908 0.71769673 0.05714083
0.00000000 0.00000000 0.00000000 1.00000000
19 4.229016 0.057304
0.77988231 -0.46454012 0.41950727 -0.00833273
0.36454752 0.88191777 0.29887861 -0.07098600
-0.50881147 -0.08015916 0.85713828 0.46800494
0.00000000 0.00000000 0.00000000 1.00000000
20 94.026933 0.559491
0.91614074 0.05450851 -0.39713341 0.56915331
-0.07676733 0.99623215 -0.04035506 -0.51932395
0.39343745 0.06745791 0.91687328 0.86826116
0.00000000 0.00000000 0.00000000 1.00000000
21 2.711661 0.053845
0.40807581 -0.30646008 0.85997510 -0.55507517
0.34099323 0.92496789 0.16781262 -0.27604988
-0.84687632 0.22476563 0.48195785 0.55274922
0.00000000 0.00000000 0.00000000 1.00000000
22 130.249447 2.484870
-0.78727555 0.60083687 0.13853952 0.24498492
-0.24391294 -0.09710924 -0.96492350 2.32050562
-0.56630880 -0.79345173 0.22300377 0.54680467
0.00000000 0.00000000 0.00000000 1.00000000
23 3.400646 0.100512
0.53010565 -0.44235694 0.72339958 -0.07393378
0.37195143 0.88798410 0.27043554 -0.09140673
-0.76199681 0.12570927 0.63526165 0.37231135
0.00000000 0.00000000 0.00000000 1.00000000
24 4.240116 0.041662
0.63464838 -0.37869841 0.67365336 0.02770746
0.40211537 0.90622509 0.13060772 -0.45500427
-0.65994281 0.18799558 0.72741491 0.64446187
0.00000000 0.00000000 0.00000000 1.00000000
25 4.744334 0.068243
0.64809507 -0.23961893 0.72288013 -0.15899155
0.31860703 0.94746065 0.02841678 -0.07586586
-0.69170976 0.21189752 0.69038880 -0.01809108
0.00000000 0.00000000 0.00000000 1.00000000
26 89.974803 1.378548
-0.00712258 -0.96696758 -0.25480047 0.95401120
0.94949967 -0.08647177 0.30161840 -1.04864037
-0.31368801 -0.23978461 0.91875106 -0.47367144
0.00000000 0.00000000 0.00000000 1.00000000
