0 3.573141 0.145699
0.95235503 -0.14154926 0.27015495 0.91279089
0.18034472 0.97568768 -0.12453794 0.26809895
-0.24595848 0.16732520 0.95472866 -0.40779305
0.00000000 0.00000000 0.00000000 1.00000000
1 2.272623 0.095905
0.94133240 0.07520257 -0.32899314 -0.40866223
-0.12432992 0.98356605 -0.13091281 -0.30748338
0.31374231 0.16413495 0.93521339 0.02177763
0.00000000 0.00000000 0.00000000 1.00000000
2 7.712917 0.267758
0.95598167 -0.01289884 -0.29314250 -0.55250108
-0.02297312 0.99267632 -0.11859927 -0.26071298
0.29252559 0.12011299 0.94868422 0.15909648
0.00000000 0.00000000 0.00000000 1.00000000
3 3.588997 0.039133
0.98197544 -0.00358559 -0.18897215 -0.83712757
0.01880924 0.99671054 0.07882729 -0.37462118
0.18806766 -0.08096135 0.97881317 0.48281848
0.00000000 0.00000000 0.00000000 1.00000000
4 9.983001 0.174481
0.97192091 -0.13126396 -0.19529673 -1.32618010
0.14940962 0.98543400 0.08122001 -0.30885947
0.18179056 -0.10811882 0.97737545 0.35585332
0.00000000 0.00000000 0.00000000 1.00000000
5 91.939113 2.082540
0.06014528 -0.99284655 -0.10314852 0.91716826
0.80973119 0.10895627 -0.57660156 1.57442796
0.58371454 -0.04884206 0.81048918 0.46200931
0.00000000 0.00000000 0.00000000 1.00000000
6 91.451705 2.231256
-0.08037789 -0.96785736 -0.23831174 0.60417986
0.71449113 0.11076215 -0.69082165 1.51461649
0.69501233 -0.22579800 0.68262219 0.61583287
0.00000000 0.00000000 0.00000000 1.00000000
7 43.305660 1.489898
0.79664028 0.60069656 -0.06729007 0.14517573
-0.48320571 0.69976544 0.52615750 -1.17865133
0.36314821 -0.38664305 0.84772098 0.20916128
0.00000000 0.00000000 0.00000000 1.00000000
8 1.637097 0.033047
0.95999897 0.01056717 -0.27980348 -0.53447783
0.05168984 0.97542477 0.21418497 -0.17445819
0.27519023 -0.22008017 0.93586075 0.52702749
0.00000000 0.00000000 0.00000000 1.00000000
9 3.120482 0.043107
0.95252520 -0.09304517 -0.28989390 -0.85023230
0.13622777 0.98177719 0.13250038 -0.39168990
0.27228251 -0.16570121 0.94784272 0.48937702
0.00000000 0.00000000 0.00000000 1.00000000
10 3.669598 0.069173
0.98342019 -0.04631393 -0.17532675 -1.23465824
0.07156219 0.98748481 0.14054582 -0.47462282
0.16662326 -0.15076223 0.97442675 0.71614838
0.00000000 0.00000000 0.00000000 1.00000000
11 178.112178 3.159886
0.52839613 -0.40789115 0.74459404 -1.26385808
-0.42507797 -0.88628656 -0.18385842 -0.10523909
0.73491931 -0.21936148 -0.64169598 3.15718603
0.00000000 0.00000000 0.00000000 1.00000000
12 4.431908 0.063650
0.70222634 -0.51665181 0.48984224 0.40208673
0.41801530 0.85615194 0.30375105 -0.02535349
-0.57631505 -0.00854055 0.81718272 0.31893170
0.00000000 0.00000000 0.00000000 1.00000000
13 87.846036 1.459715
-0.14226748 -0.65022552 0.74630177 -0.11930084
0.75473535 0.41655821 0.50680733 -0.80494744
-0.64041781 0.63536203 0.43148571 0.88281834
0.00000000 0.00000000 0.00000000 1.00000000
14 4.864458 0.086455
0.93572760 -0.35272312 -0.00076251 -1.43998194
0.34271216 0.90865433 0.23852876 -0.47743380
-0.08344171 -0.22345921 0.97113526 0.66621709
0.00000000 0.00000000 0.00000000 1.00000000
15 1.756580 0.065194
0.58980191 -0.56979239 0.57225120 0.06222284
0.48982853 0.81580859 0.30745143 -0.60339606
-0.64203000 0.09897050 0.76026523 1.00386024
0.00000000 0.00000000 0.00000000 1.00000000
16 4.513970 0.065384
0.75878185 -0.33715376 0.55729431 -0.55447102
0.28641403 0.94115657 0.17941748 -0.21506846
-0.58499283 0.02347806 0.81069869 0.56991780
0.00000000 0.00000000 0.00000000 1.00000000
17 2.910402 0.027532
0.63538849 -0.41635209 0.65032953 -0.22292215
0.37322178 0.90286869 0.21338174 -0.23017035
-0.67600578 0.10713663 0.72906595 0.34871745
0.00000000 0.00000000 0.00000000 1.00000000
18 3.470965 0.068591
0.65690339 -0.30189162 0.69089717 0.16191971
0.30596495 0.94423509 0.12167814 -0.12367575
-0.68910277 0.13145961 0.71263963 0.06611049
0.00000000 0.00000000 0.00000000 1.00000000
19 4.229664 0.057305
0.77988261 -0.46453881 0.41950703 -0.00834000
0.36454648 0.88191772 0.29887736 -0.07098487
-0.50881076 -0.08015928 0.85713851 0.46800375
0.00000000 0.00000000 0.00000000 1.00000000
20 96.318385 0.577104
0.90101463 0.07053156 -0.42801818 0.58756113
-0.10243919 0.99338198 -0.05194798 -0.52030873
0.42152119 0.09065169 0.90227610 0.89692003
0.00000000 0.00000000 0.00000000 1.00000000
21 175.105351 2.405102
-0.70380098 0.17017065 -0.68971479 1.54961789
0.25719219 -0.84398699 -0.47067878 0.89704037
-0.66220570 -0.50865328 0.55023205 0.71135080
0.00000000 0.00000000 0.00000000 1.00000000
22 150.653878 2.801331
-0.85216135 0.46264279 -0.24450497 1.24237621
0.08182874 -0.34368986 -0.93551111 2.46592665
-0.51684123 -0.81721383 0.25502145 0.49079776
0.00000000 0.00000000 0.00000000 1.00000000
23 3.360336 0.107205
0.53048718 -0.44205165 0.72330737 -0.08129716
0.37067366 0.88833201 0.27104810 -0.09279579
-0.76235449 0.12432343 0.63510585 0.37249482
0.00000000 0.00000000 0.00000000 1.00000000
24 4.229016 0.042709
0.63458776 -0.37898797 0.67354798 0.02907544
0.40244752 0.90607202 0.13065439 -0.45545262
-0.65979934 0.18815696 0.72750473 0.64539838
0.00000000 0.00000000 0.00000000 1.00000000
25 4.561710 0.063860
0.64603657 -0.23773313 0.72534072 -0.16237083
0.31614068 0.94826150 0.02921900 -0.07822658
-0.69475985 0.21043327 0.68776906 -0.01644218
0.00000000 0.00000000 0.00000000 1.00000000
26 176.773353 3.683017
-0.55465090 0.41027981 -0.72390163 1.64847589
-0.42307189 0.61008620 0.66993022 -1.87937629
0.71650052 0.67783952 -0.16480669 2.74840832
0.00000000 0.00000000 0.00000000 1.00000000
27 5.663651 0.040217
0.67194098 -0.11432484 0.73172754 0.24063927
0.24228887 0.96758026 -0.07131687 0.02025869
-0.69985104 0.22521076 0.67785609 -0.31186402
0.00000000 0.00000000 0.00000000 1.00000000
28 2.650922 0.020124
0.52221543 -0.49488977 0.69453204 0.16493165
0.50918311 0.83424294 0.21158904 -0.44811147
-0.68412232 0.24314791 0.68764436 0.52235603
0.00000000 0.00000000 0.00000000 1.00000000
29 21.402869 0.239076
0.87203926 0.07507101 0.48364696 0.32680887
-0.04664260 0.99641740 -0.07056531 0.00465754
-0.48721161 0.03897914 0.87241483 -0.44039071
0.00000000 0.00000000 0.00000000 1.00000000
30 2.356840 0.047002
0.77918750 -0.42205888 0.46339300 0.30037236
0.46375531 0.88555777 0.02676925 -0.12317111
-0.42166036 0.19404204 0.88574815 0.15592074
0.00000000 0.00000000 0.00000000 1.00000000
31 7.779907 0.188499
0.62205911 -0.41083080 0.66652888 0.31808084
0.48453629 0.87068552 0.08445898 0.45765865
-0.61503440 0.27041954 0.74067986 -0.49678385
0.00000000 0.00000000 0.00000000 1.00000000
32 3.596408 0.081605
0.85736620 -0.27974659 0.43204680 0.31638208
0.25643349 0.95996952 0.11269802 -0.15788886
-0.44627845 0.01416773 0.89478195 -0.41852403
0.00000000 0.00000000 0.00000000 1.00000000
33 3.005438 0.028937
0.89486647 -0.05912041 0.44240153 -0.22401500
0.03776744 0.99766374 0.05692902 0.06468081
-0.44473356 -0.03423560 0.89500844 -0.81557274
0.00000000 0.00000000 0.00000000 1.00000000
34 68.738249 1.003764
0.79676127 0.46612224 -0.38458014 0.83327413
-0.43538538 0.88412988 0.16957283 -0.24180412
0.41906008 0.03233185 0.90738320 -0.69569600
0.00000000 0.00000000 0.00000000 1.00000000
35 3.078034 0.097986
0.83732331 -0.11894482 0.53361267 0.38684398
0.14438568 0.98950320 -0.00599876 0.31653464
-0.52729833 0.08206907 0.84570760 -1.35687482
0.00000000 0.00000000 0.00000000 1.00000000
36 6.090495 0.106784
0.80021763 -0.29375535 0.52283835 0.25205129
0.26153404 0.95548630 0.13655365 -0.15593857
-0.53967762 0.02746779 0.84142387 -0.53783512
0.00000000 0.00000000 0.00000000 1.00000000
37 2.343849 0.025162
0.93177217 -0.19587883 0.30566719 0.48871985
0.14908129 0.97413623 0.16980290 0.18621317
-0.33102232 -0.11264861 0.93687475 -0.88753653
0.00000000 0.00000000 0.00000000 1.00000000
38 5.718340 0.130173
0.66669184 -0.45125318 0.59320664 -0.31754726
0.35128888 0.89219177 0.28388774 0.02004294
-0.65735859 0.01912107 0.75333583 -0.52756357
0.00000000 0.00000000 0.00000000 1.00000000
39 87.343792 1.163483
0.68293738 0.50406641 -0.52868980 1.00830972
-0.48089927 0.85504019 0.19401348 -0.07977069
0.54984730 0.12174708 0.82634449 -0.49100530
0.00000000 0.00000000 0.00000000 1.00000000
40 113.575019 1.510979
-0.06198755 0.91151673 0.40656531 -0.25727588
-0.87040323 -0.24871117 0.42490119 -0.57507420
0.48842159 -0.32753739 0.80880404 -0.95473611
0.00000000 0.00000000 0.00000000 1.00000000
41 78.471863 0.807269
0.76469553 0.35826820 -0.53561616 1.34061503
-0.30498999 0.93342865 0.18892825 0.14755373
0.56764549 0.01888496 0.82305706 -0.54913843
0.00000000 0.00000000 0.00000000 1.00000000
42 10.931010 0.210955
0.92249018 -0.06806082 0.37996984 0.52393979
-0.00885779 0.98034203 0.19710283 -0.08184844
-0.38591599 -0.18519209 0.90375453 -0.65420699
0.00000000 0.00000000 0.00000000 1.00000000
43 8.592217 0.154951
0.99550682 -0.08479358 0.04212525 1.35416055
0.07412031 0.97477865 0.21050185 -0.38313648
-0.05891162 -0.20643336 0.97668445 -0.05403328
0.00000000 0.00000000 0.00000000 1.00000000
44 14.550817 0.549532
0.94439685 -0.23774907 0.22713339 0.36839309
0.19290999 0.96003032 0.20280100 -0.19524935
-0.26627034 -0.14770825 0.95251375 -0.39294767
0.00000000 0.00000000 0.00000000 1.00000000
45 1.908238 0.032190
0.91060668 -0.19292873 0.36547643 0.47745329
0.17543098 0.98116630 0.08084464 -0.13357133
-0.37419057 -0.00950268 0.92730272 0.41514409
0.00000000 0.00000000 0.00000000 1.00000000
46 169.354026 2.680383
-0.86054897 0.07528892 -0.50377291 1.45613301
0.35201716 -0.62692821 -0.69501406 2.12365866
-0.36815649 -0.77543056 0.51299959 0.39273846
0.00000000 0.00000000 0.00000000 1.00000000
47 2.830753 0.094342
0.72014880 -0.36215842 0.59180003 0.13099453
0.26542667 0.93187982 0.24728188 -0.29301795
-0.64104170 -0.02100062 0.76721853 -0.37329149
0.00000000 0.00000000 0.00000000 1.00000000
48 2.437831 0.067875
0.71542072 -0.48412812 0.50377715 -0.32679057
0.34239835 0.87144411 0.35120893 -0.05176151
-0.60904306 -0.07876976 0.78921533 -0.44473314
0.00000000 0.00000000 0.00000000 1.00000000
49 89.878457 1.405677
0.28853127 0.54011101 -0.79058802 0.97433078
-0.44803333 0.80588937 0.38705134 -0.88415933
0.84617722 0.24253340 0.47451216 1.19066262
0.00000000 0.00000000 0.00000000 1.00000000
50 2.502489 0.075743
0.95146763 -0.20089772 0.23312855 1.05192459
0.19569539 0.97960842 0.04548383 -0.17750072
-0.23751238 0.00234392 0.97138083 0.57950568
0.00000000 0.00000000 0.00000000 1.00000000
51 12.591392 1.420462
0.76030338 -0.13460103 0.63546836 -0.80662924
0.12320200 0.99041891 0.06237951 -0.12194157
-0.63777632 0.03086418 0.76960218 -0.08031249
0.00000000 0.00000000 0.00000000 1.00000000
52 2.236509 0.020102
0.76213819 -0.50756443 0.40190035 0.23820788
0.41563225 0.85955107 0.29735783 0.09051542
-0.49638197 -0.05958505 0.86605674 -0.40490294
0.00000000 0.00000000 0.00000000 1.00000000
53 4.316292 0.098924
0.93805683 -0.24342576 0.24656609 1.23495734
0.22417313 0.96900553 0.10380263 0.18796818
-0.26419225 -0.04209926 0.96355093 -0.41440225
0.00000000 0.00000000 0.00000000 1.00000000
54 94.100642 2.551772
0.09395263 -0.97760683 -0.18830080 -0.41319197
0.82164472 0.18294594 -0.53984308 1.39576995
0.56220323 -0.10399608 0.82043374 0.17323828
0.00000000 0.00000000 0.00000000 1.00000000
55 161.607810 3.808815
-0.79880631 -0.40313762 0.44652969 -1.45132923
0.52233601 -0.83301413 0.18235207 -0.07173074
0.29845259 0.37890267 0.87599021 -0.59186018
0.00000000 0.00000000 0.00000000 1.00000000
56 2.360657 0.070749
0.96487904 0.08827829 -0.24741693 1.40219820
-0.09209329 0.99574322 -0.00386590 -0.39844477
0.24602212 0.02651581 0.96890169 1.06051469
0.00000000 0.00000000 0.00000000 1.00000000
57 110.686145 3.047966
-0.33344489 -0.90702385 -0.25714493 0.05971080
0.68644184 -0.04661715 -0.72569036 2.20867753
0.64623070 -0.41849250 0.63816190 0.59841526
0.00000000 0.00000000 0.00000000 1.00000000
58 6.200742 1.794441
0.98822916 0.12792267 0.08389758 0.10469776
-0.14044647 0.97606134 0.16606990 -0.34197038
-0.06064507 -0.17589816 0.98253846 0.13630629
0.00000000 0.00000000 0.00000000 1.00000000
59 71.498242 4.334352
0.53740799 -0.54673052 0.64208865 -1.90245640
0.50862795 0.81744373 0.27033725 -0.39782608
-0.67267376 0.18130285 0.71738356 -0.12245250
0.00000000 0.00000000 0.00000000 1.00000000
60 104.771161 3.499793
0.01910918 -0.97813946 -0.20707175 0.12911111
0.25322598 0.20509174 -0.94541764 2.05473137
0.96721870 -0.03436995 0.25160930 1.16853988
0.00000000 0.00000000 0.00000000 1.00000000
61 80.624483 2.774047
0.38194549 -0.89906675 -0.21400338 0.48842484
0.52261668 0.40109476 -0.75232768 1.53157926
0.76222813 0.17550619 0.62306225 0.34440362
0.00000000 0.00000000 0.00000000 1.00000000
62 175.369757 6.221165
-0.57325721 -0.77979177 0.25159466 -2.09218431
-0.81778991 0.56359684 -0.11652112 0.33075976
-0.05093509 -0.27254891 -0.96079242 4.18639421
0.00000000 0.00000000 0.00000000 1.00000000
63 90.234563 2.296775
0.89646900 -0.31317133 0.31347761 0.83241719
0.29974619 0.94962138 0.09149259 0.23552865
-0.32633841 0.01194353 0.94517773 -0.29245329
0.00000000 0.00000000 0.00000000 1.00000000
64 95.799858 2.387436
0.90403831 -0.35382643 0.23983760 0.41325700
0.35042235 0.93478239 0.05818606 0.51906145
-0.24478370 0.03144215 0.96906775 -0.60165775
0.00000000 0.00000000 0.00000000 1.00000000
65 90.796766 2.302359
0.90178251 -0.31983152 0.29068395 0.07314110
0.30502877 0.94747287 0.09619197 0.54876256
-0.30618024 0.00192320 0.95197159 -0.91006172
0.00000000 0.00000000 0.00000000 1.00000000
66 76.118525 2.858762
0.46888670 -0.88268214 0.03187895 0.40356204
0.58523303 0.28344104 -0.75971240 1.93235934
0.66154814 0.37487596 0.64947677 0.32352066
0.00000000 0.00000000 0.00000000 1.00000000
67 9.045569 0.152046
-0.22458081 0.51308453 -0.82843709 1.11567521
-0.24586356 0.79281324 0.55767214 -0.93839896
0.94292879 0.32892573 -0.05190185 1.91650343
0.00000000 0.00000000 0.00000000 1.00000000
68 91.823078 2.374001
0.97694421 -0.20745891 -0.05041754 1.26544285
0.20786056 0.97815478 0.00279893 0.12691388
0.04873538 -0.01321426 0.99872446 0.10773921
0.00000000 0.00000000 0.00000000 1.00000000
69 22.361527 2.731031
0.99166971 -0.11825724 -0.05105117 0.06287920
0.11172713 0.98695415 -0.11592463 0.07388639
0.06409414 0.10925502 0.99194515 -0.47376788
0.00000000 0.00000000 0.00000000 1.00000000
70 3.141740 0.054696
0.53384155 0.26154548 -0.80411637 0.96115440
-0.28982228 0.94995415 0.11657189 -0.80886072
0.79436368 0.17081958 0.58292860 0.98938715
0.00000000 0.00000000 0.00000000 1.00000000
71 97.551330 1.988672
0.87928742 0.30363101 -0.36696446 1.57417917
-0.30614531 0.95051348 0.05291048 -0.36441499
0.36486977 0.06582101 0.92872888 -0.19671392
0.00000000 0.00000000 0.00000000 1.00000000
72 163.943956 4.441020
0.79703677 -0.55474234 0.23873648 -1.07143939
-0.51251429 -0.83040750 -0.21852359 0.14908567
0.31947255 0.05181542 -0.94617873 5.92198038
0.00000000 0.00000000 0.00000000 1.00000000
73 15.744984 0.555229
-0.03634125 0.56361538 -0.82523745 1.14654529
-0.31278056 0.77787840 0.54504424 -0.94714022
0.94912976 0.27792609 0.14801930 1.37776959
0.00000000 0.00000000 0.00000000 1.00000000
74 87.866367 2.662258
0.90405816 -0.09435620 -0.41686365 1.11210406
0.01914729 0.98328960 -0.18103985 0.49608806
0.42698002 0.15568894 0.89075750 0.32654190
0.00000000 0.00000000 0.00000000 1.00000000
75 95.606330 2.076830
0.79946440 -0.26973790 0.53674817 -1.29222524
0.32092357 0.94710332 -0.00204489 0.20644093
-0.50780386 0.17389044 0.84374011 -0.16247749
0.00000000 0.00000000 0.00000000 1.00000000
76 9.959176 0.306077
0.12703718 0.54445159 -0.82911640 1.50261378
-0.20804435 0.83192086 0.51441741 -0.77840865
0.96983445 0.10714182 0.21895455 1.28568745
0.00000000 0.00000000 0.00000000 1.00000000
77 89.956447 2.274813
0.97307616 -0.20402291 -0.10722141 0.66831183
0.19589904 0.97722125 -0.08161733 0.13311303
0.12143098 0.05841485 0.99087942 -0.43695927
0.00000000 0.00000000 0.00000000 1.00000000
78 169.583355 2.941997
0.09379736 -0.53647840 0.83868551 -1.62540615
0.51677239 0.74626535 0.41956550 -0.52958000
-0.85096908 0.39405549 0.34723499 0.16982794
0.00000000 0.00000000 0.00000000 1.00000000
79 8.269471 0.205694
0.02925871 0.26819593 -0.96291959 0.49149346
-0.39562219 0.88777399 0.23524511 -0.62487352
0.91794717 0.37406951 0.13207918 1.40532351
0.00000000 0.00000000 0.00000000 1.00000000
80 97.169889 3.220166
0.29949611 -0.89236379 -0.33762479 -0.33153147
-0.55332053 0.12583047 -0.82340950 1.90760410
0.77726364 0.43342271 -0.45607683 3.06118417
0.00000000 0.00000000 0.00000000 1.00000000
81 93.059729 2.308779
0.96372098 0.03003227 -0.26521659 0.32775158
-0.06490539 0.99019194 -0.12372220 0.32260442
0.25889978 0.13644753 0.95621789 -0.65278745
0.00000000 0.00000000 0.00000000 1.00000000
82 17.661673 0.499379
0.90487802 0.18923280 -0.38129559 -0.26551479
-0.12798795 0.97525430 0.18026990 -0.66090173
0.40597332 -0.11432165 0.90670609 0.95841861
0.00000000 0.00000000 0.00000000 1.00000000
83 91.029969 2.330972
0.95628214 -0.25337291 -0.14603633 0.13721785
0.25775114 0.96614224 0.01156257 0.24829873
0.13816214 -0.04869831 0.98921192 -0.22071457
0.00000000 0.00000000 0.00000000 1.00000000
84 93.333002 2.323531
0.70523977 0.70245367 0.09589479 -0.25417757
-0.70776790 0.68970394 0.15288690 -0.32123554
0.04125658 -0.17569283 0.98358035 -0.10731030
0.00000000 0.00000000 0.00000000 1.00000000
85 85.176850 2.498421
-0.93800795 0.25586921 -0.23381954 -0.21581924
0.03358686 0.73850584 0.67341053 -1.73561096
0.34498179 0.62381178 -0.70131844 4.00866556
0.00000000 0.00000000 0.00000000 1.00000000
86 94.798274 1.570229
0.98010361 -0.14724466 0.13309848 -0.38285953
0.14216039 0.98872811 0.04697898 -0.37397173
-0.13851598 -0.02712327 0.98998857 0.30152726
0.00000000 0.00000000 0.00000000 1.00000000
87 93.946444 1.532850
0.98725355 0.03693282 -0.15481117 0.29260483
-0.05357762 0.99305302 -0.10476105 -0.13375232
0.14986652 0.11172015 0.98237395 -0.26737154
0.00000000 0.00000000 0.00000000 1.00000000
88 26.054556 1.488810
0.84619415 0.47127342 -0.24870867 0.49338526
-0.35107565 0.84417033 0.40512061 -0.83932674
0.40087500 -0.25549519 0.87978441 0.38500690
0.00000000 0.00000000 0.00000000 1.00000000
89 94.784757 1.512164
0.95983106 -0.28028253 -0.01289645 0.55193102
0.27955040 0.95136583 0.12944114 -0.18217781
-0.02401045 -0.12784714 0.99150360 0.20159554
0.00000000 0.00000000 0.00000000 1.00000000
90 123.939091 2.260817
-0.19217527 -0.98076457 0.03420666 -0.78086394
0.52809298 -0.13273057 -0.83874941 0.58675140
0.82715565 -0.14312251 0.54344267 1.73767173
0.00000000 0.00000000 0.00000000 1.00000000
91 92.227608 1.120911
0.99630392 -0.06649305 0.05437702 0.66080773
0.06396908 0.99684834 0.04691139 -0.57329816
-0.05732509 -0.04325964 0.99741751 0.34284592
0.00000000 0.00000000 0.00000000 1.00000000
92 93.324079 0.863223
0.97232616 -0.19684646 0.12583083 0.64566767
0.19017118 0.97971791 0.06314710 -0.58320946
-0.13570897 -0.03747037 0.99003977 0.41770864
0.00000000 0.00000000 0.00000000 1.00000000
93 94.265204 0.983543
0.99736392 -0.06627231 0.02956827 0.79364574
0.06830192 0.99492168 -0.07393688 -0.42132232
-0.02451807 0.07576099 0.99682510 0.12251019
0.00000000 0.00000000 0.00000000 1.00000000
94 53.814874 1.856922
0.75046813 -0.20750375 -0.62748682 1.39344954
0.08768949 0.97230232 -0.21665546 0.14826319
0.65506351 0.10756946 0.74787742 0.68316597
0.00000000 0.00000000 0.00000000 1.00000000
95 119.568978 3.087183
-0.38461605 -0.89600015 -0.22192921 0.12614301
-0.63397211 0.43115783 -0.64201379 1.07476330
0.67093134 -0.10623276 -0.73386991 4.22767067
0.00000000 0.00000000 0.00000000 1.00000000
96 3.143484 0.094664
0.97236443 0.10165366 -0.21017873 0.23389807
-0.09583601 0.99468261 0.03770849 -0.92029732
0.21289414 -0.01652309 0.97693604 1.57703078
0.00000000 0.00000000 0.00000000 1.00000000
97 17.014518 0.410628
-0.41312760 0.65355521 -0.63418680 -0.19726926
-0.45882526 0.45216706 0.76486927 -1.57373667
0.78664213 0.60696882 0.11306458 2.11275744
0.00000000 0.00000000 0.00000000 1.00000000
98 93.596386 0.955383
0.96498537 0.20940009 -0.15797323 0.53015596
-0.19077158 0.97361380 0.12523118 -0.61028528
0.18002862 -0.09070925 0.97947025 0.77525067
0.00000000 0.00000000 0.00000000 1.00000000
99 85.811283 1.273461
-0.98436290 0.00995749 0.17587140 0.15122342
0.16620022 0.38334376 0.90852898 -1.46796119
-0.05837297 0.92355227 -0.37900448 2.37935972
0.00000000 0.00000000 0.00000000 1.00000000
100 151.376580 2.396224
-0.12576218 -0.83823752 0.53060389 -0.34405696
-0.84440297 0.37119201 0.38626397 -1.99468088
-0.52073699 -0.39946616 -0.75449246 2.98572302
0.00000000 0.00000000 0.00000000 1.00000000
101 80.437814 1.016553
0.68516368 -0.32513589 0.65179563 -0.33775178
0.26883826 0.94454598 0.18856722 -0.58079016
-0.67696142 0.04602799 0.73457778 1.23113286
0.00000000 0.00000000 0.00000000 1.00000000
102 91.681824 0.562268
0.97905147 -0.19805425 -0.04723454 1.19712722
0.20301941 0.93193501 0.30046669 -0.42722422
-0.01548967 -0.30376214 0.95262140 0.79867804
0.00000000 0.00000000 0.00000000 1.00000000
103 14.500410 1.359805
-0.72951353 0.62401927 -0.28002015 -0.50477600
-0.26879030 0.11490622 0.95632112 -2.20873976
0.62893790 0.77291596 0.08390504 2.80462718
0.00000000 0.00000000 0.00000000 1.00000000
104 116.283475 3.210351
-0.21691959 -0.20176260 0.95511127 -3.02742577
0.34238407 -0.93197870 -0.11911551 -0.23780787
0.91417557 0.30117646 0.27124518 2.74107862
0.00000000 0.00000000 0.00000000 1.00000000
105 178.411069 2.365656
-0.99828571 0.02448552 -0.05315823 0.17878556
0.04846746 -0.16325910 -0.98539144 1.38892710
-0.03280636 -0.98627913 0.16179214 1.79842424
0.00000000 0.00000000 0.00000000 1.00000000
106 94.110323 0.568388
0.72617358 0.58693075 -0.35802916 0.59058535
-0.33452916 0.75660384 0.56181937 -0.82481080
0.60063499 -0.28820720 0.74577093 0.61466777
0.00000000 0.00000000 0.00000000 1.00000000
107 90.171359 2.102819
0.87400138 -0.35226709 0.33470842 -0.20372732
0.19895257 0.88784426 0.41491032 -0.10916913
-0.44332841 -0.29604119 0.84606123 0.17992973
0.00000000 0.00000000 0.00000000 1.00000000
108 86.829820 1.494275
0.83717096 -0.36998191 0.40281329 -0.30500221
0.19670859 0.89087635 0.40944397 -0.07587045
-0.51034391 -0.26353765 0.81859452 0.15174580
0.00000000 0.00000000 0.00000000 1.00000000
109 115.465718 2.149550
0.96537495 -0.19823995 0.16955937 -0.04890096
0.24343935 0.45105281 -0.85865486 1.62467241
0.09373957 0.87020206 0.48369545 0.86961317
0.00000000 0.00000000 0.00000000 1.00000000
110 165.251441 2.446760
-0.98787463 -0.10222825 0.11685178 0.29354790
-0.13211501 0.15817086 -0.97853333 1.09934139
0.08155140 -0.98210585 -0.16975854 2.16542673
0.00000000 0.00000000 0.00000000 1.00000000
111 95.568368 0.787158
0.94751513 0.18727753 -0.25911951 1.24846458
-0.01782170 0.84015679 0.54205143 -0.40413266
0.31921545 -0.50898385 0.79939818 0.57675648
0.00000000 0.00000000 0.00000000 1.00000000
112 152.003361 1.119217
0.70064408 0.71306992 0.02511497 0.75376028
-0.58376098 0.59311801 -0.55446917 -0.50207865
-0.41027099 0.37382528 0.83182621 1.45575440
0.00000000 0.00000000 0.00000000 1.00000000
113 111.976916 2.563506
0.33497414 0.71462524 0.61408812 -1.58553898
-0.01743373 -0.64692807 0.76235211 -2.83631396
0.94206655 -0.26607388 -0.20424561 2.42587376
0.00000000 0.00000000 0.00000000 1.00000000
114 35.172919 1.533689
-0.34188420 0.92702562 -0.15407509 0.10046482
-0.27000654 0.06014067 0.96097845 -1.41689348
0.90011722 0.37014455 0.22974199 1.47798705
0.00000000 0.00000000 0.00000000 1.00000000
115 169.817665 2.315021
0.33573556 0.84569180 -0.41483250 1.99407756
-0.25532037 -0.34220642 -0.90427107 0.22968566
-0.90669304 0.40951091 0.10103153 1.44657266
0.00000000 0.00000000 0.00000000 1.00000000
116 85.892180 4.136715
-0.80654073 -0.56419671 0.17655945 -0.34132650
-0.58163857 0.81074572 -0.06623942 1.20705318
-0.10577275 -0.15611893 -0.98205853 5.13231039
0.00000000 0.00000000 0.00000000 1.00000000
117 124.500700 1.702538
0.98116690 0.08033590 -0.17566362 0.95961350
-0.02207411 0.95008564 0.31120634 -0.30172569
0.19189657 -0.30146781 0.93396634 -0.17083752
0.00000000 0.00000000 0.00000000 1.00000000
118 174.950612 2.433802
-0.71945244 -0.54797608 0.42674458 -1.69566751
-0.34411949 -0.25246963 -0.90434617 0.81909311
0.60329980 -0.79748464 -0.00692970 3.01342058
0.00000000 0.00000000 0.00000000 1.00000000
119 177.601017 2.787881
0.89182580 0.15400803 -0.42535758 0.67999977
-0.21652837 -0.68024147 -0.70027846 -0.03031307
-0.39719391 0.71662831 -0.57330799 3.39187288
0.00000000 0.00000000 0.00000000 1.00000000
120 131.752071 2.968202
0.94614822 0.06296834 -0.31755197 0.98897254
0.04561784 0.94518340 0.32334179 -0.09898224
0.32050508 -0.32041481 0.89140970 0.35645330
0.00000000 0.00000000 0.00000000 1.00000000
121 128.672760 2.555577
0.66055721 0.60302424 -0.44724238 -0.12569427
-0.27756888 0.74965298 0.60081232 -0.49758923
0.69758117 -0.27273071 0.66256982 0.10367942
0.00000000 0.00000000 0.00000000 1.00000000
122 177.549956 2.828716
-0.28819990 -0.85427225 0.43261927 -1.66729379
-0.22559947 -0.37849638 -0.89768791 1.25087857
0.93061578 -0.35631213 -0.08364081 3.49225616
0.00000000 0.00000000 0.00000000 1.00000000
123 163.450133 3.112188
-0.73455071 -0.25327340 0.62951404 -2.22672391
-0.62455070 -0.11033723 -0.77315104 1.08208680
0.26527721 -0.96108198 -0.07713410 2.21226215
0.00000000 0.00000000 0.00000000 1.00000000
124 131.931848 3.845479
-0.32945412 0.61936873 -0.71263069 2.09342480
0.90783960 0.41516644 -0.05886699 0.65928930
0.25939927 -0.66634881 -0.69906574 3.93553591
0.00000000 0.00000000 0.00000000 1.00000000
125 108.771214 2.922764
0.44790870 -0.57149470 0.68758291 -2.16509724
0.86053061 0.06687117 -0.50499034 1.47507966
0.24261978 0.81787568 0.52174115 2.03935504
0.00000000 0.00000000 0.00000000 1.00000000
126 178.962120 4.505025
0.64132547 0.24093339 -0.72845936 2.81265831
0.76726675 -0.19903728 0.60966158 -3.09375381
0.00189734 -0.94991457 -0.31250805 2.65539575
0.00000000 0.00000000 0.00000000 1.00000000
127 90.270261 0.639615
-0.84967095 -0.35061833 0.39386073 -1.26467383
0.40506929 -0.91219437 0.06180707 -0.82990432
0.33760694 0.21205661 0.91708964 1.10339904
0.00000000 0.00000000 0.00000000 1.00000000
128 116.782846 4.875978
-0.97746587 -0.07015254 -0.19909526 -0.03184313
0.05804613 0.81747937 -0.57302469 2.70621729
0.20295554 -0.57166851 -0.79498625 4.13849211
0.00000000 0.00000000 0.00000000 1.00000000
129 167.691288 3.770825
-0.20635429 0.43878934 -0.87457430 2.12498164
0.95306498 0.29251429 -0.07811409 0.51215792
0.22155103 -0.84964538 -0.47855616 3.92759466
0.00000000 0.00000000 0.00000000 1.00000000
130 116.921810 3.866651
0.97337031 -0.19426987 0.12169240 -0.75878382
0.14810744 0.12777096 -0.98068243 2.89193320
0.17496850 0.97259128 0.15314098 2.25641489
0.00000000 0.00000000 0.00000000 1.00000000
131 172.047332 4.060887
-0.41351986 0.45167133 -0.79056638 2.29060698
0.84798926 0.50721765 -0.15376890 0.48170072
0.33153608 -0.73397821 -0.59275699 3.58939815
0.00000000 0.00000000 0.00000000 1.00000000
132 137.491922 4.225250
-0.65988719 -0.41108590 -0.62893230 1.39979684
0.14642848 0.75064516 -0.64427519 1.78560400
0.73695809 -0.51724273 -0.43514556 4.02779913
0.00000000 0.00000000 0.00000000 1.00000000
133 4.561710 0.113398
0.64259338 0.44434428 -0.62420458 -0.03056526
-0.36738858 0.89359623 0.25790018 -0.09722981
0.67238331 0.06360051 0.73746645 0.03110218
0.00000000 0.00000000 0.00000000 1.00000000
134 92.189757 1.461853
-0.24956316 -0.63799596 -0.72847694 0.98874253
-0.12325060 -0.72523427 0.67738008 -1.77488208
-0.96048260 0.25883436 0.10235859 1.28309000
0.00000000 0.00000000 0.00000000 1.00000000
135 176.315492 1.941822
0.10289587 0.57014859 -0.81507200 -0.36774129
-0.00128964 0.81949735 0.57308143 -1.97042644
0.99469125 -0.05791602 0.08505857 2.99920321
0.00000000 0.00000000 0.00000000 1.00000000
136 94.611306 0.575826
0.93746769 -0.08815567 -0.33672580 -0.13961363
0.13843480 0.98202378 0.12831424 -1.03464890
0.31936038 -0.16690519 0.93281919 1.09973478
0.00000000 0.00000000 0.00000000 1.00000000
137 95.361069 0.498059
0.96793932 0.13690300 -0.21059108 -0.39299226
-0.12435370 0.98963726 0.07178446 -0.68334216
0.21823713 -0.04329503 0.97493470 0.56432366
0.00000000 0.00000000 0.00000000 1.00000000
138 93.085285 0.300945
0.99408913 0.01409224 -0.10764685 0.06561816
0.00528864 0.98407668 0.17766647 -0.77817833
0.10843676 -0.17718546 0.97818530 0.69052660
0.00000000 0.00000000 0.00000000 1.00000000
139 93.025682 0.223085
0.96454835 0.10684359 -0.24130386 0.14787701
-0.09065025 0.99287999 0.07727166 -0.64215410
0.24784276 -0.05265785 0.96736771 0.40495014
0.00000000 0.00000000 0.00000000 1.00000000
140 98.020116 1.055864
0.93966818 -0.10917334 -0.32419884 -0.06774324
0.11737054 0.99307078 0.00577515 -0.74762881
0.32132271 -0.04347817 0.94597119 0.56476915
0.00000000 0.00000000 0.00000000 1.00000000
141 140.460145 4.226760
-0.15658122 -0.73263818 -0.66236192 2.28413582
-0.48495358 -0.52719533 0.69777215 -0.10917282
-0.86040908 0.43047249 -0.27274570 2.26398540
0.00000000 0.00000000 0.00000000 1.00000000
142 132.970375 3.474888
0.76685798 -0.42311969 0.48259661 -1.94064093
0.45359176 -0.17468309 -0.87392235 1.83414257
0.45407534 0.88907611 0.05796698 2.64231420
0.00000000 0.00000000 0.00000000 1.00000000
143 157.917462 2.078900
0.31390941 -0.49442673 0.81055748 -1.39051962
0.82942796 0.55827928 0.01932390 -1.21466827
-0.46207240 0.66623312 0.58534062 1.10037458
0.00000000 0.00000000 0.00000000 1.00000000
144 98.393179 0.628883
0.98278403 -0.18243830 -0.02915964 0.34108508
0.18475369 0.97082365 0.15286562 -0.44713742
0.00042102 -0.15562154 0.98781651 0.41764307
0.00000000 0.00000000 0.00000000 1.00000000
145 3.720260 0.113476
0.35352495 -0.60065925 0.71709752 -0.09595490
0.47010219 0.77684516 0.41894838 -0.63349313
-0.80871785 0.18900043 0.55700517 1.13405466
0.00000000 0.00000000 0.00000000 1.00000000
146 91.461727 0.571478
0.92223650 0.13896331 -0.36079058 0.31835026
-0.07488871 0.97970688 0.18592028 -1.01284397
0.37930465 -0.14444347 0.91392797 1.07156420
0.00000000 0.00000000 0.00000000 1.00000000
147 92.867289 0.637293
0.95309091 0.21951090 -0.20840877 0.44478911
-0.17400047 0.96072614 0.21616966 -0.57910705
0.24767502 -0.16976605 0.95385355 0.27956629
0.00000000 0.00000000 0.00000000 1.00000000
148 93.182322 0.598160
0.93074852 0.07885727 -0.35705969 0.53985316
-0.03573403 0.99141151 0.12580509 -0.91420817
0.36391276 -0.10433395 0.92557132 0.87231362
0.00000000 0.00000000 0.00000000 1.00000000
149 176.777117 4.864219
-0.66241312 0.71777302 -0.21450120 0.96401656
0.74589682 0.65854287 -0.09980044 1.03906035
0.06962448 -0.22610465 -0.97161174 4.27579737
0.00000000 0.00000000 0.00000000 1.00000000
150 177.908468 3.077630
-0.30558494 -0.03420800 0.95154941 -3.11817193
-0.19031544 -0.97699326 -0.09624185 -0.25858676
0.93294960 -0.21050510 0.29204494 2.81860614
0.00000000 0.00000000 0.00000000 1.00000000
151 39.489842 1.674199
0.96453327 0.26392877 0.00413537 -1.37982941
-0.25361514 0.93095744 -0.26267391 1.09600019
-0.07317659 0.25230908 0.96487576 0.12312555
0.00000000 0.00000000 0.00000000 1.00000000
152 93.637478 2.182486
0.65659797 -0.36840290 0.65814710 -2.47475100
0.36790150 0.91818392 0.14692532 -0.23469894
-0.65842772 0.14566234 0.73841393 1.15052843
0.00000000 0.00000000 0.00000000 1.00000000
153 102.169703 0.919291
0.65493202 -0.21861616 0.72337735 -1.19577420
0.24796444 0.96641111 0.06756449 -0.30240086
-0.71384966 0.13512129 0.68714011 0.93493176
0.00000000 0.00000000 0.00000000 1.00000000
154 177.835218 4.025403
-0.65393674 -0.49362838 0.57332170 -2.05353785
-0.65265661 -0.01518625 -0.75750172 2.48041368
0.38263094 -0.86954051 -0.31223914 1.80938029
0.00000000 0.00000000 0.00000000 1.00000000
155 159.907264 4.083373
0.45776573 -0.45835853 0.76181316 -2.94019246
0.66669744 0.74384916 0.04693943 -1.64559984
-0.58818901 0.48641208 0.64609456 1.89225447
0.00000000 0.00000000 0.00000000 1.00000000
156 97.552470 0.673861
0.98802781 -0.00956488 -0.15397778 0.67807627
0.04968467 0.96462876 0.25888789 -0.31051335
0.14605515 -0.26343849 0.95355570 0.05542302
0.00000000 0.00000000 0.00000000 1.00000000
157 4.102171 0.061842
0.67095035 -0.60463631 0.42923361 -0.36562067
0.42564607 0.78805375 0.44474325 -0.86673564
-0.60716689 -0.11569874 0.78610569 0.69918048
0.00000000 0.00000000 0.00000000 1.00000000
158 6.368644 0.106801
0.67488033 -0.53336900 0.50995636 -0.60350633
0.35301298 0.84021401 0.41161078 -0.47653157
-0.64801210 -0.09776701 0.75532937 0.06311929
0.00000000 0.00000000 0.00000000 1.00000000
159 4.787902 0.453647
0.57128561 -0.56781137 0.59264100 -0.75008547
0.35936219 0.82222617 0.44136485 -0.60586488
-0.73789668 -0.03917250 0.67377579 0.27671313
0.00000000 0.00000000 0.00000000 1.00000000
160 8.745297 0.176235
0.66425014 -0.65337616 0.36313790 -0.06387024
0.49393389 0.74828005 0.44283777 -0.82381570
-0.56106949 -0.11478911 0.81977057 0.54618657
0.00000000 0.00000000 0.00000000 1.00000000
161 2.516840 0.050039
0.96253377 -0.22971222 0.14408658 -1.25791693
0.17745735 0.93540442 0.30582339 -0.43013355
-0.20503052 -0.26879615 0.94112259 0.58357990
0.00000000 0.00000000 0.00000000 1.00000000
162 3.419821 0.062053
0.99237102 -0.10071580 -0.07110319 -1.38856745
0.11428966 0.96780908 0.22423974 -0.23352411
0.04622982 -0.23065528 0.97193670 0.07279325
0.00000000 0.00000000 0.00000000 1.00000000
163 9.330034 0.326939
0.99110717 0.13169616 -0.01906140 -1.64284754
-0.12450206 0.96830958 0.21651079 0.14317670
0.04697112 -0.21221168 0.97609442 -0.16046047
0.00000000 0.00000000 0.00000000 1.00000000
164 7.180536 0.327428
0.98898840 -0.07638703 -0.12674670 -1.92666316
0.10853830 0.95661455 0.27038398 0.05776196
0.10059359 -0.28116387 0.95437288 -0.58382368
0.00000000 0.00000000 0.00000000 1.00000000
165 8.003123 0.292598
0.90949863 -0.32061401 0.26461193 -2.58098865
0.24021867 0.92483658 0.29490906 -0.19224067
-0.33927500 -0.20465463 0.91815519 -0.01089263
0.00000000 0.00000000 0.00000000 1.00000000
166 96.776497 1.489821
0.88703126 -0.27792090 0.36869517 -0.62600219
0.19942614 0.95083523 0.23694298 -0.49836621
-0.41642037 -0.13664863 0.89884543 0.86527014
0.00000000 0.00000000 0.00000000 1.00000000
167 94.170593 1.417313
0.78619087 -0.31955054 0.52895176 -0.83178490
0.18541832 0.93847096 0.29135984 -0.30165976
-0.58950984 -0.13098606 0.79706836 0.44689298
0.00000000 0.00000000 0.00000000 1.00000000
168 91.761136 1.251347
-0.06773563 -0.61149275 0.78834492 -1.59505987
0.78439522 0.45565623 0.42083406 -0.33078074
-0.61655122 0.64687860 0.44878837 0.31593156
0.00000000 0.00000000 0.00000000 1.00000000
169 108.835321 2.329671
0.82542598 0.49596483 -0.26961201 -0.84580594
-0.55530846 0.79925883 -0.22982000 0.95611203
0.10150725 0.33941740 0.93514276 -0.27624083
0.00000000 0.00000000 0.00000000 1.00000000
170 6.913301 0.169746
-0.32498944 0.74407190 -0.58372837 0.79715949
-0.65702724 0.26631078 0.70526171 -0.62638104
0.68021840 0.61272812 0.40232748 0.31028271
0.00000000 0.00000000 0.00000000 1.00000000
171 92.503897 1.530606
0.87426150 0.03219706 0.48438632 -0.09542626
0.06460579 0.98120618 -0.18182689 -0.36161655
-0.48113716 0.19025841 0.85575080 0.50006855
0.00000000 0.00000000 0.00000000 1.00000000
172 12.126894 0.205082
0.34625560 -0.79603404 0.49642152 0.09609604
0.54844272 0.60107541 0.58130687 -0.37109351
-0.76112705 0.07097782 0.64470685 0.04382217
0.00000000 0.00000000 0.00000000 1.00000000
173 3.139994 0.079794
0.82700801 -0.47024867 0.30809700 -1.86580563
0.36342919 0.86531043 0.34519053 -0.88126773
-0.42892510 -0.17350429 0.88652110 0.15433753
0.00000000 0.00000000 0.00000000 1.00000000
174 4.262873 0.085987
0.70445585 -0.35547379 0.61431372 -0.54142857
0.21303873 0.93153012 0.29473254 -0.22971267
-0.67702073 -0.07675281 0.73195124 -0.27857077
0.00000000 0.00000000 0.00000000 1.00000000
175 5.474036 0.154102
0.57908714 -0.34368086 0.73928356 -0.44828492
0.14177582 0.93543690 0.32381532 -0.33643171
-0.80284238 -0.08270523 0.59042633 -0.19923472
0.00000000 0.00000000 0.00000000 1.00000000
176 4.445234 0.099729
0.66947472 -0.54866087 0.50077367 -0.09172216
0.38890147 0.83324552 0.39300999 -0.63182628
-0.63289702 -0.06835899 0.77121210 0.22211754
0.00000000 0.00000000 0.00000000 1.00000000
177 3.266866 0.682019
0.98127288 0.16323078 -0.10227579 -0.82841152
-0.14834547 0.97907436 0.13931045 0.02256528
0.12287536 -0.12152925 0.98495293 -0.19227099
0.00000000 0.00000000 0.00000000 1.00000000
178 5.573306 0.665226
0.98516148 0.16771995 0.03640093 -1.28213942
-0.17137824 0.97272742 0.15630013 0.17848018
-0.00919308 -0.16021991 0.98703837 -0.39413857
0.00000000 0.00000000 0.00000000 1.00000000
179 4.381773 0.190044
0.90319753 -0.25286245 0.34683922 -2.31762576
0.17529085 0.95489395 0.23969337 -0.11645813
-0.39180306 -0.15569189 0.90678048 -0.19209218
0.00000000 0.00000000 0.00000000 1.00000000
180 89.898466 1.687336
0.84667873 -0.26103520 0.46367660 -0.62560087
0.16627763 0.95755702 0.23544776 -0.47825706
-0.50545764 -0.12224977 0.85414737 0.64571118
0.00000000 0.00000000 0.00000000 1.00000000
181 114.400864 4.052429
0.11486281 0.78866452 0.60399908 -1.08015513
0.97803766 0.01666829 -0.20775875 0.62992626
-0.17391968 0.61459744 -0.76942933 4.43597841
0.00000000 0.00000000 0.00000000 1.00000000
182 67.873030 1.013656
-0.86518776 -0.30189937 0.40038300 -0.03440028
0.36752748 0.16141042 0.91589856 -1.99332368
-0.34113514 0.93957615 -0.02869377 1.46144783
0.00000000 0.00000000 0.00000000 1.00000000
183 105.246215 1.218075
-0.94241738 -0.06767491 -0.32751897 1.10490251
0.07102132 -0.99747241 0.00174633 -2.16654730
-0.32680899 -0.02161425 0.94484288 0.24825883
0.00000000 0.00000000 0.00000000 1.00000000
184 9.076709 0.334269
0.38768417 0.76297134 -0.51727796 1.38365149
-0.77032220 0.57636130 0.27278489 -0.17861219
0.50626647 0.29271594 0.81117976 -0.29415894
0.00000000 0.00000000 0.00000000 1.00000000
185 6.306956 0.080678
0.40162179 -0.65424788 0.64083028 -0.15785575
0.37936008 0.75573575 0.53380704 -0.29002184
-0.83353889 0.02871684 0.55171442 -0.13167596
0.00000000 0.00000000 0.00000000 1.00000000
186 5.436677 0.041774
0.97245264 0.03984858 -0.22966871 -1.08645236
-0.10761224 0.95074737 -0.29068691 0.15080220
0.20677349 0.30739442 0.92884523 -0.41845179
0.00000000 0.00000000 0.00000000 1.00000000
187 2.493714 0.050319
0.92963946 0.14684185 -0.33794791 -0.77636617
-0.24168211 0.93531060 -0.25842744 0.33974445
0.27813849 0.32192081 0.90498984 -0.68615985
0.00000000 0.00000000 0.00000000 1.00000000
188 126.666887 4.301229
-0.20588419 0.95637131 0.20728192 -1.38848543
-0.01901330 0.20787084 -0.97797143 2.57262087
-0.97839200 -0.20528960 -0.02461368 2.32955909
0.00000000 0.00000000 0.00000000 1.00000000
189 115.976421 2.788604
-0.59801137 -0.73139411 0.32778898 -0.39213711
0.70967406 -0.29313034 0.64065433 -1.35642207
-0.37248570 0.61574119 0.69434750 0.57164800
0.00000000 0.00000000 0.00000000 1.00000000
190 141.865434 1.930649
0.01696582 0.96690559 0.25456899 -1.09051657
-0.99981719 0.01864079 -0.00416863 0.23138353
-0.00877593 -0.25445205 0.96704513 -0.22398877
0.00000000 0.00000000 0.00000000 1.00000000
191 127.975213 3.375500
-0.38485453 -0.35968071 -0.85001087 1.60938418
-0.31938380 -0.81215185 0.48826677 -1.24242711
-0.86595750 0.45939064 0.19768348 0.34260821
0.00000000 0.00000000 0.00000000 1.00000000
192 3.817109 0.134983
0.92069852 -0.02602543 -0.38940564 -0.18769532
-0.09744401 0.95084310 -0.29394236 0.50919235
0.37791395 0.30857778 0.87290370 -0.83096719
0.00000000 0.00000000 0.00000000 1.00000000
193 178.471457 4.146612
0.03113815 -0.96490437 -0.26074928 0.55214375
-0.56977862 -0.23147333 0.78852582 -1.86863887
-0.82120824 0.12401611 -0.55698931 2.76337767
0.00000000 0.00000000 0.00000000 1.00000000
194 2.839591 0.068008
0.95962560 -0.13950419 -0.24424931 -0.48228762
0.02517365 0.90745503 -0.41939414 -0.14850807
0.28015262 0.39631227 0.87432879 0.03598809
0.00000000 0.00000000 0.00000000 1.00000000
195 3.886754 0.138330
0.95021850 -0.03941435 -0.30908182 -1.01689124
-0.07400212 0.93503684 -0.34674281 0.06847906
0.30266941 0.35235441 0.88557220 -0.11527395
0.00000000 0.00000000 0.00000000 1.00000000
196 3.130003 0.141976
0.92555022 0.06017175 -0.37381208 -0.88651466
-0.20374548 0.91130900 -0.35777688 0.39705649
0.31913012 0.40730274 0.85572207 -0.36024594
