5 91.939113 2.082540
0.06014528 -0.99284655 -0.10314852 0.91716826
0.80973119 0.10895627 -0.57660156 1.57442796
0.58371454 -0.04884206 0.81048918 0.46200931
0.00000000 0.00000000 0.00000000 1.00000000
6 91.451705 2.231256
-0.08037789 -0.96785736 -0.23831174 0.60417986
0.71449113 0.11076215 -0.69082165 1.51461649
0.69501233 -0.22579800 0.68262219 0.61583287
0.00000000 0.00000000 0.00000000 1.00000000
7 43.305660 1.489898
0.79664028 0.60069656 -0.06729007 0.14517573
-0.48320571 0.69976544 0.52615750 -1.17865133
0.36314821 -0.38664305 0.84772098 0.20916128
0.00000000 0.00000000 0.00000000 1.00000000
11 178.112178 3.159886
0.52839613 -0.40789115 0.74459404 -1.26385808
-0.42507797 -0.88628656 -0.18385842 -0.10523909
0.73491931 -0.21936148 -0.64169598 3.15718603
0.00000000 0.00000000 0.00000000 1.00000000
13 87.846036 1.459715
-0.14226748 -0.65022552 0.74630177 -0.11930084
0.75473535 0.41655821 0.50680733 -0.80494744
-0.64041781 0.63536203 0.43148571 0.88281834
0.00000000 0.00000000 0.00000000 1.00000000
20 96.318385 0.577104
0.90101463 0.07053156 -0.42801818 0.58756113
-0.10243919 0.99338198 -0.05194798 -0.52030873
0.42152119 0.09065169 0.90227610 0.89692003
0.00000000 0.00000000 0.00000000 1.00000000
21 175.105351 2.405102
-0.70380098 0.17017065 -0.68971479 1.54961789
0.25719219 -0.84398699 -0.47067878 0.89704037
-0.66220570 -0.50865328 0.55023205 0.71135080
0.00000000 0.00000000 0.00000000 1.00000000
22 150.653878 2.801331
-0.85216135 0.46264279 -0.24450497 1.24237621
0.08182874 -0.34368986 -0.93551111 2.46592665
-0.51684123 -0.81721383 0.25502145 0.49079776
0.00000000 0.00000000 0.00000000 1.00000000
26 176.773353 3.683017
-0.55465090 0.41027981 -0.72390163 1.64847589
-0.42307189 0.61008620 0.66993022 -1.87937629
0.71650052 0.67783952 -0.16480669 2.74840832
0.00000000 0.00000000 0.00000000 1.00000000
29 21.402869 0.239076
0.87203926 0.07507101 0.48364696 0.32680887
-0.04664260 0.99641740 -0.07056531 0.00465754
-0.48721161 0.03897914 0.87241483 -0.44039071
0.00000000 0.00000000 0.00000000 1.00000000
34 68.738249 1.003764
0.79676127 0.46612224 -0.38458014 0.83327413
-0.43538538 0.88412988 0.16957283 -0.24180412
0.41906008 0.03233185 0.90738320 -0.69569600
0.00000000 0.00000000 0.00000000 1.00000000
39 87.343792 1.163483
0.68293738 0.50406641 -0.52868980 1.00830972
-0.48089927 0.85504019 0.19401348 -0.07977069
0.54984730 0.12174708 0.82634449 -0.49100530
0.00000000 0.00000000 0.00000000 1.00000000
40 113.575019 1.510979
-0.06198755 0.91151673 0.40656531 -0.25727588
-0.87040323 -0.24871117 0.42490119 -0.57507420
0.48842159 -0.32753739 0.80880404 -0.95473611
0.00000000 0.00000000 0.00000000 1.00000000
41 78.471863 0.807269
0.76469553 0.35826820 -0.53561616 1.34061503
-0.30498999 0.93342865 0.18892825 0.14755373
0.56764549 0.01888496 0.82305706 -0.54913843
0.00000000 0.00000000 0.00000000 1.00000000
44 14.550817 0.549532
0.94439685 -0.23774907 0.22713339 0.36839309
0.19290999 0.96003032 0.20280100 -0.19524935
-0.26627034 -0.14770825 0.95251375 -0.39294767
0.00000000 0.00000000 0.00000000 1.00000000
46 169.354026 2.680383
-0.86054897 0.07528892 -0.50377291 1.45613301
0.35201716 -0.62692821 -0.69501406 2.12365866
-0.36815649 -0.77543056 0.51299959 0.39273846
0.00000000 0.00000000 0.00000000 1.00000000
49 89.878457 1.405677
0.28853127 0.54011101 -0.79058802 0.97433078
-0.44803333 0.80588937 0.38705134 -0.88415933
0.84617722 0.24253340 0.47451216 1.19066262
0.00000000 0.00000000 0.00000000 1.00000000
51 12.591392 1.420462
0.76030338 -0.13460103 0.63546836 -0.80662924
0.12320200 0.99041891 0.06237951 -0.12194157
-0.63777632 0.03086418 0.76960218 -0.08031249
0.00000000 0.00000000 0.00000000 1.00000000
54 94.100642 2.551772
0.09395263 -0.97760683 -0.18830080 -0.41319197
0.82164472 0.18294594 -0.53984308 1.39576995
0.56220323 -0.10399608 0.82043374 0.17323828
0.00000000 0.00000000 0.00000000 1.00000000
55 161.607810 3.808815
-0.79880631 -0.40313762 0.44652969 -1.45132923
0.52233601 -0.83301413 0.18235207 -0.07173074
0.29845259 0.37890267 0.87599021 -0.59186018
0.00000000 0.00000000 0.00000000 1.00000000
57 110.686145 3.047966
-0.33344489 -0.90702385 -0.25714493 0.05971080
0.68644184 -0.04661715 -0.72569036 2.20867753
0.64623070 -0.41849250 0.63816190 0.59841526
0.00000000 0.00000000 0.00000000 1.00000000
58 6.200742 1.794441
0.98822916 0.12792267 0.08389758 0.10469776
-0.14044647 0.97606134 0.16606990 -0.34197038
-0.06064507 -0.17589816 0.98253846 0.13630629
0.00000000 0.00000000 0.00000000 1.00000000
59 71.498242 4.334352
0.53740799 -0.54673052 0.64208865 -1.90245640
0.50862795 0.81744373 0.27033725 -0.39782608
-0.67267376 0.18130285 0.71738356 -0.12245250
0.00000000 0.00000000 0.00000000 1.00000000
60 104.771161 3.499793
0.01910918 -0.97813946 -0.20707175 0.12911111
0.25322598 0.20509174 -0.94541764 2.05473137
0.96721870 -0.03436995 0.25160930 1.16853988
0.00000000 0.00000000 0.00000000 1.00000000
61 80.624483 2.774047
0.38194549 -0.89906675 -0.21400338 0.48842484
0.52261668 0.40109476 -0.75232768 1.53157926
0.76222813 0.17550619 0.62306225 0.34440362
0.00000000 0.00000000 0.00000000 1.00000000
62 175.369757 6.221165
-0.57325721 -0.77979177 0.25159466 -2.09218431
-0.81778991 0.56359684 -0.11652112 0.33075976
-0.05093509 -0.27254891 -0.96079242 4.18639421
0.00000000 0.00000000 0.00000000 1.00000000
63 90.234563 2.296775
0.89646900 -0.31317133 0.31347761 0.83241719
0.29974619 0.94962138 0.09149259 0.23552865
-0.32633841 0.01194353 0.94517773 -0.29245329
0.00000000 0.00000000 0.00000000 1.00000000
64 95.799858 2.387436
0.90403831 -0.35382643 0.23983760 0.41325700
0.35042235 0.93478239 0.05818606 0.51906145
-0.24478370 0.03144215 0.96906775 -0.60165775
0.00000000 0.00000000 0.00000000 1.00000000
65 90.796766 2.302359
0.90178251 -0.31983152 0.29068395 0.07314110
0.30502877 0.94747287 0.09619197 0.54876256
-0.30618024 0.00192320 0.95197159 -0.91006172
0.00000000 0.00000000 0.00000000 1.00000000
66 76.118525 2.858762
0.46888670 -0.88268214 0.03187895 0.40356204
0.58523303 0.28344104 -0.75971240 1.93235934
0.66154814 0.37487596 0.64947677 0.32352066
0.00000000 0.00000000 0.00000000 1.00000000
68 91.823078 2.374001
0.97694421 -0.20745891 -0.05041754 1.26544285
0.20786056 0.97815478 0.00279893 0.12691388
0.04873538 -0.01321426 0.99872446 0.10773921
0.00000000 0.00000000 0.00000000 1.00000000
69 22.361527 2.731031
0.99166971 -0.11825724 -0.05105117 0.06287920
0.11172713 0.98695415 -0.11592463 0.07388639
0.06409414 0.10925502 0.99194515 -0.47376788
0.00000000 0.00000000 0.00000000 1.00000000
71 97.551330 1.988672
0.87928742 0.30363101 -0.36696446 1.57417917
-0.30614531 0.95051348 0.05291048 -0.36441499
0.36486977 0.06582101 0.92872888 -0.19671392
0.00000000 0.00000000 0.00000000 1.00000000
72 163.943956 4.441020
0.79703677 -0.55474234 0.23873648 -1.07143939
-0.51251429 -0.83040750 -0.21852359 0.14908567
0.31947255 0.05181542 -0.94617873 5.92198038
0.00000000 0.00000000 0.00000000 1.00000000
73 15.744984 0.555229
-0.03634125 0.56361538 -0.82523745 1.14654529
-0.31278056 0.77787840 0.54504424 -0.94714022
0.94912976 0.27792609 0.14801930 1.37776959
0.00000000 0.00000000 0.00000000 1.00000000
74 87.866367 2.662258
0.90405816 -0.09435620 -0.41686365 1.11210406
0.01914729 0.98328960 -0.18103985 0.49608806
0.42698002 0.15568894 0.89075750 0.32654190
0.00000000 0.00000000 0.00000000 1.00000000
75 95.606330 2.076830
0.79946440 -0.26973790 0.53674817 -1.29222524
0.32092357 0.94710332 -0.00204489 0.20644093
-0.50780386 0.17389044 0.84374011 -0.16247749
0.00000000 0.00000000 0.00000000 1.00000000
76 9.959176 0.306077
0.12703718 0.54445159 -0.82911640 1.50261378
-0.20804435 0.83192086 0.51441741 -0.77840865
0.96983445 0.10714182 0.21895455 1.28568745
0.00000000 0.00000000 0.00000000 1.00000000
77 89.956447 2.274813
0.97307616 -0.20402291 -0.10722141 0.66831183
0.19589904 0.97722125 -0.08161733 0.13311303
0.12143098 0.05841485 0.99087942 -0.43695927
0.00000000 0.00000000 0.00000000 1.00000000
78 169.583355 2.941997
0.09379736 -0.53647840 0.83868551 -1.62540615
0.51677239 0.74626535 0.41956550 -0.52958000
-0.85096908 0.39405549 0.34723499 0.16982794
0.00000000 0.00000000 0.00000000 1.00000000
80 97.169889 3.220166
0.29949611 -0.89236379 -0.33762479 -0.33153147
-0.55332053 0.12583047 -0.82340950 1.90760410
0.77726364 0.43342271 -0.45607683 3.06118417
0.00000000 0.00000000 0.00000000 1.00000000
81 93.059729 2.308779
0.96372098 0.03003227 -0.26521659 0.32775158
-0.06490539 0.99019194 -0.12372220 0.32260442
0.25889978 0.13644753 0.95621789 -0.65278745
0.00000000 0.00000000 0.00000000 1.00000000
82 17.661673 0.499379
0.90487802 0.18923280 -0.38129559 -0.26551479
-0.12798795 0.97525430 0.18026990 -0.66090173
0.40597332 -0.11432165 0.90670609 0.95841861
0.00000000 0.00000000 0.00000000 1.00000000
83 91.029969 2.330972
0.95628214 -0.25337291 -0.14603633 0.13721785
0.25775114 0.96614224 0.01156257 0.24829873
0.13816214 -0.04869831 0.98921192 -0.22071457
0.00000000 0.00000000 0.00000000 1.00000000
84 93.333002 2.323531
0.70523977 0.70245367 0.09589479 -0.25417757
-0.70776790 0.68970394 0.15288690 -0.32123554
0.04125658 -0.17569283 0.98358035 -0.10731030
0.00000000 0.00000000 0.00000000 1.00000000
85 85.176850 2.498421
-0.93800795 0.25586921 -0.23381954 -0.21581924
0.03358686 0.73850584 0.67341053 -1.73561096
0.34498179 0.62381178 -0.70131844 4.00866556
0.00000000 0.00000000 0.00000000 1.00000000
86 94.798274 1.570229
0.98010361 -0.14724466 0.13309848 -0.38285953
0.14216039 0.98872811 0.04697898 -0.37397173
-0.13851598 -0.02712327 0.98998857 0.30152726
0.00000000 0.00000000 0.00000000 1.00000000
87 93.946444 1.532850
0.98725355 0.03693282 -0.15481117 0.29260483
-0.05357762 0.99305302 -0.10476105 -0.13375232
0.14986652 0.11172015 0.98237395 -0.26737154
0.00000000 0.00000000 0.00000000 1.00000000
88 26.054556 1.488810
0.84619415 0.47127342 -0.24870867 0.49338526
-0.35107565 0.84417033 0.40512061 -0.83932674
0.40087500 -0.25549519 0.87978441 0.38500690
0.00000000 0.00000000 0.00000000 1.00000000
89 94.784757 1.512164
0.95983106 -0.28028253 -0.01289645 0.55193102
0.27955040 0.95136583 0.12944114 -0.18217781
-0.02401045 -0.12784714 0.99150360 0.20159554
0.00000000 0.00000000 0.00000000 1.00000000
90 123.939091 2.260817
-0.19217527 -0.98076457 0.03420666 -0.78086394
0.52809298 -0.13273057 -0.83874941 0.58675140
0.82715565 -0.14312251 0.54344267 1.73767173
0.00000000 0.00000000 0.00000000 1.00000000
91 92.227608 1.120911
0.99630392 -0.06649305 0.05437702 0.66080773
0.06396908 0.99684834 0.04691139 -0.57329816
-0.05732509 -0.04325964 0.99741751 0.34284592
0.00000000 0.00000000 0.00000000 1.00000000
92 93.324079 0.863223
0.97232616 -0.19684646 0.12583083 0.64566767
0.19017118 0.97971791 0.06314710 -0.58320946
-0.13570897 -0.03747037 0.99003977 0.41770864
0.00000000 0.00000000 0.00000000 1.00000000
93 94.265204 0.983543
0.99736392 -0.06627231 0.02956827 0.79364574
0.06830192 0.99492168 -0.07393688 -0.42132232
-0.02451807 0.07576099 0.99682510 0.12251019
0.00000000 0.00000000 0.00000000 1.00000000
94 53.814874 1.856922
0.75046813 -0.20750375 -0.62748682 1.39344954
0.08768949 0.97230232 -0.21665546 0.14826319
0.65506351 0.10756946 0.74787742 0.68316597
0.00000000 0.00000000 0.00000000 1.00000000
95 119.568978 3.087183
-0.38461605 -0.89600015 -0.22192921 0.12614301
-0.63397211 0.43115783 -0.64201379 1.07476330
0.67093134 -0.10623276 -0.73386991 4.22767067
0.00000000 0.00000000 0.00000000 1.00000000
97 17.014518 0.410628
-0.41312760 0.65355521 -0.63418680 -0.19726926
-0.45882526 0.45216706 0.76486927 -1.57373667
0.78664213 0.60696882 0.11306458 2.11275744
0.00000000 0.00000000 0.00000000 1.00000000
98 93.596386 0.955383
0.96498537 0.20940009 -0.15797323 0.53015596
-0.19077158 0.97361380 0.12523118 -0.61028528
0.18002862 -0.09070925 0.97947025 0.77525067
0.00000000 0.00000000 0.00000000 1.00000000
99 85.811283 1.273461
-0.98436290 0.00995749 0.17587140 0.15122342
0.16620022 0.38334376 0.90852898 -1.46796119
-0.05837297 0.92355227 -0.37900448 2.37935972
0.00000000 0.00000000 0.00000000 1.00000000
100 151.376580 2.396224
-0.12576218 -0.83823752 0.53060389 -0.34405696
-0.84440297 0.37119201 0.38626397 -1.99468088
-0.52073699 -0.39946616 -0.75449246 2.98572302
0.00000000 0.00000000 0.00000000 1.00000000
101 80.437814 1.016553
0.68516368 -0.32513589 0.65179563 -0.33775178
0.26883826 0.94454598 0.18856722 -0.58079016
-0.67696142 0.04602799 0.73457778 1.23113286
0.00000000 0.00000000 0.00000000 1.00000000
102 91.681824 0.562268
0.97905147 -0.19805425 -0.04723454 1.19712722
0.20301941 0.93193501 0.30046669 -0.42722422
-0.01548967 -0.30376214 0.95262140 0.79867804
0.00000000 0.00000000 0.00000000 1.00000000
103 14.500410 1.359805
-0.72951353 0.62401927 -0.28002015 -0.50477600
-0.26879030 0.11490622 0.95632112 -2.20873976
0.62893790 0.77291596 0.08390504 2.80462718
0.00000000 0.00000000 0.00000000 1.00000000
104 116.283475 3.210351
-0.21691959 -0.20176260 0.95511127 -3.02742577
0.34238407 -0.93197870 -0.11911551 -0.23780787
0.91417557 0.30117646 0.27124518 2.74107862
0.00000000 0.00000000 0.00000000 1.00000000
105 178.411069 2.365656
-0.99828571 0.02448552 -0.05315823 0.17878556
0.04846746 -0.16325910 -0.98539144 1.38892710
-0.03280636 -0.98627913 0.16179214 1.79842424
0.00000000 0.00000000 0.00000000 1.00000000
106 94.110323 0.568388
0.72617358 0.58693075 -0.35802916 0.59058535
-0.33452916 0.75660384 0.56181937 -0.82481080
0.60063499 -0.28820720 0.74577093 0.61466777
0.00000000 0.00000000 0.00000000 1.00000000
107 90.171359 2.102819
0.87400138 -0.35226709 0.33470842 -0.20372732
0.19895257 0.88784426 0.41491032 -0.10916913
-0.44332841 -0.29604119 0.84606123 0.17992973
0.00000000 0.00000000 0.00000000 1.00000000
108 86.829820 1.494275
0.83717096 -0.36998191 0.40281329 -0.30500221
0.19670859 0.89087635 0.40944397 -0.07587045
-0.51034391 -0.26353765 0.81859452 0.15174580
0.00000000 0.00000000 0.00000000 1.00000000
109 115.465718 2.149550
0.96537495 -0.19823995 0.16955937 -0.04890096
0.24343935 0.45105281 -0.85865486 1.62467241
0.09373957 0.87020206 0.48369545 0.86961317
0.00000000 0.00000000 0.00000000 1.00000000
110 165.251441 2.446760
-0.98787463 -0.10222825 0.11685178 0.29354790
-0.13211501 0.15817086 -0.97853333 1.09934139
0.08155140 -0.98210585 -0.16975854 2.16542673
0.00000000 0.00000000 0.00000000 1.00000000
111 95.568368 0.787158
0.94751513 0.18727753 -0.25911951 1.24846458
-0.01782170 0.84015679 0.54205143 -0.40413266
0.31921545 -0.50898385 0.79939818 0.57675648
0.00000000 0.00000000 0.00000000 1.00000000
112 152.003361 1.119217
0.70064408 0.71306992 0.02511497 0.75376028
-0.58376098 0.59311801 -0.55446917 -0.50207865
-0.41027099 0.37382528 0.83182621 1.45575440
0.00000000 0.00000000 0.00000000 1.00000000
113 111.976916 2.563506
0.33497414 0.71462524 0.61408812 -1.58553898
-0.01743373 -0.64692807 0.76235211 -2.83631396
0.94206655 -0.26607388 -0.20424561 2.42587376
0.00000000 0.00000000 0.00000000 1.00000000
114 35.172919 1.533689
-0.34188420 0.92702562 -0.15407509 0.10046482
-0.27000654 0.06014067 0.96097845 -1.41689348
0.90011722 0.37014455 0.22974199 1.47798705
0.00000000 0.00000000 0.00000000 1.00000000
115 169.817665 2.315021
0.33573556 0.84569180 -0.41483250 1.99407756
-0.25532037 -0.34220642 -0.90427107 0.22968566
-0.90669304 0.40951091 0.10103153 1.44657266
0.00000000 0.00000000 0.00000000 1.00000000
116 85.892180 4.136715
-0.80654073 -0.56419671 0.17655945 -0.34132650
-0.58163857 0.81074572 -0.06623942 1.20705318
-0.10577275 -0.15611893 -0.98205853 5.13231039
0.00000000 0.00000000 0.00000000 1.00000000
117 124.500700 1.702538
0.98116690 0.08033590 -0.17566362 0.95961350
-0.02207411 0.95008564 0.31120634 -0.30172569
0.19189657 -0.30146781 0.93396634 -0.17083752
0.00000000 0.00000000 0.00000000 1.00000000
118 174.950612 2.433802
-0.71945244 -0.54797608 0.42674458 -1.69566751
-0.34411949 -0.25246963 -0.90434617 0.81909311
0.60329980 -0.79748464 -0.00692970 3.01342058
0.00000000 0.00000000 0.00000000 1.00000000
119 177.601017 2.787881
0.89182580 0.15400803 -0.42535758 0.67999977
-0.21652837 -0.68024147 -0.70027846 -0.03031307
-0.39719391 0.71662831 -0.57330799 3.39187288
0.00000000 0.00000000 0.00000000 1.00000000
120 131.752071 2.968202
0.94614822 0.06296834 -0.31755197 0.98897254
0.04561784 0.94518340 0.32334179 -0.09898224
0.32050508 -0.32041481 0.89140970 0.35645330
0.00000000 0.00000000 0.00000000 1.00000000
121 128.672760 2.555577
0.66055721 0.60302424 -0.44724238 -0.12569427
-0.27756888 0.74965298 0.60081232 -0.49758923
0.69758117 -0.27273071 0.66256982 0.10367942
0.00000000 0.00000000 0.00000000 1.00000000
122 177.549956 2.828716
-0.28819990 -0.85427225 0.43261927 -1.66729379
-0.22559947 -0.37849638 -0.89768791 1.25087857
0.93061578 -0.35631213 -0.08364081 3.49225616
0.00000000 0.00000000 0.00000000 1.00000000
123 163.450133 3.112188
-0.73455071 -0.25327340 0.62951404 -2.22672391
-0.62455070 -0.11033723 -0.77315104 1.08208680
0.26527721 -0.96108198 -0.07713410 2.21226215
0.00000000 0.00000000 0.00000000 1.00000000
124 131.931848 3.845479
-0.32945412 0.61936873 -0.71263069 2.09342480
0.90783960 0.41516644 -0.05886699 0.65928930
0.25939927 -0.66634881 -0.69906574 3.93553591
0.00000000 0.00000000 0.00000000 1.00000000
125 108.771214 2.922764
0.44790870 -0.57149470 0.68758291 -2.16509724
0.86053061 0.06687117 -0.50499034 1.47507966
0.24261978 0.81787568 0.52174115 2.03935504
0.00000000 0.00000000 0.00000000 1.00000000
126 178.962120 4.505025
0.64132547 0.24093339 -0.72845936 2.81265831
0.76726675 -0.19903728 0.60966158 -3.09375381
0.00189734 -0.94991457 -0.31250805 2.65539575
0.00000000 0.00000000 0.00000000 1.00000000
127 90.270261 0.639615
-0.84967095 -0.35061833 0.39386073 -1.26467383
0.40506929 -0.91219437 0.06180707 -0.82990432
0.33760694 0.21205661 0.91708964 1.10339904
0.00000000 0.00000000 0.00000000 1.00000000
128 116.782846 4.875978
-0.97746587 -0.07015254 -0.19909526 -0.03184313
0.05804613 0.81747937 -0.57302469 2.70621729
0.20295554 -0.57166851 -0.79498625 4.13849211
0.00000000 0.00000000 0.00000000 1.00000000
129 167.691288 3.770825
-0.20635429 0.43878934 -0.87457430 2.12498164
0.95306498 0.29251429 -0.07811409 0.51215792
0.22155103 -0.84964538 -0.47855616 3.92759466
0.00000000 0.00000000 0.00000000 1.00000000
130 116.921810 3.866651
0.97337031 -0.19426987 0.12169240 -0.75878382
0.14810744 0.12777096 -0.98068243 2.89193320
0.17496850 0.97259128 0.15314098 2.25641489
0.00000000 0.00000000 0.00000000 1.00000000
131 172.047332 4.060887
-0.41351986 0.45167133 -0.79056638 2.29060698
0.84798926 0.50721765 -0.15376890 0.48170072
0.33153608 -0.73397821 -0.59275699 3.58939815
0.00000000 0.00000000 0.00000000 1.00000000
132 137.491922 4.225250
-0.65988719 -0.41108590 -0.62893230 1.39979684
0.14642848 0.75064516 -0.64427519 1.78560400
0.73695809 -0.51724273 -0.43514556 4.02779913
0.00000000 0.00000000 0.00000000 1.00000000
134 92.189757 1.461853
-0.24956316 -0.63799596 -0.72847694 0.98874253
-0.12325060 -0.72523427 0.67738008 -1.77488208
-0.96048260 0.25883436 0.10235859 1.28309000
0.00000000 0.00000000 0.00000000 1.00000000
135 176.315492 1.941822
0.10289587 0.57014859 -0.81507200 -0.36774129
-0.00128964 0.81949735 0.57308143 -1.97042644
0.99469125 -0.05791602 0.08505857 2.99920321
0.00000000 0.00000000 0.00000000 1.00000000
136 94.611306 0.575826
0.93746769 -0.08815567 -0.33672580 -0.13961363
0.13843480 0.98202378 0.12831424 -1.03464890
0.31936038 -0.16690519 0.93281919 1.09973478
0.00000000 0.00000000 0.00000000 1.00000000
137 95.361069 0.498059
0.96793932 0.13690300 -0.21059108 -0.39299226
-0.12435370 0.98963726 0.07178446 -0.68334216
0.21823713 -0.04329503 0.97493470 0.56432366
0.00000000 0.00000000 0.00000000 1.00000000
138 93.085285 0.300945
0.99408913 0.01409224 -0.10764685 0.06561816
0.00528864 0.98407668 0.17766647 -0.77817833
0.10843676 -0.17718546 0.97818530 0.69052660
0.00000000 0.00000000 0.00000000 1.00000000
139 93.025682 0.223085
0.96454835 0.10684359 -0.24130386 0.14787701
-0.09065025 0.99287999 0.07727166 -0.64215410
0.24784276 -0.05265785 0.96736771 0.40495014
0.00000000 0.00000000 0.00000000 1.00000000
140 98.020116 1.055864
0.93966818 -0.10917334 -0.32419884 -0.06774324
0.11737054 0.99307078 0.00577515 -0.74762881
0.32132271 -0.04347817 0.94597119 0.56476915
0.00000000 0.00000000 0.00000000 1.00000000
141 140.460145 4.226760
-0.15658122 -0.73263818 -0.66236192 2.28413582
-0.48495358 -0.52719533 0.69777215 -0.10917282
-0.86040908 0.43047249 -0.27274570 2.26398540
0.00000000 0.00000000 0.00000000 1.00000000
142 132.970375 3.474888
0.76685798 -0.42311969 0.48259661 -1.94064093
0.45359176 -0.17468309 -0.87392235 1.83414257
0.45407534 0.88907611 0.05796698 2.64231420
0.00000000 0.00000000 0.00000000 1.00000000
143 157.917462 2.078900
0.31390941 -0.49442673 0.81055748 -1.39051962
0.82942796 0.55827928 0.01932390 -1.21466827
-0.46207240 0.66623312 0.58534062 1.10037458
0.00000000 0.00000000 0.00000000 1.00000000
144 98.393179 0.628883
0.98278403 -0.18243830 -0.02915964 0.34108508
0.18475369 0.97082365 0.15286562 -0.44713742
0.00042102 -0.15562154 0.98781651 0.41764307
0.00000000 0.00000000 0.00000000 1.00000000
146 91.461727 0.571478
0.92223650 0.13896331 -0.36079058 0.31835026
-0.07488871 0.97970688 0.18592028 -1.01284397
0.37930465 -0.14444347 0.91392797 1.07156420
0.00000000 0.00000000 0.00000000 1.00000000
147 92.867289 0.637293
0.95309091 0.21951090 -0.20840877 0.44478911
-0.17400047 0.96072614 0.21616966 -0.57910705
0.24767502 -0.16976605 0.95385355 0.27956629
0.00000000 0.00000000 0.00000000 1.00000000
148 93.182322 0.598160
0.93074852 0.07885727 -0.35705969 0.53985316
-0.03573403 0.99141151 0.12580509 -0.91420817
0.36391276 -0.10433395 0.92557132 0.87231362
0.00000000 0.00000000 0.00000000 1.00000000
149 176.777117 4.864219
-0.66241312 0.71777302 -0.21450120 0.96401656
0.74589682 0.65854287 -0.09980044 1.03906035
0.06962448 -0.22610465 -0.97161174 4.27579737
0.00000000 0.00000000 0.00000000 1.00000000
150 177.908468 3.077630
-0.30558494 -0.03420800 0.95154941 -3.11817193
-0.19031544 -0.97699326 -0.09624185 -0.25858676
0.93294960 -0.21050510 0.29204494 2.81860614
0.00000000 0.00000000 0.00000000 1.00000000
151 39.489842 1.674199
0.96453327 0.26392877 0.00413537 -1.37982941
-0.25361514 0.93095744 -0.26267391 1.09600019
-0.07317659 0.25230908 0.96487576 0.12312555
0.00000000 0.00000000 0.00000000 1.00000000
152 93.637478 2.182486
0.65659797 -0.36840290 0.65814710 -2.47475100
0.36790150 0.91818392 0.14692532 -0.23469894
-0.65842772 0.14566234 0.73841393 1.15052843
0.00000000 0.00000000 0.00000000 1.00000000
153 102.169703 0.919291
0.65493202 -0.21861616 0.72337735 -1.19577420
0.24796444 0.96641111 0.06756449 -0.30240086
-0.71384966 0.13512129 0.68714011 0.93493176
0.00000000 0.00000000 0.00000000 1.00000000
154 177.835218 4.025403
-0.65393674 -0.49362838 0.57332170 -2.05353785
-0.65265661 -0.01518625 -0.75750172 2.48041368
0.38263094 -0.86954051 -0.31223914 1.80938029
0.00000000 0.00000000 0.00000000 1.00000000
155 159.907264 4.083373
0.45776573 -0.45835853 0.76181316 -2.94019246
0.66669744 0.74384916 0.04693943 -1.64559984
-0.58818901 0.48641208 0.64609456 1.89225447
0.00000000 0.00000000 0.00000000 1.00000000
156 97.552470 0.673861
0.98802781 -0.00956488 -0.15397778 0.67807627
0.04968467 0.96462876 0.25888789 -0.31051335
0.14605515 -0.26343849 0.95355570 0.05542302
0.00000000 0.00000000 0.00000000 1.00000000
159 4.787902 0.453647
0.57128561 -0.56781137 0.59264100 -0.75008547
0.35936219 0.82222617 0.44136485 -0.60586488
-0.73789668 -0.03917250 0.67377579 0.27671313
0.00000000 0.00000000 0.00000000 1.00000000
163 9.330034 0.326939
0.99110717 0.13169616 -0.01906140 -1.64284754
-0.12450206 0.96830958 0.21651079 0.14317670
0.04697112 -0.21221168 0.97609442 -0.16046047
0.00000000 0.00000000 0.00000000 1.00000000
164 7.180536 0.327428
0.98898840 -0.07638703 -0.12674670 -1.92666316
0.10853830 0.95661455 0.27038398 0.05776196
0.10059359 -0.28116387 0.95437288 -0.58382368
0.00000000 0.00000000 0.00000000 1.00000000
166 96.776497 1.489821
0.88703126 -0.27792090 0.36869517 -0.62600219
0.19942614 0.95083523 0.23694298 -0.49836621
-0.41642037 -0.13664863 0.89884543 0.86527014
0.00000000 0.00000000 0.00000000 1.00000000
167 94.170593 1.417313
0.78619087 -0.31955054 0.52895176 -0.83178490
0.18541832 0.93847096 0.29135984 -0.30165976
-0.58950984 -0.13098606 0.79706836 0.44689298
0.00000000 0.00000000 0.00000000 1.00000000
168 91.761136 1.251347
-0.06773563 -0.61149275 0.78834492 -1.59505987
0.78439522 0.45565623 0.42083406 -0.33078074
-0.61655122 0.64687860 0.44878837 0.31593156
0.00000000 0.00000000 0.00000000 1.00000000
169 108.835321 2.329671
0.82542598 0.49596483 -0.26961201 -0.84580594
-0.55530846 0.79925883 -0.22982000 0.95611203
0.10150725 0.33941740 0.93514276 -0.27624083
0.00000000 0.00000000 0.00000000 1.00000000
171 92.503897 1.530606
0.87426150 0.03219706 0.48438632 -0.09542626
0.06460579 0.98120618 -0.18182689 -0.36161655
-0.48113716 0.19025841 0.85575080 0.50006855
0.00000000 0.00000000 0.00000000 1.00000000
177 3.266866 0.682019
0.98127288 0.16323078 -0.10227579 -0.82841152
-0.14834547 0.97907436 0.13931045 0.02256528
0.12287536 -0.12152925 0.98495293 -0.19227099
0.00000000 0.00000000 0.00000000 1.00000000
178 5.573306 0.665226
0.98516148 0.16771995 0.03640093 -1.28213942
-0.17137824 0.97272742 0.15630013 0.17848018
-0.00919308 -0.16021991 0.98703837 -0.39413857
0.00000000 0.00000000 0.00000000 1.00000000
180 89.898466 1.687336
0.84667873 -0.26103520 0.46367660 -0.62560087
0.16627763 0.95755702 0.23544776 -0.47825706
-0.50545764 -0.12224977 0.85414737 0.64571118
0.00000000 0.00000000 0.00000000 1.00000000
181 114.400864 4.052429
0.11486281 0.78866452 0.60399908 -1.08015513
0.97803766 0.01666829 -0.20775875 0.62992626
-0.17391968 0.61459744 -0.76942933 4.43597841
0.00000000 0.00000000 0.00000000 1.00000000
182 67.873030 1.013656
-0.86518776 -0.30189937 0.40038300 -0.03440028
0.36752748 0.16141042 0.91589856 -1.99332368
-0.34113514 0.93957615 -0.02869377 1.46144783
0.00000000 0.00000000 0.00000000 1.00000000
183 105.246215 1.218075
-0.94241738 -0.06767491 -0.32751897 1.10490251
0.07102132 -0.99747241 0.00174633 -2.16654730
-0.32680899 -0.02161425 0.94484288 0.24825883
0.00000000 0.00000000 0.00000000 1.00000000
184 9.076709 0.334269
0.38768417 0.76297134 -0.51727796 1.38365149
-0.77032220 0.57636130 0.27278489 -0.17861219
0.50626647 0.29271594 0.81117976 -0.29415894
0.00000000 0.00000000 0.00000000 1.00000000
188 126.666887 4.301229
-0.20588419 0.95637131 0.20728192 -1.38848543
-0.01901330 0.20787084 -0.97797143 2.57262087
-0.97839200 -0.20528960 -0.02461368 2.32955909
0.00000000 0.00000000 0.00000000 1.00000000
189 115.976421 2.788604
-0.59801137 -0.73139411 0.32778898 -0.39213711
0.70967406 -0.29313034 0.64065433 -1.35642207
-0.37248570 0.61574119 0.69434750 0.57164800
0.00000000 0.00000000 0.00000000 1.00000000
190 141.865434 1.930649
0.01696582 0.96690559 0.25456899 -1.09051657
-0.99981719 0.01864079 -0.00416863 0.23138353
-0.00877593 -0.25445205 0.96704513 -0.22398877
0.00000000 0.00000000 0.00000000 1.00000000
191 127.975213 3.375500
-0.38485453 -0.35968071 -0.85001087 1.60938418
-0.31938380 -0.81215185 0.48826677 -1.24242711
-0.86595750 0.45939064 0.19768348 0.34260821
0.00000000 0.00000000 0.00000000 1.00000000
193 178.471457 4.146612
0.03113815 -0.96490437 -0.26074928 0.55214375
-0.56977862 -0.23147333 0.78852582 -1.86863887
-0.82120824 0.12401611 -0.55698931 2.76337767
0.00000000 0.00000000 0.00000000 1.00000000
197 128.939563 4.965826
0.50117201 -0.85151917 0.15408339 -0.42553967
-0.79918897 -0.52374250 -0.29494107 1.32067728
0.33184755 0.02467463 -0.94300991 3.94529963
0.00000000 0.00000000 0.00000000 1.00000000
199 107.099329 2.787097
0.61374342 -0.61834967 0.49087900 -2.03313494
0.13949607 -0.52703965 -0.83831233 2.12745476
0.77708304 0.58298588 -0.23720969 2.59174252
0.00000000 0.00000000 0.00000000 1.00000000
200 115.200947 2.075478
-0.02185602 0.96795136 0.25018701 -1.01015270
-0.99873453 -0.03247920 0.03841332 0.59720606
0.04530746 -0.24903063 0.96743560 0.69244528
0.00000000 0.00000000 0.00000000 1.00000000
201 113.151688 2.193896
0.28760612 0.66309834 0.69107378 -2.86495686
-0.91776109 0.39713103 0.00089225 1.02671003
-0.27385497 -0.63449770 0.72278327 -0.30472600
0.00000000 0.00000000 0.00000000 1.00000000
203 6.988815 0.357956
0.89180714 -0.00688283 -0.45236290 -0.78000224
-0.11657204 0.96262634 -0.24446170 0.17648166
0.43713933 0.27074578 0.85767496 -0.46056318
0.00000000 0.00000000 0.00000000 1.00000000
207 54.112721 0.563052
0.43862170 0.88160288 -0.17431861 -0.58283710
-0.89658344 0.44250658 -0.01804143 0.25541383
0.06123146 0.16420472 0.98452359 -0.66446030
0.00000000 0.00000000 0.00000000 1.00000000
209 148.510183 4.131066
0.81970483 -0.56743532 -0.07809001 0.31538060
-0.56337446 -0.77410197 -0.28874725 1.21039605
0.10339400 0.28068221 -0.95421475 4.25282812
0.00000000 0.00000000 0.00000000 1.00000000
210 89.142564 2.238144
0.86272699 0.35583162 -0.35928413 -0.07771099
-0.44465017 0.87218571 -0.20390660 -0.24490550
0.24080616 0.33567157 0.91067916 0.62423348
0.00000000 0.00000000 0.00000000 1.00000000
211 93.637603 2.446121
0.99198937 0.08267973 0.09550215 -0.77626276
-0.03871423 0.91864669 -0.39317825 0.74593717
-0.12024047 0.38633117 0.91448909 -1.08809662
0.00000000 0.00000000 0.00000000 1.00000000
212 9.126450 0.354231
0.84401464 0.14959750 -0.51503289 -0.41843557
-0.21914119 0.97268158 -0.07659280 -0.27076221
0.48950538 0.17751005 0.85374069 -0.00789833
0.00000000 0.00000000 0.00000000 1.00000000
213 100.883722 1.127176
-0.03726760 0.97470540 0.22036439 0.05690587
-0.95545900 -0.09935919 0.27789447 -0.62417978
0.29276067 -0.20019260 0.93499410 -0.18797231
0.00000000 0.00000000 0.00000000 1.00000000
217 172.740580 1.645492
-0.47306451 -0.24802396 -0.84539497 0.94693881
0.62164038 -0.77393174 -0.12079809 -0.19512941
-0.62431651 -0.58267701 0.52030146 0.73472238
0.00000000 0.00000000 0.00000000 1.00000000
218 9.500881 1.483565
0.97805154 -0.06031388 -0.19944206 -0.42495432
-0.05433472 0.85024297 -0.52357894 0.90274924
0.20115310 0.52292389 0.82830465 0.90272558
0.00000000 0.00000000 0.00000000 1.00000000
219 171.400357 1.281275
0.13644889 -0.16431449 0.97692513 -1.72858524
-0.64557028 -0.76274902 -0.03812298 0.57041651
0.75141275 -0.62547195 -0.21015282 1.90257752
0.00000000 0.00000000 0.00000000 1.00000000
220 11.576157 0.304546
0.39551109 -0.11165336 0.91164929 -1.38849247
0.47211516 0.87612605 -0.09752069 -1.05296659
-0.78783119 0.46897402 0.39923069 2.35551453
0.00000000 0.00000000 0.00000000 1.00000000
222 121.511937 1.444195
0.16573539 0.62575966 0.76220411 -2.17536974
-0.97068304 0.23994872 0.01407239 0.54394090
-0.17408365 -0.74219197 0.64718229 0.66054857
0.00000000 0.00000000 0.00000000 1.00000000
228 8.616368 0.369070
0.84284830 0.12739916 -0.52285439 -0.19912650
-0.35176867 0.86570179 -0.35611784 0.04276919
0.40726650 0.48407757 0.77446961 -0.02883697
0.00000000 0.00000000 0.00000000 1.00000000
229 18.157268 1.212310
0.97345275 0.11772132 0.19629838 -0.58111656
-0.06380680 0.96317321 -0.26120323 0.42754754
-0.21981874 0.24174440 0.94511402 1.07312167
0.00000000 0.00000000 0.00000000 1.00000000
230 168.315578 3.067069
0.87966615 -0.03372476 0.47439507 -0.89372224
-0.10950360 -0.98504496 0.13302481 -1.30588090
0.46281445 -0.16896528 -0.87020350 5.04536629
0.00000000 0.00000000 0.00000000 1.00000000
231 169.881905 2.135712
-0.85401219 -0.30435249 0.42194068 -0.43591180
-0.19292656 -0.56793344 -0.80014479 1.02727747
0.48316023 -0.76473725 0.42630386 1.83199847
0.00000000 0.00000000 0.00000000 1.00000000
235 69.741586 1.407310
0.93127328 0.13522790 0.33829403 -0.52578020
0.01712321 0.91128737 -0.41141227 0.47463459
-0.36391768 0.38892853 0.84634268 -0.03621030
0.00000000 0.00000000 0.00000000 1.00000000
243 179.218905 1.722084
-0.88610476 -0.04454667 0.46133876 -0.51499426
0.32456946 -0.77020270 0.54903781 -1.75011241
0.33086637 0.63624150 0.69693893 0.42014909
0.00000000 0.00000000 0.00000000 1.00000000
245 13.654294 1.257254
0.97400314 0.08344954 0.21060532 -0.34619609
-0.01625982 0.95303351 -0.30242881 0.35416803
-0.22595125 0.29114231 0.92961401 1.25170803
0.00000000 0.00000000 0.00000000 1.00000000
246 106.780544 1.933604
0.76654804 -0.35686970 0.53390002 -1.90412509
-0.55675805 0.04501458 0.82945448 -2.01347661
-0.32004040 -0.93306988 -0.16418380 3.98940587
0.00000000 0.00000000 0.00000000 1.00000000
248 94.908203 1.305122
0.96419472 -0.26407313 -0.02437793 0.17965040
0.22431342 0.86113644 -0.45621023 -0.05066472
0.14146557 0.43440735 0.88953829 1.18819296
0.00000000 0.00000000 0.00000000 1.00000000
254 170.071954 3.389429
-0.43856409 -0.72679210 -0.52861565 1.88502657
-0.88550383 0.44989249 0.11609941 -0.75173479
0.15344009 0.51900852 -0.84088355 4.06121206
0.00000000 0.00000000 0.00000000 1.00000000
257 90.258862 2.276579
0.95636839 0.29158625 0.01834567 -0.00847913
0.10164303 -0.27319321 -0.95657367 0.78728783
-0.27391189 0.91670209 -0.29091075 2.77537274
0.00000000 0.00000000 0.00000000 1.00000000
258 29.360227 0.769911
0.86423737 0.31807387 0.38977489 -0.07460853
0.04850484 0.71847761 -0.69385755 0.21143156
-0.50074267 0.61856306 0.60550606 1.25803626
0.00000000 0.00000000 0.00000000 1.00000000
259 78.364450 1.892326
0.84955621 0.19945323 0.48833692 -0.64627421
0.51704293 -0.13145402 -0.84580505 0.38245118
-0.10450436 0.97105020 -0.21480325 2.32333970
0.00000000 0.00000000 0.00000000 1.00000000
260 111.309332 2.724294
0.96186733 -0.19144629 -0.19534464 -0.18329199
-0.27311003 -0.71116906 -0.64780402 0.39600039
-0.01490324 0.67645204 -0.73633647 2.99682713
0.00000000 0.00000000 0.00000000 1.00000000
263 12.929263 1.015930
0.87544125 -0.18123582 0.44805884 -0.75868666
0.21319327 0.97677457 -0.02145234 -0.12020166
-0.43376443 0.11430302 0.89374709 1.55921805
0.00000000 0.00000000 0.00000000 1.00000000
267 113.887458 1.934882
0.15992460 0.71059453 -0.68518543 2.26848602
-0.98010796 0.03166349 -0.19592255 0.41910949
-0.11752610 0.70288867 0.70152318 2.09032154
0.00000000 0.00000000 0.00000000 1.00000000
268 3.133129 0.667468
0.77832532 -0.08452380 0.62214601 -0.05339313
-0.02298641 0.98639673 0.16276717 -0.20616761
-0.62744027 -0.14098661 0.76579475 2.09192562
0.00000000 0.00000000 0.00000000 1.00000000
270 90.519281 2.125522
-0.00124770 0.91723305 0.39834979 -0.03652906
-0.84460974 0.21230282 -0.49149004 0.88315952
-0.53538138 -0.33706313 0.77443922 1.81489825
0.00000000 0.00000000 0.00000000 1.00000000
271 162.153217 3.365968
0.85164809 0.52335936 -0.02811211 -0.05496314
0.52151394 -0.85153896 -0.05388027 -0.86236465
-0.05213714 0.03122547 -0.99815112 4.29234409
0.00000000 0.00000000 0.00000000 1.00000000
277 16.149351 0.351671
0.75181216 0.05092916 0.65740806 -0.01011074
0.30587274 0.85631502 -0.41613454 -0.24935192
-0.58414161 0.51393855 0.62820935 1.16288531
0.00000000 0.00000000 0.00000000 1.00000000
278 72.707048 0.911875
0.02871366 -0.60003185 0.79946047 -0.52067375
0.95230854 0.25948393 0.16055153 -1.14468813
-0.30378330 0.75672346 0.57886606 1.18719578
0.00000000 0.00000000 0.00000000 1.00000000
282 42.296786 1.350991
0.86007148 0.49226409 -0.13399020 -0.62367302
-0.45468906 0.85873616 0.23628500 -1.45142734
0.23137678 -0.14229777 0.96240151 1.66789627
0.00000000 0.00000000 0.00000000 1.00000000
286 134.299028 2.474265
-0.89441049 0.44722033 0.00478482 1.15136039
-0.44474763 -0.89049274 0.09602892 -0.93047470
0.04720688 0.08376136 0.99536657 1.96432030
0.00000000 0.00000000 0.00000000 1.00000000
287 107.954762 1.775682
0.76674235 -0.62646198 -0.14018673 -0.09894377
0.34824669 0.22245207 0.91062629 -1.90660965
-0.53928751 -0.74703526 0.38872698 1.53856182
0.00000000 0.00000000 0.00000000 1.00000000
288 8.915793 1.008875
0.71918511 -0.01408082 0.69467580 -0.39304781
-0.07974204 0.99151576 0.10265329 -0.08014779
-0.69022727 -0.12922171 0.71196067 1.37113452
0.00000000 0.00000000 0.00000000 1.00000000
290 18.705830 0.274932
0.90862608 -0.29853874 0.29201648 -1.08601177
0.37698311 0.88720894 -0.26597980 -0.51144272
-0.17967439 0.35176116 0.91868484 1.33765674
0.00000000 0.00000000 0.00000000 1.00000000
291 26.422263 0.462454
0.86185217 -0.43394828 0.26248938 -1.20428014
0.39489439 0.89895612 0.18956968 -1.26229727
-0.31823015 -0.05972600 0.94613099 1.56477165
0.00000000 0.00000000 0.00000000 1.00000000
293 20.984370 0.440204
0.60284734 -0.57412982 0.55403048 0.16617715
0.55287999 0.80125368 0.22872613 -1.35096622
-0.57523739 0.16842511 0.80045915 1.72861981
0.00000000 0.00000000 0.00000000 1.00000000
296 37.778717 0.715885
0.13752541 -0.30759606 0.94152653 -0.90661800
0.61108327 0.77444369 0.16375130 -0.85496628
-0.77952856 0.55283052 0.29447252 1.60914516
0.00000000 0.00000000 0.00000000 1.00000000
299 25.757741 0.668283
0.84821546 0.42274779 -0.31908292 -1.06560946
-0.52054453 0.77660000 -0.35485727 0.54784739
0.09778431 0.46709266 0.87878466 0.49583662
0.00000000 0.00000000 0.00000000 1.00000000
303 95.776293 3.153813
0.83372855 -0.38120008 0.39947990 -1.27124596
0.29450929 -0.30498222 -0.90567726 1.37095261
0.46707886 0.87273842 -0.14200610 3.38099194
0.00000000 0.00000000 0.00000000 1.00000000
304 176.921457 1.902492
-0.93860316 -0.29619655 0.17689154 -0.46777838
0.06016733 -0.64541304 -0.76146019 -0.08381182
0.33971021 -0.70406651 0.62360811 1.47566485
0.00000000 0.00000000 0.00000000 1.00000000
309 169.217120 3.135606
0.74459970 0.28367668 0.60423386 -0.60476470
-0.14689693 -0.81337583 0.56288677 -2.10740805
0.65114701 -0.50788534 -0.56396824 3.75916457
0.00000000 0.00000000 0.00000000 1.00000000
310 19.136704 1.155680
0.69374883 0.16805685 0.70033544 -0.63396138
-0.19964109 0.97916245 -0.03720260 0.09009746
-0.69199455 -0.11400610 0.71284389 1.08873045
0.00000000 0.00000000 0.00000000 1.00000000
313 17.235459 0.088466
0.80874622 -0.42024198 0.41149139 -1.01251876
0.44436362 0.89492548 0.04060286 -0.82339978
-0.38531664 0.15001480 0.91050810 1.43131888
0.00000000 0.00000000 0.00000000 1.00000000
314 58.679967 1.273559
0.43567303 -0.89521027 0.09373453 -0.17959006
0.89312065 0.44288957 0.07863155 -0.65449983
-0.11190590 0.04945779 0.99248648 1.49317873
0.00000000 0.00000000 0.00000000 1.00000000
315 176.878922 3.634264
-0.85921395 0.29267314 -0.41963369 1.72604275
-0.33197731 -0.94303000 0.02201943 -1.57782447
-0.38928255 0.15822856 0.90742648 1.25904858
0.00000000 0.00000000 0.00000000 1.00000000
317 71.588828 0.732608
0.43255830 -0.89545709 0.10511845 0.22872303
0.83343673 0.35265398 -0.42546129 -0.40076828
0.34391236 0.27164680 0.89885056 2.12797189
0.00000000 0.00000000 0.00000000 1.00000000
318 121.888705 1.604695
-0.59609193 0.73293823 0.32783437 0.52765185
-0.59504026 -0.12912714 -0.79325485 0.33598834
-0.53907502 -0.66792774 0.51309949 1.64194417
0.00000000 0.00000000 0.00000000 1.00000000
324 168.338517 3.375081
-0.89031577 -0.21681437 -0.40041393 1.84280694
-0.23515543 -0.53409570 0.81206375 -0.52689588
-0.38992551 0.81715029 0.42452812 1.33147907
0.00000000 0.00000000 0.00000000 1.00000000
325 170.412982 4.753632
-0.49126014 0.46049047 -0.73933172 1.57008004
0.38369012 -0.64761412 -0.65831339 0.29692996
-0.78194928 -0.60707802 0.14146154 4.30740452
0.00000000 0.00000000 0.00000000 1.00000000
326 178.932288 3.772188
-0.78406352 0.20011005 -0.58753610 0.73498964
0.54788995 0.66794014 -0.50366038 -0.39278096
0.29165065 -0.71680743 -0.63334620 3.36845922
0.00000000 0.00000000 0.00000000 1.00000000
328 171.873219 3.675424
-0.43402660 -0.68657732 -0.58329427 1.90658188
0.10520017 0.60440266 -0.78970242 1.21999574
0.89473665 -0.40411454 -0.19009902 1.99884665
0.00000000 0.00000000 0.00000000 1.00000000
332 16.220241 0.919834
0.95911670 0.27132091 0.08049211 -0.96596658
-0.15700793 0.74675709 -0.64629883 0.16424274
-0.23546225 0.60723835 0.75882703 1.32352078
0.00000000 0.00000000 0.00000000 1.00000000
333 166.207317 3.731133
-0.48427430 0.85957175 -0.16314143 1.05804968
0.86795765 0.44852534 -0.21324977 -1.01334047
-0.11012992 -0.24487096 -0.96328098 4.39420414
0.00000000 0.00000000 0.00000000 1.00000000
334 4.415259 0.326296
0.75048846 -0.14201754 0.64544386 0.21034491
0.11398023 0.98981762 0.08526036 -0.07514341
-0.65098059 0.00958064 0.75903392 0.63320345
0.00000000 0.00000000 0.00000000 1.00000000
