5 92.414828 2.443321
0.01315704 -0.95757383 -0.28788510 1.14404535
0.50315982 0.25514221 -0.82566905 1.68820310
0.86409223 -0.13398938 0.48517105 1.11576927
0.00000000 0.00000000 0.00000000 1.00000000
6 91.422772 2.783870
-0.23864390 -0.76087964 -0.60341549 1.07079422
0.28530452 0.53901291 -0.79250515 1.46630609
0.92825061 -0.36128455 0.08845139 1.55568087
0.00000000 0.00000000 0.00000000 1.00000000
7 175.322363 4.074278
0.05904404 -0.83783561 -0.54272020 1.51174068
-0.63711613 -0.45016921 0.62564433 -1.52806962
-0.76850313 0.30883515 -0.56037831 3.37855244
0.00000000 0.00000000 0.00000000 1.00000000
10 12.983640 2.142864
0.91116816 -0.27356204 -0.30811891 0.83445185
0.29856762 0.95370275 0.03618200 -0.76936698
0.28395596 -0.12496226 0.95066005 0.75542545
0.00000000 0.00000000 0.00000000 1.00000000
11 177.683576 3.151162
0.52745610 -0.40773535 0.74534589 -1.27913439
-0.41911715 -0.88800389 -0.18918076 -0.08955643
0.73900628 -0.21260336 -0.63927209 3.13390541
0.00000000 0.00000000 0.00000000 1.00000000
13 100.324252 1.703158
-0.39136732 -0.71741462 0.57632267 0.15556878
0.87438297 -0.09468347 0.47590977 -0.85001564
-0.28685623 0.69018257 0.66435051 0.65950257
0.00000000 0.00000000 0.00000000 1.00000000
17 89.389076 0.973048
-0.13554111 -0.97058529 -0.19897805 -0.24059668
0.98875540 -0.11970372 -0.08963221 -0.49796477
0.06317727 -0.20888971 0.97589648 -0.56798482
0.00000000 0.00000000 0.00000000 1.00000000
20 94.026933 0.559491
0.91614074 0.05450851 -0.39713341 0.56915331
-0.07676733 0.99623215 -0.04035506 -0.51932395
0.39343745 0.06745791 0.91687328 0.86826116
0.00000000 0.00000000 0.00000000 1.00000000
22 130.249447 2.484870
-0.78727555 0.60083687 0.13853952 0.24498492
-0.24391294 -0.09710924 -0.96492350 2.32050562
-0.56630880 -0.79345173 0.22300377 0.54680467
0.00000000 0.00000000 0.00000000 1.00000000
26 89.974803 1.378548
-0.00712258 -0.96696758 -0.25480047 0.95401120
0.94949967 -0.08647177 0.30161840 -1.04864037
-0.31368801 -0.23978461 0.91875106 -0.47367144
0.00000000 0.00000000 0.00000000 1.00000000
